7 8 9 10 11 12 13 7 14 21 28 35 42 49 7
14 15 16 17 18 19 20 14 21 28 35 42 49 7 14
21 22 23 24 25 26 27 21 28 35 42 49 7 14 21
28 29 30 31 32 33 34 28 35 42 49 7 14 21 28
35 36 37 38 39 40 41 35 42 49 7 14 21 28 35
42 43 44 45 46 47 48 42 49 7 14 21 28 35 42
49 50 51 52 53 54 55 49 7 14 21 28 35 42 49
0 1 2 3 4 5 6 0 15 22 29 36 43 50 0
15 16 17 18 19 20 14 15 22 29 36 43 50 0 15
22 23 24 25 26 27 21 22 29 36 43 50 0 15 22
29 30 31 32 33 34 28 29 36 43 50 0 15 22 29
36 37 38 39 40 41 35 36 43 50 0 15 22 29 36
43 44 45 46 47 48 42 43 50 0 15 22 29 36 43
50 51 52 53 54 55 49 50 0 15 22 29 36 43 50
1 2 3 4 5 6 0 1 8 23 30 37 44 51 1
8 9 10 11 12 13 7 8 23 30 37 44 51 1 8
23 24 25 26 27 21 22 23 30 37 44 51 1 8 23
30 31 32 33 34 28 29 30 37 44 51 1 8 23 30
37 38 39 40 41 35 36 37 44 51 1 8 23 30 37
44 45 46 47 48 42 43 44 51 1 8 23 30 37 44
51 52 53 54 55 49 50 51 1 8 23 30 37 44 51
2 3 4 5 6 0 1 2 9 16 31 38 45 52 2
9 10 11 12 13 7 8 9 16 31 38 45 52 2 9
16 17 18 19 20 14 15 16 31 38 45 52 2 9 16
31 32 33 34 28 29 30 31 38 45 52 2 9 16 31
38 39 40 41 35 36 37 38 45 52 2 9 16 31 38
45 46 47 48 42 43 44 45 52 2 9 16 31 38 45
52 53 54 55 49 50 51 52 2 9 16 31 38 45 52
3 4 5 6 0 1 2 3 10 17 24 39 46 53 3
10 11 12 13 7 8 9 10 17 24 39 46 53 3 10
17 18 19 20 14 15 16 17 24 39 46 53 3 10 17
24 25 26 27 21 22 23 24 39 46 53 3 10 17 24
39 40 41 35 36 37 38 39 46 53 3 10 17 24 39
46 47 48 42 43 44 45 46 53 3 10 17 24 39 46
53 54 55 49 50 51 52 53 3 10 17 24 39 46 53
4 5 6 0 1 2 3 4 11 18 25 32 47 54 4
11 12 13 7 8 9 10 11 18 25 32 47 54 4 11
18 19 20 14 15 16 17 18 25 32 47 54 4 11 18
25 26 27 21 22 23 24 25 32 47 54 4 11 18 25
32 33 34 28 29 30 31 32 47 54 4 11 18 25 32
47 48 42 43 44 45 46 47 54 4 11 18 25 32 47
54 55 49 50 51 52 53 54 4 11 18 25 32 47 54
5 6 0 1 2 3 4 5 12 19 26 33 40 55 5
12 13 7 8 9 10 11 12 19 26 33 40 55 5 12
19 20 14 15 16 17 18 19 26 33 40 55 5 12 19
26 27 21 22 23 24 25 26 33 40 55 5 12 19 26
33 34 28 29 30 31 32 33 40 55 5 12 19 26 33
40 41 35 36 37 38 39 40 55 5 12 19 26 33 40
55 49 50 51 52 53 54 55 5 12 19 26 33 40 55
6 0 1 2 3 4 5 6 13 20 27 34 41 48 6
13 7 8 9 10 11 12 13 20 27 34 41 48 6 13
20 14 15 16 17 18 19 20 27 34 41 48 6 13 20
27 21 22 23 24 25 26 27 34 41 48 6 13 20 27
34 28 29 30 31 32 33 34 41 48 6 13 20 27 34
41 35 36 37 38 39 40 41 48 6 13 20 27 34 41
48 42 43 44 45 46 47 48 6 13 20 27 34 41 48
