13 14 15 16 17 18 19 20 21 22 23 24 25 13 26 39 52 65 78 91 104 117 130 143 156 169 13
26 27 28 29 30 31 32 33 34 35 36 37 38 26 39 52 65 78 91 104 117 130 143 156 169 13 26
39 40 41 42 43 44 45 46 47 48 49 50 51 39 52 65 78 91 104 117 130 143 156 169 13 26 39
52 53 54 55 56 57 58 59 60 61 62 63 64 52 65 78 91 104 117 130 143 156 169 13 26 39 52
65 66 67 68 69 70 71 72 73 74 75 76 77 65 78 91 104 117 130 143 156 169 13 26 39 52 65
78 79 80 81 82 83 84 85 86 87 88 89 90 78 91 104 117 130 143 156 169 13 26 39 52 65 78
91 92 93 94 95 96 97 98 99 100 101 102 103 91 104 117 130 143 156 169 13 26 39 52 65 78 91
104 105 106 107 108 109 110 111 112 113 114 115 116 104 117 130 143 156 169 13 26 39 52 65 78 91 104
117 118 119 120 121 122 123 124 125 126 127 128 129 117 130 143 156 169 13 26 39 52 65 78 91 104 117
130 131 132 133 134 135 136 137 138 139 140 141 142 130 143 156 169 13 26 39 52 65 78 91 104 117 130
143 144 145 146 147 148 149 150 151 152 153 154 155 143 156 169 13 26 39 52 65 78 91 104 117 130 143
156 157 158 159 160 161 162 163 164 165 166 167 168 156 169 13 26 39 52 65 78 91 104 117 130 143 156
169 170 171 172 173 174 175 176 177 178 179 180 181 169 13 26 39 52 65 78 91 104 117 130 143 156 169
0 1 2 3 4 5 6 7 8 9 10 11 12 0 27 40 53 66 79 92 105 118 131 144 157 170 0
27 28 29 30 31 32 33 34 35 36 37 38 26 27 40 53 66 79 92 105 118 131 144 157 170 0 27
40 41 42 43 44 45 46 47 48 49 50 51 39 40 53 66 79 92 105 118 131 144 157 170 0 27 40
53 54 55 56 57 58 59 60 61 62 63 64 52 53 66 79 92 105 118 131 144 157 170 0 27 40 53
66 67 68 69 70 71 72 73 74 75 76 77 65 66 79 92 105 118 131 144 157 170 0 27 40 53 66
79 80 81 82 83 84 85 86 87 88 89 90 78 79 92 105 118 131 144 157 170 0 27 40 53 66 79
92 93 94 95 96 97 98 99 100 101 102 103 91 92 105 118 131 144 157 170 0 27 40 53 66 79 92
105 106 107 108 109 110 111 112 113 114 115 116 104 105 118 131 144 157 170 0 27 40 53 66 79 92 105
118 119 120 121 122 123 124 125 126 127 128 129 117 118 131 144 157 170 0 27 40 53 66 79 92 105 118
131 132 133 134 135 136 137 138 139 140 141 142 130 131 144 157 170 0 27 40 53 66 79 92 105 118 131
144 145 146 147 148 149 150 151 152 153 154 155 143 144 157 170 0 27 40 53 66 79 92 105 118 131 144
157 158 159 160 161 162 163 164 165 166 167 168 156 157 170 0 27 40 53 66 79 92 105 118 131 144 157
170 171 172 173 174 175 176 177 178 179 180 181 169 170 0 27 40 53 66 79 92 105 118 131 144 157 170
1 2 3 4 5 6 7 8 9 10 11 12 0 1 14 41 54 67 80 93 106 119 132 145 158 171 1
14 15 16 17 18 19 20 21 22 23 24 25 13 14 41 54 67 80 93 106 119 132 145 158 171 1 14
41 42 43 44 45 46 47 48 49 50 51 39 40 41 54 67 80 93 106 119 132 145 158 171 1 14 41
54 55 56 57 58 59 60 61 62 63 64 52 53 54 67 80 93 106 119 132 145 158 171 1 14 41 54
67 68 69 70 71 72 73 74 75 76 77 65 66 67 80 93 106 119 132 145 158 171 1 14 41 54 67
80 81 82 83 84 85 86 87 88 89 90 78 79 80 93 106 119 132 145 158 171 1 14 41 54 67 80
93 94 95 96 97 98 99 100 101 102 103 91 92 93 106 119 132 145 158 171 1 14 41 54 67 80 93
106 107 108 109 110 111 112 113 114 115 116 104 105 106 119 132 145 158 171 1 14 41 54 67 80 93 106
119 120 121 122 123 124 125 126 127 128 129 117 118 119 132 145 158 171 1 14 41 54 67 80 93 106 119
132 133 134 135 136 137 138 139 140 141 142 130 131 132 145 158 171 1 14 41 54 67 80 93 106 119 132
145 146 147 148 149 150 151 152 153 154 155 143 144 145 158 171 1 14 41 54 67 80 93 106 119 132 145
158 159 160 161 162 163 164 165 166 167 168 156 157 158 171 1 14 41 54 67 80 93 106 119 132 145 158
171 172 173 174 175 176 177 178 179 180 181 169 170 171 1 14 41 54 67 80 93 106 119 132 145 158 171
2 3 4 5 6 7 8 9 10 11 12 0 1 2 15 28 55 68 81 94 107 120 133 146 159 172 2
15 16 17 18 19 20 21 22 23 24 25 13 14 15 28 55 68 81 94 107 120 133 146 159 172 2 15
28 29 30 31 32 33 34 35 36 37 38 26 27 28 55 68 81 94 107 120 133 146 159 172 2 15 28
55 56 57 58 59 60 61 62 63 64 52 53 54 55 68 81 94 107 120 133 146 159 172 2 15 28 55
68 69 70 71 72 73 74 75 76 77 65 66 67 68 81 94 107 120 133 146 159 172 2 15 28 55 68
81 82 83 84 85 86 87 88 89 90 78 79 80 81 94 107 120 133 146 159 172 2 15 28 55 68 81
94 95 96 97 98 99 100 101 102 103 91 92 93 94 107 120 133 146 159 172 2 15 28 55 68 81 94
107 108 109 110 111 112 113 114 115 116 104 105 106 107 120 133 146 159 172 2 15 28 55 68 81 94 107
120 121 122 123 124 125 126 127 128 129 117 118 119 120 133 146 159 172 2 15 28 55 68 81 94 107 120
133 134 135 136 137 138 139 140 141 142 130 131 132 133 146 159 172 2 15 28 55 68 81 94 107 120 133
146 147 148 149 150 151 152 153 154 155 143 144 145 146 159 172 2 15 28 55 68 81 94 107 120 133 146
159 160 161 162 163 164 165 166 167 168 156 157 158 159 172 2 15 28 55 68 81 94 107 120 133 146 159
172 173 174 175 176 177 178 179 180 181 169 170 171 172 2 15 28 55 68 81 94 107 120 133 146 159 172
3 4 5 6 7 8 9 10 11 12 0 1 2 3 16 29 42 69 82 95 108 121 134 147 160 173 3
16 17 18 19 20 21 22 23 24 25 13 14 15 16 29 42 69 82 95 108 121 134 147 160 173 3 16
29 30 31 32 33 34 35 36 37 38 26 27 28 29 42 69 82 95 108 121 134 147 160 173 3 16 29
42 43 44 45 46 47 48 49 50 51 39 40 41 42 69 82 95 108 121 134 147 160 173 3 16 29 42
69 70 71 72 73 74 75 76 77 65 66 67 68 69 82 95 108 121 134 147 160 173 3 16 29 42 69
82 83 84 85 86 87 88 89 90 78 79 80 81 82 95 108 121 134 147 160 173 3 16 29 42 69 82
95 96 97 98 99 100 101 102 103 91 92 93 94 95 108 121 134 147 160 173 3 16 29 42 69 82 95
108 109 110 111 112 113 114 115 116 104 105 106 107 108 121 134 147 160 173 3 16 29 42 69 82 95 108
121 122 123 124 125 126 127 128 129 117 118 119 120 121 134 147 160 173 3 16 29 42 69 82 95 108 121
134 135 136 137 138 139 140 141 142 130 131 132 133 134 147 160 173 3 16 29 42 69 82 95 108 121 134
147 148 149 150 151 152 153 154 155 143 144 145 146 147 160 173 3 16 29 42 69 82 95 108 121 134 147
160 161 162 163 164 165 166 167 168 156 157 158 159 160 173 3 16 29 42 69 82 95 108 121 134 147 160
173 174 175 176 177 178 179 180 181 169 170 171 172 173 3 16 29 42 69 82 95 108 121 134 147 160 173
4 5 6 7 8 9 10 11 12 0 1 2 3 4 17 30 43 56 83 96 109 122 135 148 161 174 4
17 18 19 20 21 22 23 24 25 13 14 15 16 17 30 43 56 83 96 109 122 135 148 161 174 4 17
30 31 32 33 34 35 36 37 38 26 27 28 29 30 43 56 83 96 109 122 135 148 161 174 4 17 30
43 44 45 46 47 48 49 50 51 39 40 41 42 43 56 83 96 109 122 135 148 161 174 4 17 30 43
56 57 58 59 60 61 62 63 64 52 53 54 55 56 83 96 109 122 135 148 161 174 4 17 30 43 56
83 84 85 86 87 88 89 90 78 79 80 81 82 83 96 109 122 135 148 161 174 4 17 30 43 56 83
96 97 98 99 100 101 102 103 91 92 93 94 95 96 109 122 135 148 161 174 4 17 30 43 56 83 96
109 110 111 112 113 114 115 116 104 105 106 107 108 109 122 135 148 161 174 4 17 30 43 56 83 96 109
122 123 124 125 126 127 128 129 117 118 119 120 121 122 135 148 161 174 4 17 30 43 56 83 96 109 122
135 136 137 138 139 140 141 142 130 131 132 133 134 135 148 161 174 4 17 30 43 56 83 96 109 122 135
148 149 150 151 152 153 154 155 143 144 145 146 147 148 161 174 4 17 30 43 56 83 96 109 122 135 148
161 162 163 164 165 166 167 168 156 157 158 159 160 161 174 4 17 30 43 56 83 96 109 122 135 148 161
174 175 176 177 178 179 180 181 169 170 171 172 173 174 4 17 30 43 56 83 96 109 122 135 148 161 174
5 6 7 8 9 10 11 12 0 1 2 3 4 5 18 31 44 57 70 97 110 123 136 149 162 175 5
18 19 20 21 22 23 24 25 13 14 15 16 17 18 31 44 57 70 97 110 123 136 149 162 175 5 18
31 32 33 34 35 36 37 38 26 27 28 29 30 31 44 57 70 97 110 123 136 149 162 175 5 18 31
44 45 46 47 48 49 50 51 39 40 41 42 43 44 57 70 97 110 123 136 149 162 175 5 18 31 44
57 58 59 60 61 62 63 64 52 53 54 55 56 57 70 97 110 123 136 149 162 175 5 18 31 44 57
70 71 72 73 74 75 76 77 65 66 67 68 69 70 97 110 123 136 149 162 175 5 18 31 44 57 70
97 98 99 100 101 102 103 91 92 93 94 95 96 97 110 123 136 149 162 175 5 18 31 44 57 70 97
110 111 112 113 114 115 116 104 105 106 107 108 109 110 123 136 149 162 175 5 18 31 44 57 70 97 110
123 124 125 126 127 128 129 117 118 119 120 121 122 123 136 149 162 175 5 18 31 44 57 70 97 110 123
136 137 138 139 140 141 142 130 131 132 133 134 135 136 149 162 175 5 18 31 44 57 70 97 110 123 136
149 150 151 152 153 154 155 143 144 145 146 147 148 149 162 175 5 18 31 44 57 70 97 110 123 136 149
162 163 164 165 166 167 168 156 157 158 159 160 161 162 175 5 18 31 44 57 70 97 110 123 136 149 162
175 176 177 178 179 180 181 169 170 171 172 173 174 175 5 18 31 44 57 70 97 110 123 136 149 162 175
6 7 8 9 10 11 12 0 1 2 3 4 5 6 19 32 45 58 71 84 111 124 137 150 163 176 6
19 20 21 22 23 24 25 13 14 15 16 17 18 19 32 45 58 71 84 111 124 137 150 163 176 6 19
32 33 34 35 36 37 38 26 27 28 29 30 31 32 45 58 71 84 111 124 137 150 163 176 6 19 32
45 46 47 48 49 50 51 39 40 41 42 43 44 45 58 71 84 111 124 137 150 163 176 6 19 32 45
58 59 60 61 62 63 64 52 53 54 55 56 57 58 71 84 111 124 137 150 163 176 6 19 32 45 58
71 72 73 74 75 76 77 65 66 67 68 69 70 71 84 111 124 137 150 163 176 6 19 32 45 58 71
84 85 86 87 88 89 90 78 79 80 81 82 83 84 111 124 137 150 163 176 6 19 32 45 58 71 84
111 112 113 114 115 116 104 105 106 107 108 109 110 111 124 137 150 163 176 6 19 32 45 58 71 84 111
124 125 126 127 128 129 117 118 119 120 121 122 123 124 137 150 163 176 6 19 32 45 58 71 84 111 124
137 138 139 140 141 142 130 131 132 133 134 135 136 137 150 163 176 6 19 32 45 58 71 84 111 124 137
150 151 152 153 154 155 143 144 145 146 147 148 149 150 163 176 6 19 32 45 58 71 84 111 124 137 150
163 164 165 166 167 168 156 157 158 159 160 161 162 163 176 6 19 32 45 58 71 84 111 124 137 150 163
176 177 178 179 180 181 169 170 171 172 173 174 175 176 6 19 32 45 58 71 84 111 124 137 150 163 176
7 8 9 10 11 12 0 1 2 3 4 5 6 7 20 33 46 59 72 85 98 125 138 151 164 177 7
20 21 22 23 24 25 13 14 15 16 17 18 19 20 33 46 59 72 85 98 125 138 151 164 177 7 20
33 34 35 36 37 38 26 27 28 29 30 31 32 33 46 59 72 85 98 125 138 151 164 177 7 20 33
46 47 48 49 50 51 39 40 41 42 43 44 45 46 59 72 85 98 125 138 151 164 177 7 20 33 46
59 60 61 62 63 64 52 53 54 55 56 57 58 59 72 85 98 125 138 151 164 177 7 20 33 46 59
72 73 74 75 76 77 65 66 67 68 69 70 71 72 85 98 125 138 151 164 177 7 20 33 46 59 72
85 86 87 88 89 90 78 79 80 81 82 83 84 85 98 125 138 151 164 177 7 20 33 46 59 72 85
98 99 100 101 102 103 91 92 93 94 95 96 97 98 125 138 151 164 177 7 20 33 46 59 72 85 98
125 126 127 128 129 117 118 119 120 121 122 123 124 125 138 151 164 177 7 20 33 46 59 72 85 98 125
138 139 140 141 142 130 131 132 133 134 135 136 137 138 151 164 177 7 20 33 46 59 72 85 98 125 138
151 152 153 154 155 143 144 145 146 147 148 149 150 151 164 177 7 20 33 46 59 72 85 98 125 138 151
164 165 166 167 168 156 157 158 159 160 161 162 163 164 177 7 20 33 46 59 72 85 98 125 138 151 164
177 178 179 180 181 169 170 171 172 173 174 175 176 177 7 20 33 46 59 72 85 98 125 138 151 164 177
8 9 10 11 12 0 1 2 3 4 5 6 7 8 21 34 47 60 73 86 99 112 139 152 165 178 8
21 22 23 24 25 13 14 15 16 17 18 19 20 21 34 47 60 73 86 99 112 139 152 165 178 8 21
34 35 36 37 38 26 27 28 29 30 31 32 33 34 47 60 73 86 99 112 139 152 165 178 8 21 34
47 48 49 50 51 39 40 41 42 43 44 45 46 47 60 73 86 99 112 139 152 165 178 8 21 34 47
60 61 62 63 64 52 53 54 55 56 57 58 59 60 73 86 99 112 139 152 165 178 8 21 34 47 60
73 74 75 76 77 65 66 67 68 69 70 71 72 73 86 99 112 139 152 165 178 8 21 34 47 60 73
86 87 88 89 90 78 79 80 81 82 83 84 85 86 99 112 139 152 165 178 8 21 34 47 60 73 86
99 100 101 102 103 91 92 93 94 95 96 97 98 99 112 139 152 165 178 8 21 34 47 60 73 86 99
112 113 114 115 116 104 105 106 107 108 109 110 111 112 139 152 165 178 8 21 34 47 60 73 86 99 112
139 140 141 142 130 131 132 133 134 135 136 137 138 139 152 165 178 8 21 34 47 60 73 86 99 112 139
152 153 154 155 143 144 145 146 147 148 149 150 151 152 165 178 8 21 34 47 60 73 86 99 112 139 152
165 166 167 168 156 157 158 159 160 161 162 163 164 165 178 8 21 34 47 60 73 86 99 112 139 152 165
178 179 180 181 169 170 171 172 173 174 175 176 177 178 8 21 34 47 60 73 86 99 112 139 152 165 178
9 10 11 12 0 1 2 3 4 5 6 7 8 9 22 35 48 61 74 87 100 113 126 153 166 179 9
22 23 24 25 13 14 15 16 17 18 19 20 21 22 35 48 61 74 87 100 113 126 153 166 179 9 22
35 36 37 38 26 27 28 29 30 31 32 33 34 35 48 61 74 87 100 113 126 153 166 179 9 22 35
48 49 50 51 39 40 41 42 43 44 45 46 47 48 61 74 87 100 113 126 153 166 179 9 22 35 48
61 62 63 64 52 53 54 55 56 57 58 59 60 61 74 87 100 113 126 153 166 179 9 22 35 48 61
74 75 76 77 65 66 67 68 69 70 71 72 73 74 87 100 113 126 153 166 179 9 22 35 48 61 74
87 88 89 90 78 79 80 81 82 83 84 85 86 87 100 113 126 153 166 179 9 22 35 48 61 74 87
100 101 102 103 91 92 93 94 95 96 97 98 99 100 113 126 153 166 179 9 22 35 48 61 74 87 100
113 114 115 116 104 105 106 107 108 109 110 111 112 113 126 153 166 179 9 22 35 48 61 74 87 100 113
126 127 128 129 117 118 119 120 121 122 123 124 125 126 153 166 179 9 22 35 48 61 74 87 100 113 126
153 154 155 143 144 145 146 147 148 149 150 151 152 153 166 179 9 22 35 48 61 74 87 100 113 126 153
166 167 168 156 157 158 159 160 161 162 163 164 165 166 179 9 22 35 48 61 74 87 100 113 126 153 166
179 180 181 169 170 171 172 173 174 175 176 177 178 179 9 22 35 48 61 74 87 100 113 126 153 166 179
10 11 12 0 1 2 3 4 5 6 7 8 9 10 23 36 49 62 75 88 101 114 127 140 167 180 10
23 24 25 13 14 15 16 17 18 19 20 21 22 23 36 49 62 75 88 101 114 127 140 167 180 10 23
36 37 38 26 27 28 29 30 31 32 33 34 35 36 49 62 75 88 101 114 127 140 167 180 10 23 36
49 50 51 39 40 41 42 43 44 45 46 47 48 49 62 75 88 101 114 127 140 167 180 10 23 36 49
62 63 64 52 53 54 55 56 57 58 59 60 61 62 75 88 101 114 127 140 167 180 10 23 36 49 62
75 76 77 65 66 67 68 69 70 71 72 73 74 75 88 101 114 127 140 167 180 10 23 36 49 62 75
88 89 90 78 79 80 81 82 83 84 85 86 87 88 101 114 127 140 167 180 10 23 36 49 62 75 88
101 102 103 91 92 93 94 95 96 97 98 99 100 101 114 127 140 167 180 10 23 36 49 62 75 88 101
114 115 116 104 105 106 107 108 109 110 111 112 113 114 127 140 167 180 10 23 36 49 62 75 88 101 114
127 128 129 117 118 119 120 121 122 123 124 125 126 127 140 167 180 10 23 36 49 62 75 88 101 114 127
140 141 142 130 131 132 133 134 135 136 137 138 139 140 167 180 10 23 36 49 62 75 88 101 114 127 140
167 168 156 157 158 159 160 161 162 163 164 165 166 167 180 10 23 36 49 62 75 88 101 114 127 140 167
180 181 169 170 171 172 173 174 175 176 177 178 179 180 10 23 36 49 62 75 88 101 114 127 140 167 180
11 12 0 1 2 3 4 5 6 7 8 9 10 11 24 37 50 63 76 89 102 115 128 141 154 181 11
24 25 13 14 15 16 17 18 19 20 21 22 23 24 37 50 63 76 89 102 115 128 141 154 181 11 24
37 38 26 27 28 29 30 31 32 33 34 35 36 37 50 63 76 89 102 115 128 141 154 181 11 24 37
50 51 39 40 41 42 43 44 45 46 47 48 49 50 63 76 89 102 115 128 141 154 181 11 24 37 50
63 64 52 53 54 55 56 57 58 59 60 61 62 63 76 89 102 115 128 141 154 181 11 24 37 50 63
76 77 65 66 67 68 69 70 71 72 73 74 75 76 89 102 115 128 141 154 181 11 24 37 50 63 76
89 90 78 79 80 81 82 83 84 85 86 87 88 89 102 115 128 141 154 181 11 24 37 50 63 76 89
102 103 91 92 93 94 95 96 97 98 99 100 101 102 115 128 141 154 181 11 24 37 50 63 76 89 102
115 116 104 105 106 107 108 109 110 111 112 113 114 115 128 141 154 181 11 24 37 50 63 76 89 102 115
128 129 117 118 119 120 121 122 123 124 125 126 127 128 141 154 181 11 24 37 50 63 76 89 102 115 128
141 142 130 131 132 133 134 135 136 137 138 139 140 141 154 181 11 24 37 50 63 76 89 102 115 128 141
154 155 143 144 145 146 147 148 149 150 151 152 153 154 181 11 24 37 50 63 76 89 102 115 128 141 154
181 169 170 171 172 173 174 175 176 177 178 179 180 181 11 24 37 50 63 76 89 102 115 128 141 154 181
12 0 1 2 3 4 5 6 7 8 9 10 11 12 25 38 51 64 77 90 103 116 129 142 155 168 12
25 13 14 15 16 17 18 19 20 21 22 23 24 25 38 51 64 77 90 103 116 129 142 155 168 12 25
38 26 27 28 29 30 31 32 33 34 35 36 37 38 51 64 77 90 103 116 129 142 155 168 12 25 38
51 39 40 41 42 43 44 45 46 47 48 49 50 51 64 77 90 103 116 129 142 155 168 12 25 38 51
64 52 53 54 55 56 57 58 59 60 61 62 63 64 77 90 103 116 129 142 155 168 12 25 38 51 64
77 65 66 67 68 69 70 71 72 73 74 75 76 77 90 103 116 129 142 155 168 12 25 38 51 64 77
90 78 79 80 81 82 83 84 85 86 87 88 89 90 103 116 129 142 155 168 12 25 38 51 64 77 90
103 91 92 93 94 95 96 97 98 99 100 101 102 103 116 129 142 155 168 12 25 38 51 64 77 90 103
116 104 105 106 107 108 109 110 111 112 113 114 115 116 129 142 155 168 12 25 38 51 64 77 90 103 116
129 117 118 119 120 121 122 123 124 125 126 127 128 129 142 155 168 12 25 38 51 64 77 90 103 116 129
142 130 131 132 133 134 135 136 137 138 139 140 141 142 155 168 12 25 38 51 64 77 90 103 116 129 142
155 143 144 145 146 147 148 149 150 151 152 153 154 155 168 12 25 38 51 64 77 90 103 116 129 142 155
168 156 157 158 159 160 161 162 163 164 165 166 167 168 12 25 38 51 64 77 90 103 116 129 142 155 168
