5,5,0,5	6,25,0,25	7,20,0,20	8,15,0,15	9,10,0,10	6,25,5,4	7,20,5,3	8,15,5,2	9,10,5,1	5,5,25,26	6,25,25,24	7,20,25,29	8,15,25,28	9,10,25,27	5,5,20,21	6,25,20,19	7,20,20,18	8,15,20,23	9,10,20,22	5,5,15,16	6,25,15,14	7,20,15,13	8,15,15,12	9,10,15,17	5,5,10,11	6,25,10,9	7,20,10,8	8,15,10,7	9,10,10,6	
10,10,1,10	11,5,1,5	12,25,1,25	13,20,1,20	14,15,1,15	11,5,10,0	12,25,10,4	13,20,10,3	14,15,10,2	10,10,5,27	11,5,5,26	12,25,5,24	13,20,5,29	14,15,5,28	10,10,25,22	11,5,25,21	12,25,25,19	13,20,25,18	14,15,25,23	10,10,20,17	11,5,20,16	12,25,20,14	13,20,20,13	14,15,20,12	10,10,15,6	11,5,15,11	12,25,15,9	13,20,15,8	14,15,15,7	
15,15,2,15	16,10,2,10	17,5,2,5	18,25,2,25	19,20,2,20	16,10,15,1	17,5,15,0	18,25,15,4	19,20,15,3	15,15,10,28	16,10,10,27	17,5,10,26	18,25,10,24	19,20,10,29	15,15,5,23	16,10,5,22	17,5,5,21	18,25,5,19	19,20,5,18	15,15,25,12	16,10,25,17	17,5,25,16	18,25,25,14	19,20,25,13	15,15,20,7	16,10,20,6	17,5,20,11	18,25,20,9	19,20,20,8	
20,20,3,20	21,15,3,15	22,10,3,10	23,5,3,5	24,25,3,25	21,15,20,2	22,10,20,1	23,5,20,0	24,25,20,4	20,20,15,29	21,15,15,28	22,10,15,27	23,5,15,26	24,25,15,24	20,20,10,18	21,15,10,23	22,10,10,22	23,5,10,21	24,25,10,19	20,20,5,13	21,15,5,12	22,10,5,17	23,5,5,16	24,25,5,14	20,20,25,8	21,15,25,7	22,10,25,6	23,5,25,11	24,25,25,9	
25,25,4,25	26,20,4,20	27,15,4,15	28,10,4,10	29,5,4,5	26,20,25,3	27,15,25,2	28,10,25,1	29,5,25,0	25,25,20,24	26,20,20,29	27,15,20,28	28,10,20,27	29,5,20,26	25,25,15,19	26,20,15,18	27,15,15,23	28,10,15,22	29,5,15,21	25,25,10,14	26,20,10,13	27,15,10,12	28,10,10,17	29,5,10,16	25,25,5,9	26,20,5,8	27,15,5,7	28,10,5,6	29,5,5,11	
0,0,5,0	1,26,5,26	2,21,5,21	3,16,5,16	4,11,5,11	1,26,0,9	2,21,0,8	3,16,0,7	4,11,0,6	0,0,26,25	1,26,26,4	2,21,26,3	3,16,26,2	4,11,26,1	0,0,21,20	1,26,21,24	2,21,21,29	3,16,21,28	4,11,21,27	0,0,16,15	1,26,16,19	2,21,16,18	3,16,16,23	4,11,16,22	0,0,11,10	1,26,11,14	2,21,11,13	3,16,11,12	4,11,11,17	
11,11,6,11	12,0,6,0	13,26,6,26	14,21,6,21	10,16,6,16	12,0,11,5	13,26,11,9	14,21,11,8	10,16,11,7	11,11,0,1	12,0,0,25	13,26,0,4	14,21,0,3	10,16,0,2	11,11,26,27	12,0,26,20	13,26,26,24	14,21,26,29	10,16,26,28	11,11,21,22	12,0,21,15	13,26,21,19	14,21,21,18	10,16,21,23	11,11,16,17	12,0,16,10	13,26,16,14	14,21,16,13	10,16,16,12	
16,16,7,16	17,11,7,11	18,0,7,0	19,26,7,26	15,21,7,21	17,11,16,6	18,0,16,5	19,26,16,9	15,21,16,8	16,16,11,2	17,11,11,1	18,0,11,25	19,26,11,4	15,21,11,3	16,16,0,28	17,11,0,27	18,0,0,20	19,26,0,24	15,21,0,29	16,16,26,23	17,11,26,22	18,0,26,15	19,26,26,19	15,21,26,18	16,16,21,12	17,11,21,17	18,0,21,10	19,26,21,14	15,21,21,13	
21,21,8,21	22,16,8,16	23,11,8,11	24,0,8,0	20,26,8,26	22,16,21,7	23,11,21,6	24,0,21,5	20,26,21,9	21,21,16,3	22,16,16,2	23,11,16,1	24,0,16,25	20,26,16,4	21,21,11,29	22,16,11,28	23,11,11,27	24,0,11,20	20,26,11,24	21,21,0,18	22,16,0,23	23,11,0,22	24,0,0,15	20,26,0,19	21,21,26,13	22,16,26,12	23,11,26,17	24,0,26,10	20,26,26,14	
26,26,9,26	27,21,9,21	28,16,9,16	29,11,9,11	25,0,9,0	27,21,26,8	28,16,26,7	29,11,26,6	25,0,26,5	26,26,21,4	27,21,21,3	28,16,21,2	29,11,21,1	25,0,21,25	26,26,16,24	27,21,16,29	28,16,16,28	29,11,16,27	25,0,16,20	26,26,11,19	27,21,11,18	28,16,11,23	29,11,11,22	25,0,11,15	26,26,0,14	27,21,0,13	28,16,0,12	29,11,0,17	25,0,0,10	
1,1,10,1	2,27,10,27	3,22,10,22	4,17,10,17	0,6,10,6	2,27,1,14	3,22,1,13	4,17,1,12	0,6,1,11	1,1,27,5	2,27,27,9	3,22,27,8	4,17,27,7	0,6,27,0	1,1,22,25	2,27,22,4	3,22,22,3	4,17,22,2	0,6,22,26	1,1,17,20	2,27,17,24	3,22,17,29	4,17,17,28	0,6,17,21	1,1,6,15	2,27,6,19	3,22,6,18	4,17,6,23	0,6,6,16	
6,6,11,6	7,1,11,1	8,27,11,27	9,22,11,22	5,17,11,17	7,1,6,10	8,27,6,14	9,22,6,13	5,17,6,12	6,6,1,0	7,1,1,5	8,27,1,9	9,22,1,8	5,17,1,7	6,6,27,26	7,1,27,25	8,27,27,4	9,22,27,3	5,17,27,2	6,6,22,21	7,1,22,20	8,27,22,24	9,22,22,29	5,17,22,28	6,6,17,16	7,1,17,15	8,27,17,19	9,22,17,18	5,17,17,23	
17,17,12,17	18,6,12,6	19,1,12,1	15,27,12,27	16,22,12,22	18,6,17,11	19,1,17,10	15,27,17,14	16,22,17,13	17,17,6,7	18,6,6,0	19,1,6,5	15,27,6,9	16,22,6,8	17,17,1,2	18,6,1,26	19,1,1,25	15,27,1,4	16,22,1,3	17,17,27,28	18,6,27,21	19,1,27,20	15,27,27,24	16,22,27,29	17,17,22,23	18,6,22,16	19,1,22,15	15,27,22,19	16,22,22,18	
22,22,13,22	23,17,13,17	24,6,13,6	20,1,13,1	21,27,13,27	23,17,22,12	24,6,22,11	20,1,22,10	21,27,22,14	22,22,17,8	23,17,17,7	24,6,17,0	20,1,17,5	21,27,17,9	22,22,6,3	23,17,6,2	24,6,6,26	20,1,6,25	21,27,6,4	22,22,1,29	23,17,1,28	24,6,1,21	20,1,1,20	21,27,1,24	22,22,27,18	23,17,27,23	24,6,27,16	20,1,27,15	21,27,27,19	
27,27,14,27	28,22,14,22	29,17,14,17	25,6,14,6	26,1,14,1	28,22,27,13	29,17,27,12	25,6,27,11	26,1,27,10	27,27,22,9	28,22,22,8	29,17,22,7	25,6,22,0	26,1,22,5	27,27,17,4	28,22,17,3	29,17,17,2	25,6,17,26	26,1,17,25	27,27,6,24	28,22,6,29	29,17,6,28	25,6,6,21	26,1,6,20	27,27,1,19	28,22,1,18	29,17,1,23	25,6,1,16	26,1,1,15	
2,2,15,2	3,28,15,28	4,23,15,23	0,12,15,12	1,7,15,7	3,28,2,19	4,23,2,18	0,12,2,17	1,7,2,16	2,2,28,10	3,28,28,14	4,23,28,13	0,12,28,6	1,7,28,11	2,2,23,5	3,28,23,9	4,23,23,8	0,12,23,1	1,7,23,0	2,2,12,25	3,28,12,4	4,23,12,3	0,12,12,27	1,7,12,26	2,2,7,20	3,28,7,24	4,23,7,29	0,12,7,22	1,7,7,21	
7,7,16,7	8,2,16,2	9,28,16,28	5,23,16,23	6,12,16,12	8,2,7,15	9,28,7,19	5,23,7,18	6,12,7,17	7,7,2,11	8,2,2,10	9,28,2,14	5,23,2,13	6,12,2,6	7,7,28,0	8,2,28,5	9,28,28,9	5,23,28,8	6,12,28,1	7,7,23,26	8,2,23,25	9,28,23,4	5,23,23,3	6,12,23,27	7,7,12,21	8,2,12,20	9,28,12,24	5,23,12,29	6,12,12,22	
12,12,17,12	13,7,17,7	14,2,17,2	10,28,17,28	11,23,17,23	13,7,12,16	14,2,12,15	10,28,12,19	11,23,12,18	12,12,7,6	13,7,7,11	14,2,7,10	10,28,7,14	11,23,7,13	12,12,2,1	13,7,2,0	14,2,2,5	10,28,2,9	11,23,2,8	12,12,28,27	13,7,28,26	14,2,28,25	10,28,28,4	11,23,28,3	12,12,23,22	13,7,23,21	14,2,23,20	10,28,23,24	11,23,23,29	
23,23,18,23	24,12,18,12	20,7,18,7	21,2,18,2	22,28,18,28	24,12,23,17	20,7,23,16	21,2,23,15	22,28,23,19	23,23,12,13	24,12,12,6	20,7,12,11	21,2,12,10	22,28,12,14	23,23,7,8	24,12,7,1	20,7,7,0	21,2,7,5	22,28,7,9	23,23,2,3	24,12,2,27	20,7,2,26	21,2,2,25	22,28,2,4	23,23,28,29	24,12,28,22	20,7,28,21	21,2,28,20	22,28,28,24	
28,28,19,28	29,23,19,23	25,12,19,12	26,7,19,7	27,2,19,2	29,23,28,18	25,12,28,17	26,7,28,16	27,2,28,15	28,28,23,14	29,23,23,13	25,12,23,6	26,7,23,11	27,2,23,10	28,28,12,9	29,23,12,8	25,12,12,1	26,7,12,0	27,2,12,5	28,28,7,4	29,23,7,3	25,12,7,27	26,7,7,26	27,2,7,25	28,28,2,24	29,23,2,29	25,12,2,22	26,7,2,21	27,2,2,20	
3,3,20,3	4,29,20,29	0,18,20,18	1,13,20,13	2,8,20,8	4,29,3,24	0,18,3,23	1,13,3,22	2,8,3,21	3,3,29,15	4,29,29,19	0,18,29,12	1,13,29,17	2,8,29,16	3,3,18,10	4,29,18,14	0,18,18,7	1,13,18,6	2,8,18,11	3,3,13,5	4,29,13,9	0,18,13,2	1,13,13,1	2,8,13,0	3,3,8,25	4,29,8,4	0,18,8,28	1,13,8,27	2,8,8,26	
8,8,21,8	9,3,21,3	5,29,21,29	6,18,21,18	7,13,21,13	9,3,8,20	5,29,8,24	6,18,8,23	7,13,8,22	8,8,3,16	9,3,3,15	5,29,3,19	6,18,3,12	7,13,3,17	8,8,29,11	9,3,29,10	5,29,29,14	6,18,29,7	7,13,29,6	8,8,18,0	9,3,18,5	5,29,18,9	6,18,18,2	7,13,18,1	8,8,13,26	9,3,13,25	5,29,13,4	6,18,13,28	7,13,13,27	
13,13,22,13	14,8,22,8	10,3,22,3	11,29,22,29	12,18,22,18	14,8,13,21	10,3,13,20	11,29,13,24	12,18,13,23	13,13,8,17	14,8,8,16	10,3,8,15	11,29,8,19	12,18,8,12	13,13,3,6	14,8,3,11	10,3,3,10	11,29,3,14	12,18,3,7	13,13,29,1	14,8,29,0	10,3,29,5	11,29,29,9	12,18,29,2	13,13,18,27	14,8,18,26	10,3,18,25	11,29,18,4	12,18,18,28	
18,18,23,18	19,13,23,13	15,8,23,8	16,3,23,3	17,29,23,29	19,13,18,22	15,8,18,21	16,3,18,20	17,29,18,24	18,18,13,12	19,13,13,17	15,8,13,16	16,3,13,15	17,29,13,19	18,18,8,7	19,13,8,6	15,8,8,11	16,3,8,10	17,29,8,14	18,18,3,2	19,13,3,1	15,8,3,0	16,3,3,5	17,29,3,9	18,18,29,28	19,13,29,27	15,8,29,26	16,3,29,25	17,29,29,4	
29,29,24,29	25,18,24,18	26,13,24,13	27,8,24,8	28,3,24,3	25,18,29,23	26,13,29,22	27,8,29,21	28,3,29,20	29,29,18,19	25,18,18,12	26,13,18,17	27,8,18,16	28,3,18,15	29,29,13,14	25,18,13,7	26,13,13,6	27,8,13,11	28,3,13,10	29,29,8,9	25,18,8,2	26,13,8,1	27,8,8,0	28,3,8,5	29,29,3,4	25,18,3,28	26,13,3,27	27,8,3,26	28,3,3,25	
4,4,25,4	0,24,25,24	1,19,25,19	2,14,25,14	3,9,25,9	0,24,4,29	1,19,4,28	2,14,4,27	3,9,4,26	4,4,24,20	0,24,24,18	1,19,24,23	2,14,24,22	3,9,24,21	4,4,19,15	0,24,19,13	1,19,19,12	2,14,19,17	3,9,19,16	4,4,14,10	0,24,14,8	1,19,14,7	2,14,14,6	3,9,14,11	4,4,9,5	0,24,9,3	1,19,9,2	2,14,9,1	3,9,9,0	
9,9,26,9	5,4,26,4	6,24,26,24	7,19,26,19	8,14,26,14	5,4,9,25	6,24,9,29	7,19,9,28	8,14,9,27	9,9,4,21	5,4,4,20	6,24,4,18	7,19,4,23	8,14,4,22	9,9,24,16	5,4,24,15	6,24,24,13	7,19,24,12	8,14,24,17	9,9,19,11	5,4,19,10	6,24,19,8	7,19,19,7	8,14,19,6	9,9,14,0	5,4,14,5	6,24,14,3	7,19,14,2	8,14,14,1	
14,14,27,14	10,9,27,9	11,4,27,4	12,24,27,24	13,19,27,19	10,9,14,26	11,4,14,25	12,24,14,29	13,19,14,28	14,14,9,22	10,9,9,21	11,4,9,20	12,24,9,18	13,19,9,23	14,14,4,17	10,9,4,16	11,4,4,15	12,24,4,13	13,19,4,12	14,14,24,6	10,9,24,11	11,4,24,10	12,24,24,8	13,19,24,7	14,14,19,1	10,9,19,0	11,4,19,5	12,24,19,3	13,19,19,2	
19,19,28,19	15,14,28,14	16,9,28,9	17,4,28,4	18,24,28,24	15,14,19,27	16,9,19,26	17,4,19,25	18,24,19,29	19,19,14,23	15,14,14,22	16,9,14,21	17,4,14,20	18,24,14,18	19,19,9,12	15,14,9,17	16,9,9,16	17,4,9,15	18,24,9,13	19,19,4,7	15,14,4,6	16,9,4,11	17,4,4,10	18,24,4,8	19,19,24,2	15,14,24,1	16,9,24,0	17,4,24,5	18,24,24,3	
24,24,29,24	20,19,29,19	21,14,29,14	22,9,29,9	23,4,29,4	20,19,24,28	21,14,24,27	22,9,24,26	23,4,24,25	24,24,19,18	20,19,19,23	21,14,19,22	22,9,19,21	23,4,19,20	24,24,14,13	20,19,14,12	21,14,14,17	22,9,14,16	23,4,14,15	24,24,9,8	20,19,9,7	21,14,9,6	22,9,9,11	23,4,9,10	24,24,4,3	20,19,4,2	21,14,4,1	22,9,4,0	23,4,4,5	
