1_1,0.0002316,0.0000348,512
1_1,0.0014661,0.0000337,1024
1_1,0.0039176,0.0000529,4096
1_1,0.0139630,0.0000927,8192
1_1,0.0132080,0.0001025,16384
1_1,0.0815788,0.0001916,32768
1_1,0.4244297,0.0003622,65536
1_1,2.0998622,0.0007412,131072
1_2,0.0197280,0.0000276,512
1_2,0.0003855,0.0000519,1024
1_2,0.0157821,0.0000928,4096
1_2,0.0120216,0.0001090,8192
1_2,0.0398442,0.0001547,16384
1_2,0.0393986,0.0004853,32768
1_2,0.2044120,0.0004872,65536
1_2,1.4674468,0.0010804,131072
2_1,0.0008791,0.0000404,512
2_1,0.0114496,0.0001090,1024
2_1,0.0208474,0.0000863,4096
2_1,0.0243870,0.0001194,8192
2_1,0.0833372,0.0002170,16384
2_1,0.3235835,0.0003873,32768
2_1,1.3496982,0.0005134,65536
2_1,5.4294515,0.0017201,131072
1_3,0.0081945,0.0000372,512
1_3,0.0024646,0.0001556,1024
1_3,0.0248001,0.0001421,4096
1_3,0.0046951,0.0001670,8192
1_3,0.0125598,0.0002274,16384
1_3,0.0311406,0.0003935,32768
1_3,0.2139379,0.0007833,65536
1_3,1.0579444,0.0015652,131072
2_2,0.0012620,0.0000985,512
2_2,0.0165260,0.0001105,1024
2_2,0.0040894,0.0001327,4096
2_2,0.0085419,0.0001602,8192
2_2,0.0309086,0.0005708,16384
2_2,0.1337962,0.0004351,32768
2_2,0.6742329,0.0012163,65536
2_2,2.8532270,0.0118041,131072
3_1,0.0278525,0.0184674,512
3_1,0.0205048,0.0000612,1024
3_1,0.0080684,0.0001006,4096
3_1,0.0146694,0.0001614,8192
3_1,0.0742849,0.0002385,16384
3_1,0.4071956,0.0004011,32768
3_1,1.9401032,0.0008490,65536
3_1,8.1644579,0.0071244,131072
1_4,0.0309472,0.0000506,512
1_4,0.0317315,0.0001256,1024
1_4,0.0154261,0.0001079,4096
1_4,0.0160454,0.0001875,8192
1_4,0.0078463,0.0002654,16384
1_4,0.0538190,0.0004199,32768
1_4,0.1167294,0.0013960,65536
1_4,0.5352482,0.0015968,131072
2_3,0.0042017,0.0000472,512
2_3,0.0003613,0.0000924,1024
2_3,0.0044120,0.0001245,4096
2_3,0.0094461,0.0002084,8192
2_3,0.0267644,0.0003392,16384
2_3,0.0817070,0.0007140,32768
2_3,0.4534717,0.0010226,65536
2_3,1.8365095,0.0018653,131072
3_2,0.0160393,0.0000592,512
3_2,0.0131311,0.0001043,1024
3_2,0.0052307,0.0001330,4096
3_2,0.0146142,0.0003668,8192
3_2,0.0550721,0.0004521,16384
3_2,0.1944439,0.0005738,32768
3_2,0.9810901,0.0010634,65536
3_2,4.3008828,0.0237217,131072
4_1,0.0449954,0.0000676,512
4_1,0.0321845,0.0000910,1024
4_1,0.0238095,0.0001226,4096
4_1,0.0193493,0.0001903,8192
4_1,0.1145695,0.0002941,16384
4_1,0.5183768,0.0005530,32768
4_1,3.1462751,0.0021290,65536
4_1,11.7214401,0.0073142,131072
1_5,0.0211900,0.0000801,512
1_5,0.0268567,0.0000972,1024
1_5,0.0019548,0.0001148,4096
1_5,0.0134472,0.0004113,8192
1_5,0.0196508,0.0003507,16384
1_5,0.0444836,0.0005774,32768
1_5,0.0895251,0.0009609,65536
1_5,0.5459976,0.0021776,131072
2_4,0.0310835,0.0000965,512
2_4,0.0224524,0.0261977,1024
2_4,0.0051376,0.0001660,4096
2_4,0.0086796,0.0003907,8192
2_4,0.0358723,0.0003229,16384
2_4,0.0919934,0.0005844,32768
2_4,0.4594320,0.0014267,65536
2_4,2.5137826,0.7264426,131072
3_3,0.0595851,0.0366447,512
3_3,0.0242894,0.0163582,1024
3_3,0.0901197,0.0608883,4096
3_3,0.0353435,0.0767567,8192
3_3,0.0463606,0.0879113,16384
3_3,0.2890106,0.2686828,32768
3_3,1.3122408,0.3570605,65536
3_3,5.4279369,0.3756383,131072
4_2,0.0670028,0.0114891,512
4_2,0.0307378,0.0031550,1024
4_2,0.0285489,0.0001684,4096
4_2,0.0201896,0.0003106,8192
4_2,0.0714771,0.0006950,16384
4_2,0.3247393,0.0007372,32768
4_2,1.3555628,0.0013045,65536
4_2,8.2350771,0.0390085,131072
5_1,0.0257120,0.0001326,512
5_1,0.0106281,0.0000961,1024
5_1,0.0325633,0.0001373,4096
5_1,0.0339309,0.0002066,8192
5_1,0.1146403,0.0003573,16384
5_1,0.5660562,0.0005937,32768
5_1,2.6487889,0.0011229,65536
5_1,11.6503467,0.0051899,131072
1_6,0.0368946,0.0000938,512
1_6,0.0205588,0.0001131,1024
1_6,0.0135759,0.0001452,4096
1_6,0.0050307,0.0002528,8192
1_6,0.0271261,0.0003567,16384
1_6,0.0587797,0.0006192,32768
1_6,0.0734507,0.0010595,65536
1_6,0.3178632,0.0036357,131072
2_5,0.0016426,0.0003762,512
2_5,0.0012759,0.0001931,1024
2_5,0.0064074,0.0004936,4096
2_5,0.0125286,0.0004410,8192
2_5,0.0217890,0.0008613,16384
2_5,0.0988429,0.0017153,32768
2_5,0.4489112,0.0220957,65536
2_5,1.4337252,0.0039120,131072
3_4,0.0017882,0.0003687,512
3_4,0.0011862,0.0003863,1024
3_4,0.0082728,0.0005886,4096
3_4,0.0163334,0.0115008,8192
3_4,0.0617469,0.0010395,16384
3_4,0.1373381,0.0014838,32768
3_4,0.6899294,0.0177302,65536
3_4,2.9903214,0.0034528,131072
4_3,0.0012778,0.0002708,512
4_3,0.0051225,0.0006855,1024
4_3,0.0080321,0.0009637,4096
4_3,0.0199911,0.0009118,8192
4_3,0.0582904,0.0011291,16384
4_3,0.2041033,0.0092742,32768
4_3,1.5684308,0.0040731,65536
4_3,5.8423916,0.0157626,131072
5_2,0.0022081,0.0008636,512
5_2,0.0020353,0.0004778,1024
5_2,0.0096727,0.0003713,4096
5_2,0.0239213,0.0011033,8192
5_2,0.1219488,0.0012392,16384
5_2,0.4600666,0.0021522,32768
5_2,2.6562236,0.0058257,65536
5_2,10.3557654,0.0046865,131072
6_1,0.0177745,0.0000928,512
6_1,0.0444100,0.0016114,1024
6_1,0.0186238,0.0053750,4096
6_1,0.0787072,0.0010168,8192
6_1,0.3917924,0.1390604,16384
6_1,1.4388527,0.0030590,32768
6_1,4.2444767,0.0052062,65536
6_1,14.7240644,0.0070968,131072
1_7,0.0278168,0.0319699,512
1_7,0.0718879,0.0240452,1024
1_7,0.0928049,0.1212514,4096
1_7,0.0873433,0.0778781,8192
1_7,0.0797854,0.2481211,16384
1_7,0.1079137,0.1536437,32768
1_7,0.1036743,0.2032349,65536
1_7,0.3939045,0.1789348,131072
2_6,0.0013879,0.0003339,512
2_6,0.0011630,0.0003552,1024
2_6,0.0031430,0.0004803,4096
2_6,0.0095381,0.0022248,8192
2_6,0.0205831,0.0008819,16384
2_6,0.0659548,0.0015980,32768
2_6,0.3347260,0.0212769,65536
2_6,1.3484313,0.0095229,131072
3_5,0.0025105,0.0006633,512
3_5,0.0016596,0.0002947,1024
3_5,0.0052157,0.0011247,4096
3_5,0.0217414,0.0027243,8192
3_5,0.0716434,0.0020257,16384
3_5,0.1338434,0.0021391,32768
3_5,0.5171874,0.0041301,65536
3_5,2.3499027,0.0773175,131072
4_4,0.0030984,0.0007938,512
4_4,0.0020814,0.0002561,1024
4_4,0.0100032,0.0009269,4096
4_4,0.0182684,0.0015330,8192
4_4,0.0816306,0.0015921,16384
4_4,0.5124530,0.0039975,32768
4_4,1.2644697,0.0077208,65536
4_4,4.4557079,0.0061623,131072
5_3,0.0017042,0.0002273,512
5_3,0.0026521,0.0004585,1024
5_3,0.0102287,0.0010541,4096
5_3,0.0209876,0.0009105,8192
5_3,0.0575693,0.0013584,16384
5_3,0.3778109,0.0028400,32768
5_3,2.0284080,0.0052365,65536
5_3,6.3313763,0.0065545,131072
6_2,0.0020128,0.0005724,512
6_2,0.0126416,0.0006929,1024
6_2,0.0302059,0.0013903,4096
6_2,0.0578183,0.0008242,8192
6_2,0.0881847,0.0008170,16384
6_2,0.5889604,0.0262709,32768
6_2,2.7378723,0.0026019,65536
6_2,10.6504994,0.0038543,131072
7_1,0.0719908,0.0489035,512
7_1,0.0170507,0.0260539,1024
7_1,0.1115616,0.1800283,4096
7_1,0.1169007,0.1308233,8192
7_1,0.3768030,0.2869317,16384
7_1,1.1111752,0.6199698,32768
7_1,4.8940947,0.1216655,65536
7_1,18.0982597,0.1509288,131072
1_8,0.0012656,0.0003094,512
1_8,0.0012893,0.0004950,1024
1_8,0.0036947,0.0009556,4096
1_8,0.0083306,0.0009931,8192
1_8,0.0148195,0.0009377,16384
1_8,0.0409852,0.0044920,32768
1_8,0.0798283,0.0019268,65536
1_8,0.3395169,0.0306023,131072
2_7,0.0013640,0.0001779,512
2_7,0.0020991,0.0003626,1024
2_7,0.0058799,0.0009318,4096
2_7,0.0125582,0.0009538,8192
2_7,0.0190530,0.0009301,16384
2_7,0.0466568,0.0013346,32768
2_7,0.1989761,0.0026169,65536
2_7,1.0269438,0.0254242,131072
3_6,0.0016129,0.0003124,512
3_6,0.0019873,0.0003524,1024
3_6,0.0054534,0.0060948,4096
3_6,0.0179789,0.0012012,8192
3_6,0.0507051,0.0019118,16384
3_6,0.1208583,0.0029577,32768
3_6,0.4914626,0.0042085,65536
3_6,3.0476834,0.1239838,131072
4_5,0.0091078,0.0183273,512
4_5,0.0090490,0.0021532,1024
4_5,0.0344644,0.0142041,4096
4_5,0.0807000,0.0130077,8192
4_5,0.0888773,0.0051011,16384
4_5,0.2775111,0.0192074,32768
4_5,0.9139689,0.0336163,65536
4_5,4.2238062,0.0238176,131072
5_4,0.0049170,0.0020985,512
5_4,0.0043447,0.0036530,1024
5_4,0.0332406,0.0448941,4096
5_4,0.0529560,0.0603714,8192
5_4,0.1856275,0.0296525,16384
5_4,0.4703493,0.0276548,32768
5_4,1.3877718,0.0385797,65536
5_4,6.7006669,0.0098150,131072
6_3,0.0319772,0.0010639,512
6_3,0.0034621,0.0008456,1024
6_3,0.0048568,0.0012647,4096
6_3,0.0262466,0.0382972,8192
6_3,0.1036931,0.0017457,16384
6_3,0.4469345,0.0048278,32768
6_3,1.9375928,0.0059987,65536
6_3,8.4680739,0.0076111,131072
7_2,0.0047456,0.0003418,512
7_2,0.0051416,0.0008645,1024
7_2,0.0123065,0.0009655,4096
7_2,0.0349440,0.0008375,8192
7_2,0.1082910,0.0014229,16384
7_2,0.9191995,0.0253210,32768
7_2,2.9620043,0.0039990,65536
7_2,12.3135060,0.0251583,131072
8_1,0.0029499,0.0001348,512
8_1,0.0065621,0.0010170,1024
8_1,0.0150332,0.0007936,4096
8_1,0.0594337,0.0046825,8192
8_1,0.2635766,0.0034848,16384
8_1,1.4273114,0.0021685,32768
8_1,5.8942852,0.0034797,65536
8_1,24.7194997,0.0092452,131072
1_9,0.0016121,0.0008830,512
1_9,0.0016229,0.0001990,1024
1_9,0.0025928,0.0007691,4096
1_9,0.0110612,0.0011862,8192
1_9,0.0245618,0.0019371,16384
1_9,0.0566199,0.0227448,32768
1_9,0.1184518,0.0089134,65536
1_9,0.4469517,0.0096114,131072
2_8,0.0067231,0.0013313,512
2_8,0.0033839,0.0005219,1024
2_8,0.0050132,0.0020330,4096
2_8,0.0319147,0.0142492,8192
2_8,0.0680641,0.0014618,16384
2_8,0.1103606,0.0448065,32768
2_8,0.2714701,0.0083872,65536
2_8,1.2596980,0.0689086,131072
3_7,0.0040881,0.0009431,512
3_7,0.0018243,0.0006641,1024
3_7,0.0121619,0.0031720,4096
3_7,0.0276824,0.0025673,8192
3_7,0.0537825,0.0092742,16384
3_7,0.1146666,0.0378251,32768
3_7,0.5493616,0.0413229,65536
3_7,2.2676541,0.0142401,131072
4_6,0.0059355,0.0111581,512
4_6,0.0054940,0.0030932,1024
4_6,0.0063522,0.0019546,4096
4_6,0.0274630,0.0040926,8192
4_6,0.0861682,0.0035204,16384
4_6,0.2914182,0.0059801,32768
4_6,0.9023949,0.0394740,65536
4_6,3.4712272,0.0247980,131072
5_5,0.0065389,0.0021998,512
5_5,0.0054340,0.0016921,1024
5_5,0.0538281,0.0055269,4096
5_5,0.0374471,0.0029271,8192
5_5,0.1047980,0.0533650,16384
5_5,0.3214625,0.0069547,32768
5_5,1.4737327,0.0209818,65536
5_5,6.0036191,0.0431026,131072
6_4,0.0138629,0.0020944,512
6_4,0.0047972,0.0014016,1024
6_4,0.0598072,0.0063993,4096
6_4,0.0737594,0.0076144,8192
6_4,0.1228782,0.0057665,16384
6_4,0.4025622,0.0110785,32768
6_4,1.7628813,0.0101849,65536
6_4,7.6660897,0.0127295,131072
7_3,0.0034220,0.0007247,512
7_3,0.0031789,0.0009482,1024
7_3,0.0146905,0.0032957,4096
7_3,0.0548291,0.0027216,8192
7_3,0.1153555,0.0617989,16384
7_3,0.5993610,0.0070490,32768
7_3,2.7662917,0.0097174,65536
7_3,10.7891013,0.0290561,131072
8_2,0.0065455,0.0007821,512
8_2,0.0078428,0.0017241,1024
8_2,0.0176829,0.0020588,4096
8_2,0.0548979,0.0018538,8192
8_2,0.1692661,0.0032207,16384
8_2,0.9282942,0.0336499,32768
8_2,4.3860951,0.0083881,65536
8_2,16.9562982,0.0356943,131072
9_1,0.0022463,0.0002355,512
9_1,0.0033131,0.0006624,1024
9_1,0.0386073,0.0007605,4096
9_1,0.0712679,0.0005527,8192
9_1,0.2210065,0.0009990,16384
9_1,1.2863486,0.0017883,32768
9_1,6.0028377,0.0025524,65536
9_1,25.3132394,0.0632901,131072
1_10,0.0017618,0.0009445,512
1_10,0.0021550,0.0008725,1024
1_10,0.0023144,0.0009234,4096
1_10,0.0135360,0.0008253,8192
1_10,0.0177753,0.0011846,16384
1_10,0.0222953,0.0015508,32768
1_10,0.0874043,0.0033005,65536
1_10,0.2853701,0.0135371,131072
2_9,0.0031912,0.0007303,512
2_9,0.0039442,0.0007598,1024
2_9,0.0060915,0.0015372,4096
2_9,0.0439568,0.0036679,8192
2_9,0.0331684,0.0033186,16384
2_9,0.0655747,0.0049190,32768
2_9,0.1966001,0.0058599,65536
2_9,0.8987936,0.0078927,131072
3_8,0.0359728,0.0008538,512
3_8,0.0051170,0.0008444,1024
3_8,0.0069283,0.0027093,4096
3_8,0.0306867,0.0187593,8192
3_8,0.0427346,0.0038431,16384
3_8,0.1231961,0.0083149,32768
3_8,0.4166590,0.0081817,65536
3_8,1.7854069,0.0109923,131072
4_7,0.0030729,0.0008082,512
4_7,0.0089719,0.0015397,1024
4_7,0.0229631,0.0052467,4096
4_7,0.0479084,0.0145884,8192
4_7,0.1419426,0.0082989,16384
4_7,0.2143726,0.0079721,32768
4_7,0.7583175,0.0102583,65536
4_7,3.2581903,0.2197348,131072
5_6,0.0036438,0.0009870,512
5_6,0.0068356,0.0016807,1024
5_6,0.0109336,0.0070368,4096
5_6,0.0725020,0.0723587,8192
5_6,0.1285231,0.0069518,16384
5_6,0.2543203,0.0067751,32768
5_6,1.3460125,0.0233532,65536
5_6,4.6291545,0.0893651,131072
6_5,0.0050771,0.0014130,512
6_5,0.0047867,0.0026731,1024
6_5,0.0085828,0.0405560,4096
6_5,0.0485851,0.0071029,8192
6_5,0.0798090,0.0065501,16384
6_5,0.3022440,0.0087881,32768
6_5,1.4221350,0.0102312,65536
6_5,5.7317480,0.1192648,131072
7_4,0.0043668,0.0011558,512
7_4,0.0075367,0.0013799,1024
7_4,0.0284399,0.1085442,4096
7_4,0.0556103,0.0107091,8192
7_4,0.1479716,0.0248687,16384
7_4,0.5582832,0.0407752,32768
7_4,1.8337419,0.0239205,65536
7_4,7.8041364,0.0095139,131072
8_3,0.0180599,0.0006156,512
8_3,0.0045281,0.0013686,1024
8_3,0.0634736,0.0159782,4096
8_3,0.0662362,0.0035887,8192
8_3,0.2039379,0.0079475,16384
8_3,0.6967518,0.0093470,32768
8_3,2.4855002,0.0159170,65536
8_3,10.7844755,0.0298941,131072
9_2,0.0252299,0.0020905,512
9_2,0.0113772,0.0052427,1024
9_2,0.0109975,0.0015291,4096
9_2,0.0654799,0.0021384,8192
9_2,0.1669172,0.0029365,16384
9_2,0.8717728,0.0047351,32768
9_2,3.7437414,0.0142613,65536
9_2,16.1014811,0.0384093,131072
10_1,0.0021046,0.0003659,512
10_1,0.0032404,0.0003167,1024
10_1,0.0144923,0.0004916,4096
10_1,0.0466156,0.0009841,8192
10_1,0.2444521,0.0014496,16384
10_1,1.4780825,0.0033677,32768
10_1,6.6064505,0.0055059,65536
10_1,31.4013666,0.0078702,131072
