1_1,0.0082924,0.0000130,512
1_1,0.0009932,0.0001022,1024
1_1,0.0190193,0.0000769,4096
1_1,0.0064662,0.0000660,8192
1_1,0.0168934,0.0000996,16384
1_2,0.0120124,0.0000257,512
1_2,0.0066623,0.0000556,1024
1_2,0.0140020,0.0000680,4096
1_2,0.0149241,0.0007038,8192
1_2,0.0339097,0.0001325,16384
2_1,0.0228315,0.0000349,512
2_1,0.0078444,0.0000478,1024
2_1,0.0100542,0.0000649,4096
2_1,0.0087076,0.0000925,8192
2_1,0.0232294,0.0001319,16384
1_3,0.0009727,0.0000268,512
1_3,0.0036515,0.0000438,1024
1_3,0.0217980,0.0000925,4096
1_3,0.0276126,0.0001348,8192
1_3,0.0105220,0.0001929,16384
2_2,0.0050711,0.0000398,512
2_2,0.0005914,0.0001083,1024
2_2,0.0203655,0.0002178,4096
2_2,0.0179729,0.0001981,8192
2_2,0.0200386,0.0002669,16384
3_1,0.0116321,0.0000350,512
3_1,0.0085598,0.0000956,1024
3_1,0.0129225,0.0001534,4096
3_1,0.0411281,0.0003377,8192
3_1,0.0828286,0.0002090,16384
1_4,0.0003769,0.0000700,512
1_4,0.0166710,0.0001929,1024
1_4,0.0068141,0.0003972,4096
1_4,0.0123801,0.0002314,8192
1_4,0.0129434,0.0002246,16384
2_3,0.0125721,0.0000469,512
2_3,0.0003188,0.0000847,1024
2_3,0.0338002,0.0001272,4096
2_3,0.0363495,0.0001758,8192
2_3,0.0161043,0.0023498,16384
3_2,0.0005346,0.0000601,512
3_2,0.0082930,0.0000767,1024
3_2,0.0307778,0.0001300,4096
3_2,0.0201056,0.0002045,8192
3_2,0.0341056,0.0002723,16384
4_1,0.0080840,0.0000377,512
4_1,0.0005883,0.0000675,1024
4_1,0.0062582,0.0001020,4096
4_1,0.0157869,0.0001843,8192
4_1,0.0788156,0.0003153,16384
1_5,0.0079667,0.0000477,512
1_5,0.0003371,0.0000774,1024
1_5,0.0332151,0.0001239,4096
1_5,0.0143422,0.0002016,8192
1_5,0.0156799,0.0002971,16384
2_4,0.0401160,0.0321577,512
2_4,0.0307385,0.0006781,1024
2_4,0.0680724,0.0119067,4096
2_4,0.0359217,0.0003721,8192
2_4,0.0194636,0.0003950,16384
3_3,0.0642402,0.0278003,512
3_3,0.0556112,0.0285186,1024
3_3,0.0364561,0.0600360,4096
3_3,0.0555385,0.0562571,8192
3_3,0.0712131,0.2525055,16384
4_2,0.0135923,0.0000552,512
4_2,0.0051427,0.0000811,1024
4_2,0.0358108,0.0712071,4096
4_2,0.0252746,0.0002504,8192
4_2,0.0423936,0.0004206,16384
5_1,0.0003192,0.0000521,512
5_1,0.0125461,0.0000909,1024
5_1,0.0097863,0.0001106,4096
5_1,0.0243876,0.0002138,8192
5_1,0.0963963,0.0002936,16384
1_6,0.0159418,0.0000567,512
1_6,0.0160624,0.0000990,1024
1_6,0.0092863,0.0001233,4096
1_6,0.0197477,0.0002574,8192
1_6,0.0388667,0.0004183,16384
2_5,0.0008618,0.0002037,512
2_5,0.0009464,0.0001432,1024
2_5,0.0049626,0.0005957,4096
2_5,0.0084814,0.0004430,8192
2_5,0.0174772,0.0008651,16384
3_4,0.0011086,0.0002314,512
3_4,0.0008013,0.0002744,1024
3_4,0.0096146,0.0020417,4096
3_4,0.0249236,0.0010475,8192
3_4,0.0248580,0.0008923,16384
4_3,0.0011025,0.0003379,512
4_3,0.0070348,0.0007052,1024
4_3,0.0070707,0.0006156,4096
4_3,0.0149809,0.0004688,8192
4_3,0.0521086,0.0009729,16384
5_2,0.0030702,0.0014022,512
5_2,0.0016785,0.0002272,1024
5_2,0.0207436,0.0022754,4096
5_2,0.0373229,0.0005933,8192
5_2,0.1311753,0.0265064,16384
6_1,0.0356059,0.0000580,512
6_1,0.0163539,0.0000944,1024
6_1,0.0339336,0.0003099,4096
6_1,0.0337859,0.0011389,8192
6_1,0.2612396,0.0007006,16384
1_7,0.0677445,0.0483275,512
1_7,0.0879077,0.0320241,1024
1_7,0.0448098,0.0538085,4096
1_7,0.0521226,0.0293035,8192
1_7,0.0539274,0.1732145,16384
2_6,0.0007182,0.0002088,512
2_6,0.0011373,0.0003897,1024
2_6,0.0082935,0.0018232,4096
2_6,0.0312661,0.0006898,8192
2_6,0.0295453,0.0031085,16384
3_5,0.0019380,0.0001543,512
3_5,0.0012412,0.0003590,1024
3_5,0.0114621,0.0010620,4096
3_5,0.0193075,0.0010573,8192
3_5,0.0374346,0.0010677,16384
4_4,0.0017615,0.0004742,512
4_4,0.0025839,0.0003884,1024
4_4,0.0059027,0.0006949,4096
4_4,0.0310016,0.0020637,8192
4_4,0.1511524,0.0074778,16384
5_3,0.0036214,0.0003435,512
5_3,0.0020751,0.0003938,1024
5_3,0.0097147,0.0012589,4096
5_3,0.0377068,0.0017505,8192
5_3,0.1731266,0.0047344,16384
6_2,0.0014238,0.0005335,512
6_2,0.0013086,0.0003031,1024
6_2,0.0167786,0.0006466,4096
6_2,0.0282917,0.0004429,8192
6_2,0.1009917,0.0017026,16384
7_1,0.0324135,0.0198946,512
7_1,0.0438151,0.0280121,1024
7_1,0.0865879,0.0569997,4096
7_1,0.1440475,0.0718209,8192
7_1,0.1964837,0.1378250,16384
1_8,0.0009656,0.0002559,512
1_8,0.0011307,0.0002096,1024
1_8,0.0025866,0.0004765,4096
1_8,0.0080013,0.0008176,8192
1_8,0.0125960,0.0007789,16384
2_7,0.0008872,0.0002904,512
2_7,0.0020854,0.0004493,1024
2_7,0.0215911,0.0018016,4096
2_7,0.0158642,0.0008352,8192
2_7,0.0279628,0.0011756,16384
3_6,0.0012112,0.0003925,512
3_6,0.0014918,0.0003464,1024
3_6,0.0040376,0.0010296,4096
3_6,0.0194807,0.0012198,8192
3_6,0.0387612,0.0019464,16384
4_5,0.0018981,0.0004671,512
4_5,0.0017722,0.0004581,1024
4_5,0.0070263,0.0013336,4096
4_5,0.0219608,0.0015831,8192
4_5,0.0395999,0.0037299,16384
5_4,0.0026941,0.0004562,512
5_4,0.0042158,0.0009226,1024
5_4,0.0042438,0.0013488,4096
5_4,0.0443666,0.0028413,8192
5_4,0.1359599,0.0074137,16384
6_3,0.0019899,0.0003025,512
6_3,0.0021326,0.0003697,1024
6_3,0.0070527,0.0010958,4096
6_3,0.0224392,0.0012162,8192
6_3,0.1146525,0.0060200,16384
7_2,0.0009633,0.0005003,512
7_2,0.0148036,0.0004679,1024
7_2,0.0096018,0.0007946,4096
7_2,0.0234266,0.0006496,8192
7_2,0.1166700,0.0011913,16384
8_1,0.0022475,0.0001150,512
8_1,0.0021463,0.0003838,1024
8_1,0.0143349,0.0005112,4096
8_1,0.0512552,0.0004182,8192
8_1,0.2372068,0.0008523,16384
1_9,0.0168153,0.0002703,512
1_9,0.0156731,0.0004245,1024
1_9,0.0023586,0.0003719,4096
1_9,0.0162907,0.0006631,8192
1_9,0.0408438,0.0024815,16384
2_8,0.0016396,0.0003561,512
2_8,0.0060620,0.0009011,1024
2_8,0.0118312,0.0046393,4096
2_8,0.0632360,0.0056198,8192
2_8,0.0687984,0.0072183,16384
3_7,0.0033328,0.0010426,512
3_7,0.0179915,0.0034272,1024
3_7,0.0065717,0.0031586,4096
3_7,0.0284357,0.0039425,8192
3_7,0.1013952,0.0053280,16384
4_6,0.0092978,0.0040574,512
4_6,0.0055542,0.0014394,1024
4_6,0.0100529,0.0030437,4096
4_6,0.0352023,0.0059311,8192
4_6,0.1840322,0.0151018,16384
5_5,0.0024574,0.0007217,512
5_5,0.0074734,0.0037991,1024
5_5,0.0118058,0.0098093,4096
5_5,0.0382207,0.0033496,8192
5_5,0.2459483,0.0268386,16384
6_4,0.0038010,0.0011556,512
6_4,0.0101791,0.0025172,1024
6_4,0.0154839,0.0084452,4096
6_4,0.1237297,0.0066445,8192
6_4,0.1711370,0.0247706,16384
7_3,0.0035212,0.0009144,512
7_3,0.0046567,0.0006402,1024
7_3,0.0138323,0.0055754,4096
7_3,0.0698221,0.0630294,8192
7_3,0.1601035,0.0234486,16384
8_2,0.0148995,0.0019751,512
8_2,0.0039371,0.0008184,1024
8_2,0.0279734,0.0029319,4096
8_2,0.0472920,0.0016893,8192
8_2,0.2080559,0.0072371,16384
9_1,0.0039084,0.0004548,512
9_1,0.0052843,0.0007754,1024
9_1,0.0403784,0.0009638,4096
9_1,0.0748489,0.0018496,8192
9_1,0.4058331,0.0040264,16384
1_10,0.0015781,0.0007850,512
1_10,0.0034056,0.0006637,1024
1_10,0.0037142,0.0018345,4096
1_10,0.0127012,0.0013274,8192
1_10,0.0115461,0.0009763,16384
2_9,0.0541155,0.0010353,512
2_9,0.0061913,0.0011130,1024
2_9,0.0174408,0.0066123,4096
2_9,0.0297324,0.0053607,8192
2_9,0.0456990,0.0063305,16384
3_8,0.0025333,0.0008844,512
3_8,0.0031793,0.0005603,1024
3_8,0.0118814,0.0015434,4096
3_8,0.0793778,0.0074983,8192
3_8,0.0610321,0.0069030,16384
4_7,0.0034394,0.0008131,512
4_7,0.0486634,0.0032432,1024
4_7,0.0108056,0.0056001,4096
4_7,0.0261435,0.0053353,8192
4_7,0.1156321,0.0072419,16384
5_6,0.0534733,0.0086371,512
5_6,0.0062025,0.0441055,1024
5_6,0.0113819,0.0062202,4096
5_6,0.0763201,0.0063450,8192
5_6,0.1320748,0.0636084,16384
6_5,0.0036051,0.0033208,512
6_5,0.0063552,0.0009738,1024
6_5,0.0577844,0.0079635,4096
6_5,0.0582604,0.0097297,8192
6_5,0.1991960,0.0200078,16384
7_4,0.0077378,0.0015359,512
7_4,0.0063794,0.0023561,1024
7_4,0.0519219,0.0054177,4096
7_4,0.1094064,0.0058925,8192
7_4,0.2824108,0.0643971,16384
8_3,0.0049312,0.0019355,512
8_3,0.0056329,0.0011383,1024
8_3,0.0113849,0.0048343,4096
8_3,0.0686565,0.0093605,8192
8_3,0.1617035,0.0120468,16384
9_2,0.0064748,0.0019234,512
9_2,0.0092856,0.0007504,1024
9_2,0.0178404,0.1893191,4096
9_2,0.0825499,0.0053682,8192
9_2,0.2406012,0.0045535,16384
10_1,0.0071340,0.0015259,512
10_1,0.0028346,0.0002651,1024
10_1,0.0271593,0.0011474,4096
10_1,0.0788489,0.0342306,8192
10_1,0.2954007,0.0022796,16384
