1_1,0.0012316,0.0007376,512
1_1,0.0012134,0.0008049,1024
1_1,0.0013689,0.0011818,4096
1_1,0.0017211,0.0012688,8192
1_1,0.0022571,0.0029761,16384
1_2,0.0012278,0.0008219,512
1_2,0.0012835,0.0008987,1024
1_2,0.0013150,0.0013806,4096
1_2,0.0015815,0.0014823,8192
1_2,0.0019688,0.0036274,16384
2_1,0.0012316,0.0007379,512
2_1,0.0012239,0.0008000,1024
2_1,0.0013296,0.0011812,4096
2_1,0.0016729,0.0012610,8192
2_1,0.0020470,0.0029750,16384
1_3,0.0013525,0.0008331,512
1_3,0.0012542,0.0009097,1024
1_3,0.0012777,0.0014291,4096
1_3,0.0015455,0.0015847,8192
1_3,0.0018300,0.0037952,16384
2_2,0.0012433,0.0009917,512
2_2,0.0012501,0.0010912,1024
2_2,0.0013200,0.0017556,4096
2_2,0.0015293,0.0018831,8192
2_2,0.0020492,0.0048674,16384
3_1,0.0012297,0.0008227,512
3_1,0.0014185,0.0009010,1024
3_1,0.0013553,0.0013801,4096
3_1,0.0016880,0.0014852,8192
3_1,0.0020509,0.0036314,16384
1_4,0.0012610,0.0009089,512
1_4,0.0012624,0.0010139,1024
1_4,0.0013076,0.0016804,4096
1_4,0.0014063,0.0018569,8192
1_4,0.0018237,0.0045058,16384
2_3,0.0012298,0.0008283,512
2_3,0.0012686,0.0009088,1024
2_3,0.0013266,0.0014294,4096
2_3,0.0014435,0.0015827,8192
2_3,0.0018212,0.0037776,16384
3_2,0.0012361,0.0009929,512
3_2,0.0012491,0.0010982,1024
3_2,0.0013800,0.0017800,4096
3_2,0.0016494,0.0019340,8192
3_2,0.0018634,0.0049554,16384
4_1,0.0012357,0.0008228,512
4_1,0.0012122,0.0008991,1024
4_1,0.0014710,0.0013819,4096
4_1,0.0016892,0.0014853,8192
4_1,0.0020256,0.0036468,16384
1_5,0.0012294,0.0009158,512
1_5,0.0012497,0.0010133,1024
1_5,0.0013429,0.0016631,4096
1_5,0.0014271,0.0018555,8192
1_5,0.0018444,0.0045044,16384
2_4,0.0012956,0.0009975,512
2_4,0.0012814,0.0011080,1024
2_4,0.0012967,0.0018308,4096
2_4,0.0015443,0.0020594,8192
2_4,0.0018762,0.0050882,16384
3_3,0.0012329,0.0009129,512
3_3,0.0012435,0.0010085,1024
3_3,0.0013674,0.0016286,4096
3_3,0.0015582,0.0018104,8192
3_3,0.0020403,0.0044346,16384
4_2,0.0012333,0.0009911,512
4_2,0.0012478,0.0011001,1024
4_2,0.0013432,0.0017796,4096
4_2,0.0015552,0.0019340,8192
4_2,0.0020471,0.0049414,16384
5_1,0.0012382,0.0008229,512
5_1,0.0012103,0.0008992,1024
5_1,0.0013674,0.0013814,4096
5_1,0.0017340,0.0014873,8192
5_1,0.0020569,0.0036618,16384
1_6,0.0012362,0.0009193,512
1_6,0.0012615,0.0010169,1024
1_6,0.0015546,0.0016776,4096
1_6,0.0014145,0.0019063,8192
1_6,0.0016757,0.0045781,16384
2_5,0.0012350,0.0010866,512
2_5,0.0013213,0.0012059,1024
2_5,0.0012873,0.0020260,4096
2_5,0.0014546,0.0022540,8192
2_5,0.0017808,0.0057446,16384
3_4,0.0012472,0.0010590,512
3_4,0.0012586,0.0012009,1024
3_4,0.0014369,0.0021017,4096
3_4,0.0014511,0.0023319,8192
3_4,0.0018590,0.0062243,16384
4_3,0.0012489,0.0009129,512
4_3,0.0013228,0.0010084,1024
4_3,0.0013670,0.0016441,4096
4_3,0.0015281,0.0019176,8192
4_3,0.0020561,0.0044395,16384
5_2,0.0012761,0.0010904,512
5_2,0.0012854,0.0011855,1024
5_2,0.0016618,0.0020270,4096
5_2,0.0015258,0.0021814,8192
5_2,0.0018947,0.0060069,16384
6_1,0.0013185,0.0008240,512
6_1,0.0014916,0.0009004,1024
6_1,0.0013902,0.0013942,4096
6_1,0.0016554,0.0014939,8192
6_1,0.0021970,0.0036371,16384
1_7,0.0012377,0.0009268,512
1_7,0.0013049,0.0010309,1024
1_7,0.0015481,0.0017277,4096
1_7,0.0013927,0.0020239,8192
1_7,0.0016316,0.0047248,16384
2_6,0.0012521,0.0010835,512
2_6,0.0012795,0.0012145,1024
2_6,0.0014349,0.0020495,4096
2_6,0.0014545,0.0023063,8192
2_6,0.0017754,0.0058153,16384
3_5,0.0013936,0.0010840,512
3_5,0.0013391,0.0012108,1024
3_5,0.0013888,0.0020509,4096
3_5,0.0014763,0.0023408,8192
3_5,0.0018467,0.0058144,16384
4_4,0.0013295,0.0010793,512
4_4,0.0012695,0.0012067,1024
4_4,0.0014115,0.0021112,4096
4_4,0.0015987,0.0023274,8192
4_4,0.0018295,0.0062289,16384
5_3,0.0012644,0.0009196,512
5_3,0.0012701,0.0010104,1024
5_3,0.0013819,0.0016299,4096
5_3,0.0016237,0.0018020,8192
5_3,0.0019727,0.0044328,16384
6_2,0.0012775,0.0010533,512
6_2,0.0013247,0.0011837,1024
6_2,0.0013910,0.0020287,4096
6_2,0.0016600,0.0021820,8192
6_2,0.0019552,0.0060054,16384
7_1,0.0012523,0.0009211,512
7_1,0.0013029,0.0009997,1024
7_1,0.0014654,0.0015809,4096
7_1,0.0016843,0.0017114,8192
7_1,0.0020523,0.0042982,16384
1_8,0.0012496,0.0010256,512
1_8,0.0012499,0.0011403,1024
1_8,0.0013328,0.0019802,4096
1_8,0.0014524,0.0023322,8192
1_8,0.0017121,0.0055255,16384
2_7,0.0012277,0.0009264,512
2_7,0.0012864,0.0010281,1024
2_7,0.0015864,0.0017284,4096
2_7,0.0015160,0.0020075,8192
2_7,0.0016300,0.0047201,16384
3_6,0.0013004,0.0010893,512
3_6,0.0013083,0.0012182,1024
3_6,0.0012909,0.0020758,4096
3_6,0.0015820,0.0023543,8192
3_6,0.0016817,0.0058941,16384
4_5,0.0012961,0.0010843,512
4_5,0.0013208,0.0012146,1024
4_5,0.0013556,0.0020510,4096
4_5,0.0014962,0.0022896,8192
4_5,0.0019688,0.0058132,16384
5_4,0.0013038,0.0011698,512
5_4,0.0014917,0.0013147,1024
5_4,0.0013358,0.0022583,4096
5_4,0.0015513,0.0025296,8192
5_4,0.0018555,0.0064777,16384
6_3,0.0012466,0.0009126,512
6_3,0.0014215,0.0010172,1024
6_3,0.0013674,0.0016325,4096
6_3,0.0017032,0.0018067,8192
6_3,0.0019681,0.0044329,16384
7_2,0.0014633,0.0011659,512
7_2,0.0012796,0.0013020,1024
7_2,0.0014855,0.0021749,4096
7_2,0.0017045,0.0023783,8192
7_2,0.0019416,0.0062528,16384
8_1,0.0012350,0.0009075,512
8_1,0.0012273,0.0009989,1024
8_1,0.0014105,0.0015950,4096
8_1,0.0016634,0.0017098,8192
8_1,0.0021828,0.0042936,16384
1_9,0.0012268,0.0010160,512
1_9,0.0012743,0.0011413,1024
1_9,0.0013191,0.0019744,4096
1_9,0.0013855,0.0023252,8192
1_9,0.0016407,0.0055720,16384
2_8,0.0013348,0.0010994,512
2_8,0.0013438,0.0012340,1024
2_8,0.0013113,0.0021691,4096
2_8,0.0015905,0.0025028,8192
2_8,0.0018628,0.0032068,16384
3_7,0.0012278,0.0010112,512
3_7,0.0012543,0.0011314,1024
3_7,0.0014324,0.0019273,4096
3_7,0.0015344,0.0022307,8192
3_7,0.0018354,0.0053837,16384
4_6,0.0014115,0.0012475,512
4_6,0.0012654,0.0014055,1024
4_6,0.0013966,0.0024269,4096
4_6,0.0015658,0.0027078,8192
4_6,0.0018659,0.0070563,16384
5_5,0.0012630,0.0012457,512
5_5,0.0013679,0.0014007,1024
5_5,0.0014828,0.0024010,4096
5_5,0.0015417,0.0026535,8192
5_5,0.0020376,0.0069802,16384
6_4,0.0012595,0.0013823,512
6_4,0.0013139,0.0015074,1024
6_4,0.0013784,0.0026269,4096
6_4,0.0015310,0.0029261,8192
6_4,0.0019447,0.0077162,16384
7_3,0.0012528,0.0010049,512
7_3,0.0012816,0.0011082,1024
7_3,0.0014408,0.0018370,4096
7_3,0.0016003,0.0020319,8192
7_3,0.0019544,0.0050903,16384
8_2,0.0012406,0.0011564,512
8_2,0.0012750,0.0012971,1024
8_2,0.0013395,0.0021777,4096
8_2,0.0016324,0.0023842,8192
8_2,0.0020064,0.0027950,16384
9_1,0.0012342,0.0009185,512
9_1,0.0012173,0.0009993,1024
9_1,0.0014532,0.0015794,4096
9_1,0.0018254,0.0017087,8192
9_1,0.0019858,0.0042938,16384
1_10,0.0012547,0.0010178,512
1_10,0.0013755,0.0011405,1024
1_10,0.0014024,0.0019758,4096
1_10,0.0015379,0.0023277,8192
1_10,0.0019439,0.0055298,16384
2_9,0.0012793,0.0010985,512
2_9,0.0012817,0.0012346,1024
2_9,0.0013562,0.0021486,4096
2_9,0.0014712,0.0025085,8192
2_9,0.0016935,0.0061489,16384
3_8,0.0012453,0.0012607,512
3_8,0.0012669,0.0014263,1024
3_8,0.0013266,0.0025228,4096
3_8,0.0015887,0.0028980,8192
3_8,0.0017187,0.0073468,16384
4_7,0.0012977,0.0010119,512
4_7,0.0012653,0.0011290,1024
4_7,0.0014708,0.0019251,4096
4_7,0.0016486,0.0022280,8192
4_7,0.0019424,0.0028200,16384
5_6,0.0012504,0.0012485,512
5_6,0.0014502,0.0014067,1024
5_6,0.0014437,0.0024260,4096
5_6,0.0015267,0.0027026,8192
5_6,0.0018209,0.0070634,16384
6_5,0.0012503,0.0012435,512
6_5,0.0013490,0.0014113,1024
6_5,0.0013350,0.0024015,4096
6_5,0.0015649,0.0026566,8192
6_5,0.0022157,0.0069852,16384
7_4,0.0012651,0.0013347,512
7_4,0.0014582,0.0015090,1024
7_4,0.0015340,0.0026321,4096
7_4,0.0015793,0.0029287,8192
7_4,0.0018807,0.0035330,16384
8_3,0.0012733,0.0009999,512
8_3,0.0013340,0.0011236,1024
8_3,0.0014393,0.0018269,4096
8_3,0.0016257,0.0020318,8192
8_3,0.0020187,0.0050885,16384
9_2,0.0013028,0.0011467,512
9_2,0.0013985,0.0012976,1024
9_2,0.0014469,0.0021779,4096
9_2,0.0016790,0.0023822,8192
9_2,0.0019467,0.0062557,16384
10_1,0.0012367,0.0009087,512
10_1,0.0012786,0.0009987,1024
10_1,0.0015020,0.0015823,4096
10_1,0.0017165,0.0017407,8192
10_1,0.0020784,0.0042876,16384
