2x2,0.0007268,0.0005744,512
2x2,0.0008069,0.0006127,1024
2x2,0.0014749,0.0008234,4096
2x2,0.0025705,0.0008800,8192
2x2,0.0036211,0.0017666,16384
2x2,0.0051730,0.0021063,32768
2x2,0.0080447,0.0027525,65536
2x2,0.0151757,0.0045140,131072
2x2,0.0273730,0.0080280,262144
2x2,0.0521721,0.0150422,524288
2x2,0.1011698,0.0290907,1048576
2x3,0.0007486,0.0005802,512
2x3,0.0008443,0.0006158,1024
2x3,0.0014947,0.0008546,4096
2x3,0.0029964,0.0009533,8192
2x3,0.0042340,0.0018799,16384
2x3,0.0065835,0.0021593,32768
2x3,0.0102061,0.0027797,65536
2x3,0.0176566,0.0045385,131072
2x3,0.0321915,0.0080481,262144
2x3,0.0600530,0.0150716,524288
2x3,0.1216399,0.0291178,1048576
3x2,0.0007731,0.0005895,512
3x2,0.0009283,0.0006275,1024
3x2,0.0015704,0.0009020,4096
3x2,0.0028196,0.0010744,8192
3x2,0.0044958,0.0020600,16384
3x2,0.0068733,0.0026532,32768
3x2,0.0114165,0.0039408,65536
3x2,0.0196312,0.0068463,131072
3x2,0.0358415,0.0126977,262144
3x2,0.0676970,0.0244023,524288
3x2,0.1324360,0.0478126,1048576
2x4,0.0007448,0.0005869,512
2x4,0.0008393,0.0006266,1024
2x4,0.0015812,0.0009029,4096
2x4,0.0030556,0.0010532,8192
2x4,0.0046275,0.0020145,16384
2x4,0.0070134,0.0024517,32768
2x4,0.0119076,0.0033434,65536
2x4,0.0207651,0.0056786,131072
2x4,0.0370228,0.0103585,262144
2x4,0.0746244,0.0197208,524288
2x4,0.1395625,0.0384493,1048576
3x3,0.0007916,0.0005947,512
3x3,0.0009678,0.0006377,1024
3x3,0.0017750,0.0009584,4096
3x3,0.0035709,0.0011500,8192
3x3,0.0055321,0.0021568,16384
3x3,0.0078382,0.0027468,32768
3x3,0.0143850,0.0039231,65536
3x3,0.0252790,0.0068476,131072
3x3,0.0457011,0.0126967,262144
3x3,0.0849813,0.0244013,524288
3x3,0.1714515,0.0478073,1048576
4x2,0.0007902,0.0006012,512
4x2,0.0011332,0.0006758,1024
4x2,0.0024404,0.0010005,4096
4x2,0.0032599,0.0012745,8192
4x2,0.0051151,0.0023520,16384
4x2,0.0080977,0.0032281,32768
4x2,0.0145570,0.0050924,65536
4x2,0.0258871,0.0091854,131072
4x2,0.0465954,0.0173795,262144
4x2,0.0922662,0.0337657,524288
4x2,0.1743220,0.0665378,1048576
2x5,0.0007785,0.0005935,512
2x5,0.0009168,0.0006379,1024
2x5,0.0019350,0.0009574,4096
2x5,0.0036959,0.0011528,8192
2x5,0.0053738,0.0021616,16384
2x5,0.0078334,0.0027430,32768
2x5,0.0129649,0.0039216,65536
2x5,0.0238966,0.0068451,131072
2x5,0.0433526,0.0127015,262144
2x5,0.0810928,0.0244013,524288
2x5,0.1574736,0.0478171,1048576
3x4,0.0008965,0.0005952,512
3x4,0.0010334,0.0006386,1024
3x4,0.0018498,0.0009564,4096
3x4,0.0038485,0.0011519,8192
3x4,0.0060261,0.0021705,16384
3x4,0.0092994,0.0027456,32768
3x4,0.0161798,0.0039182,65536
3x4,0.0283953,0.0068461,131072
3x4,0.0538265,0.0126983,262144
3x4,0.1021890,0.0244019,524288
3x4,0.2002275,0.0478111,1048576
4x3,0.0009146,0.0006086,512
4x3,0.0011684,0.0006598,1024
4x3,0.0029022,0.0010529,4096
4x3,0.0036524,0.0013485,8192
4x3,0.0060028,0.0024480,16384
4x3,0.0096520,0.0033270,32768
4x3,0.0168509,0.0050884,65536
4x3,0.0306224,0.0091883,131072
4x3,0.0572987,0.0173821,262144
4x3,0.1113495,0.0337699,524288
4x3,0.2315228,0.0665484,1048576
5x2,0.0009365,0.0006185,512
5x2,0.0012019,0.0007249,1024
5x2,0.0028136,0.0011026,4096
5x2,0.0035839,0.0014713,8192
5x2,0.0057602,0.0026532,16384
5x2,0.0092971,0.0038395,32768
5x2,0.0171384,0.0062584,65536
5x2,0.0294792,0.0115251,131072
5x2,0.0576386,0.0220626,262144
5x2,0.1099525,0.0431290,524288
5x2,0.2156699,0.0852857,1048576
2x6,0.0007961,0.0006018,512
2x6,0.0010054,0.0006518,1024
2x6,0.0018685,0.0010047,4096
2x6,0.0036271,0.0012447,8192
2x6,0.0055162,0.0023078,16384
2x6,0.0091666,0.0030376,32768
2x6,0.0165075,0.0045058,65536
2x6,0.0270967,0.0080181,131072
2x6,0.0494606,0.0150394,262144
2x6,0.0946224,0.0290996,524288
2x6,0.1868459,0.0571824,1048576
3x5,0.0008449,0.0006021,512
3x5,0.0010914,0.0006729,1024
3x5,0.0020818,0.0009688,4096
3x5,0.0041712,0.0011537,8192
3x5,0.0064563,0.0021629,16384
3x5,0.0111699,0.0027509,32768
3x5,0.0197536,0.0039680,65536
3x5,0.0376567,0.0068762,131072
3x5,0.0703680,0.0127498,262144
3x5,0.1281555,0.0244366,524288
3x5,0.2448033,0.0478414,1048576
4x4,0.0008784,0.0006093,512
4x4,0.0013248,0.0006714,1024
4x4,0.0032919,0.0010514,4096
4x4,0.0042714,0.0013515,8192
4x4,0.0070607,0.0024583,16384
4x4,0.0113015,0.0033317,32768
4x4,0.0205230,0.0051224,65536
4x4,0.0368730,0.0091937,131072
4x4,0.0702639,0.0174467,262144
4x4,0.1399039,0.0337655,524288
4x4,0.2673954,0.0665384,1048576
5x3,0.0011288,0.0006339,512
5x3,0.0011872,0.0006989,1024
5x3,0.0030960,0.0011546,4096
5x3,0.0042655,0.0015475,8192
5x3,0.0072376,0.0027448,16384
5x3,0.0118466,0.0039167,32768
5x3,0.0207469,0.0062701,65536
5x3,0.0387854,0.0115251,131072
5x3,0.0745067,0.0220669,262144
5x3,0.1383919,0.0431273,524288
5x3,0.2744611,0.0852629,1048576
6x2,0.0009545,0.0006299,512
6x2,0.0011872,0.0006931,1024
6x2,0.0030100,0.0011979,4096
6x2,0.0037898,0.0016648,8192
6x2,0.0063285,0.0029433,16384
6x2,0.0110771,0.0044104,32768
6x2,0.0180307,0.0074280,65536
6x2,0.0343042,0.0138654,131072
6x2,0.0678559,0.0267412,262144
6x2,0.1287973,0.0524915,524288
6x2,0.2530506,0.1039886,1048576
2x7,0.0008433,0.0006089,512
2x7,0.0009673,0.0006600,1024
2x7,0.0020540,0.0010515,4096
2x7,0.0033616,0.0013462,8192
2x7,0.0056048,0.0024528,16384
2x7,0.0087539,0.0033274,32768
2x7,0.0149090,0.0050907,65536
2x7,0.0277989,0.0091864,131072
2x7,0.0525554,0.0173794,262144
2x7,0.1054730,0.0337738,524288
2x7,0.2123102,0.0665558,1048576
3x6,0.0009568,0.0006068,512
3x6,0.0011266,0.0006543,1024
3x6,0.0022767,0.0010051,4096
3x6,0.0042631,0.0012509,8192
3x6,0.0070077,0.0023053,16384
3x6,0.0111418,0.0030381,32768
3x6,0.0192147,0.0045135,65536
3x6,0.0360414,0.0080168,131072
3x6,0.0750997,0.0150469,262144
3x6,0.1382131,0.0290853,524288
3x6,0.2846134,0.0572086,1048576
4x5,0.0010621,0.0006205,512
4x5,0.0012358,0.0006660,1024
4x5,0.0032021,0.0010671,4096
4x5,0.0046190,0.0013512,8192
4x5,0.0077961,0.0024542,16384
4x5,0.0128951,0.0033305,32768
4x5,0.0225857,0.0051025,65536
4x5,0.0418916,0.0091963,131072
4x5,0.0787751,0.0173797,262144
4x5,0.1668038,0.0337649,524288
4x5,0.3311454,0.0665500,1048576
5x4,0.0009989,0.0006254,512
5x4,0.0013771,0.0006830,1024
5x4,0.0033410,0.0011339,4096
5x4,0.0045194,0.0015500,8192
5x4,0.0085351,0.0027473,16384
5x4,0.0137707,0.0039158,32768
5x4,0.0233588,0.0062641,65536
5x4,0.0462306,0.0115265,131072
5x4,0.0846989,0.0220607,262144
5x4,0.1714387,0.0431518,524288
5x4,0.3358267,0.0852639,1048576
6x3,0.0010441,0.0006558,512
6x3,0.0012967,0.0007111,1024
6x3,0.0034758,0.0012504,4096
6x3,0.0046468,0.0017454,8192
6x3,0.0084189,0.0030371,16384
6x3,0.0134004,0.0044996,32768
6x3,0.0257964,0.0074321,65536
6x3,0.0466038,0.0138694,131072
6x3,0.0832393,0.0267413,262144
6x3,0.1730020,0.0524948,524288
6x3,0.3281569,0.1039889,1048576
7x2,0.0009411,0.0006445,512
7x2,0.0012714,0.0007137,1024
7x2,0.0032555,0.0013003,4096
7x2,0.0044379,0.0018662,8192
7x2,0.0072123,0.0032616,16384
7x2,0.0130039,0.0049840,32768
7x2,0.0225674,0.0085981,65536
7x2,0.0425829,0.0162113,131072
7x2,0.0796376,0.0314219,262144
7x2,0.1554062,0.0618523,524288
7x2,0.2969748,0.1227164,1048576
2x8,0.0008092,0.0006732,512
2x8,0.0010482,0.0006713,1024
2x8,0.0021047,0.0011005,4096
2x8,0.0038404,0.0014468,8192
2x8,0.0060927,0.0025974,16384
2x8,0.0095990,0.0036232,32768
2x8,0.0170185,0.0056791,65536
2x8,0.0311867,0.0103589,131072
2x8,0.0601887,0.0197251,262144
2x8,0.1161386,0.0384507,524288
2x8,0.2372982,0.0759077,1048576
3x7,0.0008776,0.0006166,512
3x7,0.0011578,0.0007568,1024
3x7,0.0027560,0.0010849,4096
3x7,0.0046168,0.0013733,8192
3x7,0.0078331,0.0024585,16384
3x7,0.0138222,0.0033508,32768
3x7,0.0235356,0.0050989,65536
3x7,0.0424318,0.0091939,131072
3x7,0.0815242,0.0173826,262144
3x7,0.1592095,0.0337831,524288
3x7,0.3154683,0.0665499,1048576
4x6,0.0010898,0.0006648,512
4x6,0.0015131,0.0006697,1024
4x6,0.0042601,0.0010743,4096
4x6,0.0051697,0.0013490,8192
4x6,0.0080066,0.0024572,16384
4x6,0.0136980,0.0033327,32768
4x6,0.0284511,0.0051002,65536
4x6,0.0507958,0.0091915,131072
4x6,0.0951896,0.0173870,262144
4x6,0.1850344,0.0337661,524288
4x6,0.3804362,0.0665514,1048576
5x5,0.0010374,0.0006536,512
5x5,0.0014325,0.0006919,1024
5x5,0.0037987,0.0011581,4096
5x5,0.0055586,0.0015501,8192
5x5,0.0095394,0.0027456,16384
5x5,0.0152188,0.0039151,32768
5x5,0.0263935,0.0062610,65536
5x5,0.0530126,0.0115351,131072
5x5,0.1002676,0.0220607,262144
5x5,0.1999705,0.0431394,524288
5x5,0.3987569,0.0852738,1048576
6x4,0.0010489,0.0006372,512
6x4,0.0013633,0.0007049,1024
6x4,0.0035033,0.0012549,4096
6x4,0.0048710,0.0017483,8192
6x4,0.0085841,0.0030364,16384
6x4,0.0170761,0.0045062,32768
6x4,0.0296400,0.0074300,65536
6x4,0.0528608,0.0138670,131072
6x4,0.0976024,0.0267419,262144
6x4,0.1916922,0.0525091,524288
6x4,0.3919854,0.1039907,1048576
7x3,0.0010061,0.0006535,512
7x3,0.0013429,0.0007263,1024
7x3,0.0034244,0.0013477,4096
7x3,0.0054112,0.0019421,8192
7x3,0.0090730,0.0033299,16384
7x3,0.0153985,0.0050840,32768
7x3,0.0276722,0.0085990,65536
7x3,0.0497337,0.0162137,131072
7x3,0.1011503,0.0314347,262144
7x3,0.1935407,0.0618535,524288
7x3,0.3910383,0.1227167,1048576
8x2,0.0011097,0.0006590,512
8x2,0.0013245,0.0007376,1024
8x2,0.0033618,0.0014002,4096
8x2,0.0046923,0.0020619,8192
8x2,0.0082189,0.0035296,16384
8x2,0.0142522,0.0055702,32768
8x2,0.0249288,0.0097723,65536
8x2,0.0447402,0.0185491,131072
8x2,0.0854142,0.0361043,262144
8x2,0.1721344,0.0712167,524288
8x2,0.3334937,0.1414427,1048576
2x9,0.0008454,0.0006230,512
2x9,0.0010100,0.0006823,1024
2x9,0.0021561,0.0011512,4096
2x9,0.0038387,0.0015454,8192
2x9,0.0068569,0.0027440,16384
2x9,0.0104931,0.0039126,32768
2x9,0.0183326,0.0062640,65536
2x9,0.0343536,0.0115281,131072
2x9,0.0636369,0.0220649,262144
2x9,0.1253870,0.0431322,524288
2x9,0.2635400,0.0852705,1048576
3x8,0.0010963,0.0006178,512
3x8,0.0013880,0.0006806,1024
3x8,0.0026300,0.0011087,4096
3x8,0.0045705,0.0014493,8192
3x8,0.0085706,0.0026017,16384
3x8,0.0145749,0.0036799,32768
3x8,0.0272128,0.0056798,65536
3x8,0.0452059,0.0103586,131072
3x8,0.0927089,0.0197357,262144
3x8,0.1742902,0.0384670,524288
3x8,0.3266506,0.0759283,1048576
4x7,0.0009694,0.0006329,512
4x7,0.0014282,0.0006672,1024
4x7,0.0037478,0.0010757,4096
4x7,0.0051711,0.0013517,8192
4x7,0.0089292,0.0024571,16384
4x7,0.0148864,0.0033316,32768
4x7,0.0279039,0.0051188,65536
4x7,0.0538118,0.0092194,131072
4x7,0.1029697,0.0174113,262144
4x7,0.2139573,0.0337980,524288
4x7,0.4027260,0.0665709,1048576
5x6,0.0010699,0.0006343,512
5x6,0.0016543,0.0007033,1024
5x6,0.0038129,0.0011634,4096
5x6,0.0057050,0.0015466,8192
5x6,0.0097936,0.0027534,16384
5x6,0.0166942,0.0039167,32768
5x6,0.0299046,0.0062612,65536
5x6,0.0578950,0.0115266,131072
5x6,0.1125028,0.0220621,262144
5x6,0.2350365,0.0431335,524288
5x6,0.4379262,0.0852913,1048576
6x5,0.0011905,0.0006619,512
6x5,0.0014744,0.0007108,1024
6x5,0.0039362,0.0012530,4096
6x5,0.0056247,0.0017452,8192
6x5,0.0097753,0.0030384,16384
6x5,0.0175827,0.0044992,32768
6x5,0.0316318,0.0074321,65536
6x5,0.0630108,0.0138883,131072
6x5,0.1222109,0.0267488,262144
6x5,0.2441553,0.0525125,524288
6x5,0.4761422,0.1040146,1048576
7x4,0.0010863,0.0006540,512
7x4,0.0014640,0.0007282,1024
7x4,0.0038087,0.0013514,4096
7x4,0.0054916,0.0019396,8192
7x4,0.0094196,0.0033299,16384
7x4,0.0174211,0.0050863,32768
7x4,0.0304628,0.0086014,65536
7x4,0.0580587,0.0162081,131072
7x4,0.1152864,0.0314233,262144
7x4,0.2227438,0.0618774,524288
7x4,0.4420704,0.1227179,1048576
8x3,0.0011312,0.0006658,512
8x3,0.0013809,0.0007475,1024
8x3,0.0038091,0.0014472,4096
8x3,0.0052229,0.0021366,8192
8x3,0.0087742,0.0036208,16384
8x3,0.0154228,0.0056852,32768
8x3,0.0283024,0.0097933,65536
8x3,0.0547782,0.0185611,131072
8x3,0.1076114,0.0361046,262144
8x3,0.2109794,0.0712672,524288
8x3,0.4161112,0.1414449,1048576
9x2,0.0012590,0.0006728,512
9x2,0.0012984,0.0007619,1024
9x2,0.0034583,0.0014942,4096
9x2,0.0048763,0.0022766,8192
9x2,0.0084553,0.0038171,16384
9x2,0.0137830,0.0061558,32768
9x2,0.0262042,0.0109421,65536
9x2,0.0483549,0.0208869,131072
9x2,0.0961746,0.0407867,262144
9x2,0.1856589,0.0805823,524288
9x2,0.3859063,0.1601702,1048576
2x10,0.0008430,0.0006515,512
2x10,0.0010472,0.0007016,1024
2x10,0.0022046,0.0012005,4096
2x10,0.0041448,0.0016471,8192
2x10,0.0071971,0.0028899,16384
2x10,0.0122277,0.0042111,32768
2x10,0.0233166,0.0068517,65536
2x10,0.0384898,0.0127064,131072
2x10,0.0771894,0.0244617,262144
2x10,0.1457080,0.0478678,524288
2x10,0.2906858,0.0946378,1048576
3x9,0.0009801,0.0006308,512
3x9,0.0012998,0.0006861,1024
3x9,0.0026903,0.0011636,4096
3x9,0.0051498,0.0015553,8192
3x9,0.0082400,0.0027663,16384
3x9,0.0138169,0.0039182,32768
3x9,0.0254368,0.0062646,65536
3x9,0.0481934,0.0115349,131072
3x9,0.1009215,0.0220834,262144
3x9,0.2126122,0.0431377,524288
3x9,0.6302690,0.0852708,1048576
4x8,0.0010130,0.0006641,512
4x8,0.0013938,0.0006809,1024
4x8,0.0045578,0.0011144,4096
4x8,0.0059236,0.0014605,8192
4x8,0.0109572,0.0026061,16384
4x8,0.0209208,0.0036325,32768
4x8,0.0325900,0.0056852,65536
4x8,0.0638446,0.0103630,131072
4x8,0.1151104,0.0197258,262144
4x8,0.2219392,0.0384525,524288
4x8,0.4690648,0.0759483,1048576
5x7,0.0011315,0.0006362,512
5x7,0.0015066,0.0006975,1024
5x7,0.0039159,0.0011573,4096
5x7,0.0067662,0.0015519,8192
5x7,0.0114702,0.0027556,16384
5x7,0.0201748,0.0039201,32768
5x7,0.0353072,0.0062711,65536
5x7,0.0719335,0.0115403,131072
5x7,0.1394907,0.0220733,262144
5x7,0.2486497,0.0431334,524288
5x7,0.5115900,0.0852698,1048576
6x6,0.0011034,0.0006405,512
6x6,0.0015692,0.0007101,1024
6x6,0.0041639,0.0012650,4096
6x6,0.0072584,0.0017529,8192
6x6,0.0108922,0.0030433,16384
6x6,0.0195362,0.0045038,32768
6x6,0.0375082,0.0074370,65536
6x6,0.0705191,0.0138782,131072
6x6,0.1441044,0.0267506,262144
6x6,0.2792635,0.0525027,524288
6x6,0.5705244,0.1040180,1048576
7x5,0.0011275,0.0006559,512
7x5,0.0016898,0.0007378,1024
7x5,0.0042628,0.0013542,4096
7x5,0.0062849,0.0019439,8192
7x5,0.0113728,0.0033374,16384
7x5,0.0193498,0.0050879,32768
7x5,0.0360488,0.0086190,65536
7x5,0.0688260,0.0162096,131072
7x5,0.1362871,0.0314316,262144
7x5,0.2637014,0.0618627,524288
7x5,0.5318805,0.1227534,1048576
8x4,0.0014949,0.0006634,512
8x4,0.0016032,0.0007575,1024
8x4,0.0040512,0.0014495,4096
8x4,0.0063336,0.0021372,8192
8x4,0.0106717,0.0036224,16384
8x4,0.0185246,0.0056702,32768
8x4,0.0359828,0.0097990,65536
8x4,0.0663953,0.0185502,131072
8x4,0.1437225,0.0361239,262144
8x4,0.2767224,0.0712248,524288
8x4,0.5152978,0.1414519,1048576
9x3,0.0011367,0.0006824,512
9x3,0.0015771,0.0007719,1024
9x3,0.0042140,0.0015484,4096
9x3,0.0066643,0.0023377,8192
9x3,0.0111221,0.0039320,16384
9x3,0.0203317,0.0062573,32768
9x3,0.0345152,0.0109412,65536
9x3,0.0637603,0.0208899,131072
9x3,0.1237475,0.0407878,262144
9x3,0.2484675,0.0805819,524288
9x3,0.4891728,0.1601863,1048576
10x2,0.0011356,0.0006879,512
10x2,0.0013953,0.0007632,1024
10x2,0.0039031,0.0015950,4096
10x2,0.0054105,0.0024637,8192
10x2,0.0092916,0.0041073,16384
10x2,0.0165861,0.0067415,32768
10x2,0.0305974,0.0121276,65536
10x2,0.0548636,0.0232273,131072
10x2,0.1116280,0.0454926,262144
10x2,0.2107681,0.0899817,524288
10x2,0.4378534,0.1788971,1048576
2x11,0.0011708,0.0006377,512
2x11,0.0012084,0.0007070,1024
2x11,0.0024167,0.0012522,4096
2x11,0.0052622,0.0017468,8192
2x11,0.0081487,0.0030359,16384
2x11,0.0128256,0.0045141,32768
2x11,0.0237400,0.0074374,65536
2x11,0.0414746,0.0138714,131072
2x11,0.0764361,0.0267791,262144
2x11,0.1450996,0.0525096,524288
2x11,0.2842493,0.1039930,1048576
3x10,0.0009697,0.0006370,512
3x10,0.0014912,0.0007181,1024
3x10,0.0027924,0.0012097,4096
3x10,0.0059958,0.0016535,8192
3x10,0.0098998,0.0028950,16384
3x10,0.0181291,0.0042132,32768
3x10,0.0286326,0.0068588,65536
3x10,0.0528041,0.0126991,131072
3x10,0.1060471,0.0244657,262144
3x10,0.1956562,0.0478175,524288
3x10,0.4001342,0.0946299,1048576
4x9,0.0011833,0.0006489,512
4x9,0.0015088,0.0006917,1024
4x9,0.0048041,0.0011674,4096
4x9,0.0062327,0.0015496,8192
4x9,0.0117392,0.0027617,16384
4x9,0.0187622,0.0039192,32768
4x9,0.0355920,0.0062951,65536
4x9,0.0629046,0.0115359,131072
4x9,0.1201354,0.0220650,262144
4x9,0.2344336,0.0431308,524288
4x9,0.4712442,0.0852688,1048576
5x8,0.0012917,0.0006372,512
5x8,0.0016086,0.0006954,1024
5x8,0.0045143,0.0011646,4096
5x8,0.0067205,0.0015576,8192
5x8,0.0132083,0.0027534,16384
5x8,0.0201422,0.0039205,32768
5x8,0.0368231,0.0062680,65536
5x8,0.0685933,0.0115532,131072
5x8,0.1385985,0.0220625,262144
5x8,0.2639278,0.0431298,524288
5x8,0.5545960,0.0852896,1048576
6x7,0.0012296,0.0006420,512
6x7,0.0017249,0.0007128,1024
6x7,0.0047237,0.0012565,4096
6x7,0.0077099,0.0017605,8192
6x7,0.0124236,0.0030407,16384
6x7,0.0246399,0.0045050,32768
6x7,0.0506279,0.0074321,65536
6x7,0.1103446,0.0138691,131072
6x7,0.1483065,0.0267452,262144
6x7,0.3262931,0.0525003,524288
6x7,0.5879963,0.1042640,1048576
7x6,0.0012133,0.0006673,512
7x6,0.0016126,0.0007423,1024
7x6,0.0048855,0.0013544,4096
7x6,0.0076968,0.0019428,8192
7x6,0.0131683,0.0033319,16384
7x6,0.0232501,0.0050876,32768
7x6,0.0696932,0.0086016,65536
7x6,0.0803867,0.0162146,131072
7x6,0.1663739,0.0314254,262144
7x6,0.3087505,0.0618774,524288
7x6,0.6159473,0.1292473,1048576
8x5,0.0012432,0.0006786,512
8x5,0.0019767,0.0007560,1024
8x5,0.0050285,0.0014871,4096
8x5,0.0076165,0.0021414,8192
8x5,0.0136282,0.0036244,16384
8x5,0.0240473,0.0056707,32768
8x5,0.0423843,0.0097855,65536
8x5,0.0772224,0.0185513,131072
8x5,0.1532482,0.0361070,262144
8x5,0.2990202,0.0712188,524288
8x5,0.6721837,0.1414622,1048576
9x4,0.0014251,0.0006906,512
9x4,0.0019856,0.0007970,1024
9x4,0.0058911,0.0015512,4096
9x4,0.0082670,0.0023385,8192
9x4,0.0155660,0.0039136,16384
9x4,0.0245127,0.0062572,32768
9x4,0.0494193,0.0109444,65536
9x4,0.0906867,0.0209218,131072
9x4,0.1553601,0.0407872,262144
9x4,0.2949985,0.0805938,524288
9x4,0.5736301,0.1602149,1048576
10x3,0.0012291,0.0006970,512
10x3,0.0017422,0.0007951,1024
10x3,0.0043476,0.0016449,4096
10x3,0.0070696,0.0025324,8192
10x3,0.0126453,0.0042075,16384
10x3,0.0200358,0.0068406,32768
10x3,0.0379878,0.0121129,65536
10x3,0.0706097,0.0232312,131072
10x3,0.1364773,0.0454716,262144
10x3,0.2692259,0.0899494,524288
10x3,0.5269234,0.1788972,1048576
11x2,0.0012107,0.0007001,512
11x2,0.0015673,0.0008054,1024
11x2,0.0039801,0.0017172,4096
11x2,0.0062155,0.0026587,8192
11x2,0.0101934,0.0044135,16384
11x2,0.0182986,0.0073272,32768
11x2,0.0322913,0.0132820,65536
11x2,0.0624126,0.0255715,131072
11x2,0.1250965,0.0501520,262144
11x2,0.2319308,0.0993075,524288
11x2,0.4594770,0.1976293,1048576
