0	12	13	14	15	16	17	18	19	20	21	22	23	1	2	3	4	5	6	7	8	9	10	11	25	26	27	28	29	30	31	32	33	34	35	24	37	38	39	40	41	42	43	44	45	46	47	36	49	50	51	52	53	54	55	56	57	58	59	48	61	62	63	64	65	66	67	68	69	70	71	60	73	74	75	76	77	78	79	80	81	82	83	72	85	86	87	88	89	90	91	92	93	94	95	84	97	98	99	100	101	102	103	104	105	106	107	96	109	110	111	112	113	114	115	116	117	118	119	108	121	122	123	124	125	126	127	128	129	130	131	120	133	134	135	136	137	138	139	140	141	142	143	132	145	146	147	148	149	150	151	152	153	154	155	144	
1	24	25	26	27	28	29	30	31	32	33	34	35	2	3	4	5	6	7	8	9	10	11	0	13	14	15	16	17	18	19	20	21	22	23	12	38	39	40	41	42	43	44	45	46	47	36	37	50	51	52	53	54	55	56	57	58	59	48	49	62	63	64	65	66	67	68	69	70	71	60	61	74	75	76	77	78	79	80	81	82	83	72	73	86	87	88	89	90	91	92	93	94	95	84	85	98	99	100	101	102	103	104	105	106	107	96	97	110	111	112	113	114	115	116	117	118	119	108	109	122	123	124	125	126	127	128	129	130	131	120	121	134	135	136	137	138	139	140	141	142	143	132	133	146	147	148	149	150	151	152	153	154	155	144	145	
2	36	37	38	39	40	41	42	43	44	45	46	47	3	4	5	6	7	8	9	10	11	0	1	14	15	16	17	18	19	20	21	22	23	12	13	26	27	28	29	30	31	32	33	34	35	24	25	51	52	53	54	55	56	57	58	59	48	49	50	63	64	65	66	67	68	69	70	71	60	61	62	75	76	77	78	79	80	81	82	83	72	73	74	87	88	89	90	91	92	93	94	95	84	85	86	99	100	101	102	103	104	105	106	107	96	97	98	111	112	113	114	115	116	117	118	119	108	109	110	123	124	125	126	127	128	129	130	131	120	121	122	135	136	137	138	139	140	141	142	143	132	133	134	147	148	149	150	151	152	153	154	155	144	145	146	
3	48	49	50	51	52	53	54	55	56	57	58	59	4	5	6	7	8	9	10	11	0	1	2	15	16	17	18	19	20	21	22	23	12	13	14	27	28	29	30	31	32	33	34	35	24	25	26	39	40	41	42	43	44	45	46	47	36	37	38	64	65	66	67	68	69	70	71	60	61	62	63	76	77	78	79	80	81	82	83	72	73	74	75	88	89	90	91	92	93	94	95	84	85	86	87	100	101	102	103	104	105	106	107	96	97	98	99	112	113	114	115	116	117	118	119	108	109	110	111	124	125	126	127	128	129	130	131	120	121	122	123	136	137	138	139	140	141	142	143	132	133	134	135	148	149	150	151	152	153	154	155	144	145	146	147	
4	60	61	62	63	64	65	66	67	68	69	70	71	5	6	7	8	9	10	11	0	1	2	3	16	17	18	19	20	21	22	23	12	13	14	15	28	29	30	31	32	33	34	35	24	25	26	27	40	41	42	43	44	45	46	47	36	37	38	39	52	53	54	55	56	57	58	59	48	49	50	51	77	78	79	80	81	82	83	72	73	74	75	76	89	90	91	92	93	94	95	84	85	86	87	88	101	102	103	104	105	106	107	96	97	98	99	100	113	114	115	116	117	118	119	108	109	110	111	112	125	126	127	128	129	130	131	120	121	122	123	124	137	138	139	140	141	142	143	132	133	134	135	136	149	150	151	152	153	154	155	144	145	146	147	148	
5	72	73	74	75	76	77	78	79	80	81	82	83	6	7	8	9	10	11	0	1	2	3	4	17	18	19	20	21	22	23	12	13	14	15	16	29	30	31	32	33	34	35	24	25	26	27	28	41	42	43	44	45	46	47	36	37	38	39	40	53	54	55	56	57	58	59	48	49	50	51	52	65	66	67	68	69	70	71	60	61	62	63	64	90	91	92	93	94	95	84	85	86	87	88	89	102	103	104	105	106	107	96	97	98	99	100	101	114	115	116	117	118	119	108	109	110	111	112	113	126	127	128	129	130	131	120	121	122	123	124	125	138	139	140	141	142	143	132	133	134	135	136	137	150	151	152	153	154	155	144	145	146	147	148	149	
6	84	85	86	87	88	89	90	91	92	93	94	95	7	8	9	10	11	0	1	2	3	4	5	18	19	20	21	22	23	12	13	14	15	16	17	30	31	32	33	34	35	24	25	26	27	28	29	42	43	44	45	46	47	36	37	38	39	40	41	54	55	56	57	58	59	48	49	50	51	52	53	66	67	68	69	70	71	60	61	62	63	64	65	78	79	80	81	82	83	72	73	74	75	76	77	103	104	105	106	107	96	97	98	99	100	101	102	115	116	117	118	119	108	109	110	111	112	113	114	127	128	129	130	131	120	121	122	123	124	125	126	139	140	141	142	143	132	133	134	135	136	137	138	151	152	153	154	155	144	145	146	147	148	149	150	
7	96	97	98	99	100	101	102	103	104	105	106	107	8	9	10	11	0	1	2	3	4	5	6	19	20	21	22	23	12	13	14	15	16	17	18	31	32	33	34	35	24	25	26	27	28	29	30	43	44	45	46	47	36	37	38	39	40	41	42	55	56	57	58	59	48	49	50	51	52	53	54	67	68	69	70	71	60	61	62	63	64	65	66	79	80	81	82	83	72	73	74	75	76	77	78	91	92	93	94	95	84	85	86	87	88	89	90	116	117	118	119	108	109	110	111	112	113	114	115	128	129	130	131	120	121	122	123	124	125	126	127	140	141	142	143	132	133	134	135	136	137	138	139	152	153	154	155	144	145	146	147	148	149	150	151	
8	108	109	110	111	112	113	114	115	116	117	118	119	9	10	11	0	1	2	3	4	5	6	7	20	21	22	23	12	13	14	15	16	17	18	19	32	33	34	35	24	25	26	27	28	29	30	31	44	45	46	47	36	37	38	39	40	41	42	43	56	57	58	59	48	49	50	51	52	53	54	55	68	69	70	71	60	61	62	63	64	65	66	67	80	81	82	83	72	73	74	75	76	77	78	79	92	93	94	95	84	85	86	87	88	89	90	91	104	105	106	107	96	97	98	99	100	101	102	103	129	130	131	120	121	122	123	124	125	126	127	128	141	142	143	132	133	134	135	136	137	138	139	140	153	154	155	144	145	146	147	148	149	150	151	152	
9	120	121	122	123	124	125	126	127	128	129	130	131	10	11	0	1	2	3	4	5	6	7	8	21	22	23	12	13	14	15	16	17	18	19	20	33	34	35	24	25	26	27	28	29	30	31	32	45	46	47	36	37	38	39	40	41	42	43	44	57	58	59	48	49	50	51	52	53	54	55	56	69	70	71	60	61	62	63	64	65	66	67	68	81	82	83	72	73	74	75	76	77	78	79	80	93	94	95	84	85	86	87	88	89	90	91	92	105	106	107	96	97	98	99	100	101	102	103	104	117	118	119	108	109	110	111	112	113	114	115	116	142	143	132	133	134	135	136	137	138	139	140	141	154	155	144	145	146	147	148	149	150	151	152	153	
10	132	133	134	135	136	137	138	139	140	141	142	143	11	0	1	2	3	4	5	6	7	8	9	22	23	12	13	14	15	16	17	18	19	20	21	34	35	24	25	26	27	28	29	30	31	32	33	46	47	36	37	38	39	40	41	42	43	44	45	58	59	48	49	50	51	52	53	54	55	56	57	70	71	60	61	62	63	64	65	66	67	68	69	82	83	72	73	74	75	76	77	78	79	80	81	94	95	84	85	86	87	88	89	90	91	92	93	106	107	96	97	98	99	100	101	102	103	104	105	118	119	108	109	110	111	112	113	114	115	116	117	130	131	120	121	122	123	124	125	126	127	128	129	155	144	145	146	147	148	149	150	151	152	153	154	
11	144	145	146	147	148	149	150	151	152	153	154	155	0	1	2	3	4	5	6	7	8	9	10	23	12	13	14	15	16	17	18	19	20	21	22	35	24	25	26	27	28	29	30	31	32	33	34	47	36	37	38	39	40	41	42	43	44	45	46	59	48	49	50	51	52	53	54	55	56	57	58	71	60	61	62	63	64	65	66	67	68	69	70	83	72	73	74	75	76	77	78	79	80	81	82	95	84	85	86	87	88	89	90	91	92	93	94	107	96	97	98	99	100	101	102	103	104	105	106	119	108	109	110	111	112	113	114	115	116	117	118	131	120	121	122	123	124	125	126	127	128	129	130	143	132	133	134	135	136	137	138	139	140	141	142	
12	0	1	2	3	4	5	6	7	8	9	10	11	13	14	15	16	17	18	19	20	21	22	23	24	25	26	27	28	29	30	31	32	33	34	35	36	37	38	39	40	41	42	43	44	45	46	47	48	49	50	51	52	53	54	55	56	57	58	59	60	61	62	63	64	65	66	67	68	69	70	71	72	73	74	75	76	77	78	79	80	81	82	83	84	85	86	87	88	89	90	91	92	93	94	95	96	97	98	99	100	101	102	103	104	105	106	107	108	109	110	111	112	113	114	115	116	117	118	119	120	121	122	123	124	125	126	127	128	129	130	131	132	133	134	135	136	137	138	139	140	141	142	143	144	145	146	147	148	149	150	151	152	153	154	155	
13	25	26	27	28	29	30	31	32	33	34	35	24	14	15	16	17	18	19	20	21	22	23	12	38	39	40	41	42	43	44	45	46	47	36	37	50	51	52	53	54	55	56	57	58	59	48	49	62	63	64	65	66	67	68	69	70	71	60	61	74	75	76	77	78	79	80	81	82	83	72	73	86	87	88	89	90	91	92	93	94	95	84	85	98	99	100	101	102	103	104	105	106	107	96	97	110	111	112	113	114	115	116	117	118	119	108	109	122	123	124	125	126	127	128	129	130	131	120	121	134	135	136	137	138	139	140	141	142	143	132	133	146	147	148	149	150	151	152	153	154	155	144	145	1	2	3	4	5	6	7	8	9	10	11	0	
14	37	38	39	40	41	42	43	44	45	46	47	36	15	16	17	18	19	20	21	22	23	12	13	26	27	28	29	30	31	32	33	34	35	24	25	51	52	53	54	55	56	57	58	59	48	49	50	63	64	65	66	67	68	69	70	71	60	61	62	75	76	77	78	79	80	81	82	83	72	73	74	87	88	89	90	91	92	93	94	95	84	85	86	99	100	101	102	103	104	105	106	107	96	97	98	111	112	113	114	115	116	117	118	119	108	109	110	123	124	125	126	127	128	129	130	131	120	121	122	135	136	137	138	139	140	141	142	143	132	133	134	147	148	149	150	151	152	153	154	155	144	145	146	2	3	4	5	6	7	8	9	10	11	0	1	
15	49	50	51	52	53	54	55	56	57	58	59	48	16	17	18	19	20	21	22	23	12	13	14	27	28	29	30	31	32	33	34	35	24	25	26	39	40	41	42	43	44	45	46	47	36	37	38	64	65	66	67	68	69	70	71	60	61	62	63	76	77	78	79	80	81	82	83	72	73	74	75	88	89	90	91	92	93	94	95	84	85	86	87	100	101	102	103	104	105	106	107	96	97	98	99	112	113	114	115	116	117	118	119	108	109	110	111	124	125	126	127	128	129	130	131	120	121	122	123	136	137	138	139	140	141	142	143	132	133	134	135	148	149	150	151	152	153	154	155	144	145	146	147	3	4	5	6	7	8	9	10	11	0	1	2	
16	61	62	63	64	65	66	67	68	69	70	71	60	17	18	19	20	21	22	23	12	13	14	15	28	29	30	31	32	33	34	35	24	25	26	27	40	41	42	43	44	45	46	47	36	37	38	39	52	53	54	55	56	57	58	59	48	49	50	51	77	78	79	80	81	82	83	72	73	74	75	76	89	90	91	92	93	94	95	84	85	86	87	88	101	102	103	104	105	106	107	96	97	98	99	100	113	114	115	116	117	118	119	108	109	110	111	112	125	126	127	128	129	130	131	120	121	122	123	124	137	138	139	140	141	142	143	132	133	134	135	136	149	150	151	152	153	154	155	144	145	146	147	148	4	5	6	7	8	9	10	11	0	1	2	3	
17	73	74	75	76	77	78	79	80	81	82	83	72	18	19	20	21	22	23	12	13	14	15	16	29	30	31	32	33	34	35	24	25	26	27	28	41	42	43	44	45	46	47	36	37	38	39	40	53	54	55	56	57	58	59	48	49	50	51	52	65	66	67	68	69	70	71	60	61	62	63	64	90	91	92	93	94	95	84	85	86	87	88	89	102	103	104	105	106	107	96	97	98	99	100	101	114	115	116	117	118	119	108	109	110	111	112	113	126	127	128	129	130	131	120	121	122	123	124	125	138	139	140	141	142	143	132	133	134	135	136	137	150	151	152	153	154	155	144	145	146	147	148	149	5	6	7	8	9	10	11	0	1	2	3	4	
18	85	86	87	88	89	90	91	92	93	94	95	84	19	20	21	22	23	12	13	14	15	16	17	30	31	32	33	34	35	24	25	26	27	28	29	42	43	44	45	46	47	36	37	38	39	40	41	54	55	56	57	58	59	48	49	50	51	52	53	66	67	68	69	70	71	60	61	62	63	64	65	78	79	80	81	82	83	72	73	74	75	76	77	103	104	105	106	107	96	97	98	99	100	101	102	115	116	117	118	119	108	109	110	111	112	113	114	127	128	129	130	131	120	121	122	123	124	125	126	139	140	141	142	143	132	133	134	135	136	137	138	151	152	153	154	155	144	145	146	147	148	149	150	6	7	8	9	10	11	0	1	2	3	4	5	
19	97	98	99	100	101	102	103	104	105	106	107	96	20	21	22	23	12	13	14	15	16	17	18	31	32	33	34	35	24	25	26	27	28	29	30	43	44	45	46	47	36	37	38	39	40	41	42	55	56	57	58	59	48	49	50	51	52	53	54	67	68	69	70	71	60	61	62	63	64	65	66	79	80	81	82	83	72	73	74	75	76	77	78	91	92	93	94	95	84	85	86	87	88	89	90	116	117	118	119	108	109	110	111	112	113	114	115	128	129	130	131	120	121	122	123	124	125	126	127	140	141	142	143	132	133	134	135	136	137	138	139	152	153	154	155	144	145	146	147	148	149	150	151	7	8	9	10	11	0	1	2	3	4	5	6	
20	109	110	111	112	113	114	115	116	117	118	119	108	21	22	23	12	13	14	15	16	17	18	19	32	33	34	35	24	25	26	27	28	29	30	31	44	45	46	47	36	37	38	39	40	41	42	43	56	57	58	59	48	49	50	51	52	53	54	55	68	69	70	71	60	61	62	63	64	65	66	67	80	81	82	83	72	73	74	75	76	77	78	79	92	93	94	95	84	85	86	87	88	89	90	91	104	105	106	107	96	97	98	99	100	101	102	103	129	130	131	120	121	122	123	124	125	126	127	128	141	142	143	132	133	134	135	136	137	138	139	140	153	154	155	144	145	146	147	148	149	150	151	152	8	9	10	11	0	1	2	3	4	5	6	7	
21	121	122	123	124	125	126	127	128	129	130	131	120	22	23	12	13	14	15	16	17	18	19	20	33	34	35	24	25	26	27	28	29	30	31	32	45	46	47	36	37	38	39	40	41	42	43	44	57	58	59	48	49	50	51	52	53	54	55	56	69	70	71	60	61	62	63	64	65	66	67	68	81	82	83	72	73	74	75	76	77	78	79	80	93	94	95	84	85	86	87	88	89	90	91	92	105	106	107	96	97	98	99	100	101	102	103	104	117	118	119	108	109	110	111	112	113	114	115	116	142	143	132	133	134	135	136	137	138	139	140	141	154	155	144	145	146	147	148	149	150	151	152	153	9	10	11	0	1	2	3	4	5	6	7	8	
22	133	134	135	136	137	138	139	140	141	142	143	132	23	12	13	14	15	16	17	18	19	20	21	34	35	24	25	26	27	28	29	30	31	32	33	46	47	36	37	38	39	40	41	42	43	44	45	58	59	48	49	50	51	52	53	54	55	56	57	70	71	60	61	62	63	64	65	66	67	68	69	82	83	72	73	74	75	76	77	78	79	80	81	94	95	84	85	86	87	88	89	90	91	92	93	106	107	96	97	98	99	100	101	102	103	104	105	118	119	108	109	110	111	112	113	114	115	116	117	130	131	120	121	122	123	124	125	126	127	128	129	155	144	145	146	147	148	149	150	151	152	153	154	10	11	0	1	2	3	4	5	6	7	8	9	
23	145	146	147	148	149	150	151	152	153	154	155	144	12	13	14	15	16	17	18	19	20	21	22	35	24	25	26	27	28	29	30	31	32	33	34	47	36	37	38	39	40	41	42	43	44	45	46	59	48	49	50	51	52	53	54	55	56	57	58	71	60	61	62	63	64	65	66	67	68	69	70	83	72	73	74	75	76	77	78	79	80	81	82	95	84	85	86	87	88	89	90	91	92	93	94	107	96	97	98	99	100	101	102	103	104	105	106	119	108	109	110	111	112	113	114	115	116	117	118	131	120	121	122	123	124	125	126	127	128	129	130	143	132	133	134	135	136	137	138	139	140	141	142	11	0	1	2	3	4	5	6	7	8	9	10	
24	1	2	3	4	5	6	7	8	9	10	11	0	25	26	27	28	29	30	31	32	33	34	35	36	37	38	39	40	41	42	43	44	45	46	47	48	49	50	51	52	53	54	55	56	57	58	59	60	61	62	63	64	65	66	67	68	69	70	71	72	73	74	75	76	77	78	79	80	81	82	83	84	85	86	87	88	89	90	91	92	93	94	95	96	97	98	99	100	101	102	103	104	105	106	107	108	109	110	111	112	113	114	115	116	117	118	119	120	121	122	123	124	125	126	127	128	129	130	131	132	133	134	135	136	137	138	139	140	141	142	143	144	145	146	147	148	149	150	151	152	153	154	155	12	13	14	15	16	17	18	19	20	21	22	23	
25	13	14	15	16	17	18	19	20	21	22	23	12	26	27	28	29	30	31	32	33	34	35	24	37	38	39	40	41	42	43	44	45	46	47	36	49	50	51	52	53	54	55	56	57	58	59	48	61	62	63	64	65	66	67	68	69	70	71	60	73	74	75	76	77	78	79	80	81	82	83	72	85	86	87	88	89	90	91	92	93	94	95	84	97	98	99	100	101	102	103	104	105	106	107	96	109	110	111	112	113	114	115	116	117	118	119	108	121	122	123	124	125	126	127	128	129	130	131	120	133	134	135	136	137	138	139	140	141	142	143	132	145	146	147	148	149	150	151	152	153	154	155	144	0	1	2	3	4	5	6	7	8	9	10	11	
26	38	39	40	41	42	43	44	45	46	47	36	37	27	28	29	30	31	32	33	34	35	24	25	51	52	53	54	55	56	57	58	59	48	49	50	63	64	65	66	67	68	69	70	71	60	61	62	75	76	77	78	79	80	81	82	83	72	73	74	87	88	89	90	91	92	93	94	95	84	85	86	99	100	101	102	103	104	105	106	107	96	97	98	111	112	113	114	115	116	117	118	119	108	109	110	123	124	125	126	127	128	129	130	131	120	121	122	135	136	137	138	139	140	141	142	143	132	133	134	147	148	149	150	151	152	153	154	155	144	145	146	2	3	4	5	6	7	8	9	10	11	0	1	14	15	16	17	18	19	20	21	22	23	12	13	
27	50	51	52	53	54	55	56	57	58	59	48	49	28	29	30	31	32	33	34	35	24	25	26	39	40	41	42	43	44	45	46	47	36	37	38	64	65	66	67	68	69	70	71	60	61	62	63	76	77	78	79	80	81	82	83	72	73	74	75	88	89	90	91	92	93	94	95	84	85	86	87	100	101	102	103	104	105	106	107	96	97	98	99	112	113	114	115	116	117	118	119	108	109	110	111	124	125	126	127	128	129	130	131	120	121	122	123	136	137	138	139	140	141	142	143	132	133	134	135	148	149	150	151	152	153	154	155	144	145	146	147	3	4	5	6	7	8	9	10	11	0	1	2	15	16	17	18	19	20	21	22	23	12	13	14	
28	62	63	64	65	66	67	68	69	70	71	60	61	29	30	31	32	33	34	35	24	25	26	27	40	41	42	43	44	45	46	47	36	37	38	39	52	53	54	55	56	57	58	59	48	49	50	51	77	78	79	80	81	82	83	72	73	74	75	76	89	90	91	92	93	94	95	84	85	86	87	88	101	102	103	104	105	106	107	96	97	98	99	100	113	114	115	116	117	118	119	108	109	110	111	112	125	126	127	128	129	130	131	120	121	122	123	124	137	138	139	140	141	142	143	132	133	134	135	136	149	150	151	152	153	154	155	144	145	146	147	148	4	5	6	7	8	9	10	11	0	1	2	3	16	17	18	19	20	21	22	23	12	13	14	15	
29	74	75	76	77	78	79	80	81	82	83	72	73	30	31	32	33	34	35	24	25	26	27	28	41	42	43	44	45	46	47	36	37	38	39	40	53	54	55	56	57	58	59	48	49	50	51	52	65	66	67	68	69	70	71	60	61	62	63	64	90	91	92	93	94	95	84	85	86	87	88	89	102	103	104	105	106	107	96	97	98	99	100	101	114	115	116	117	118	119	108	109	110	111	112	113	126	127	128	129	130	131	120	121	122	123	124	125	138	139	140	141	142	143	132	133	134	135	136	137	150	151	152	153	154	155	144	145	146	147	148	149	5	6	7	8	9	10	11	0	1	2	3	4	17	18	19	20	21	22	23	12	13	14	15	16	
30	86	87	88	89	90	91	92	93	94	95	84	85	31	32	33	34	35	24	25	26	27	28	29	42	43	44	45	46	47	36	37	38	39	40	41	54	55	56	57	58	59	48	49	50	51	52	53	66	67	68	69	70	71	60	61	62	63	64	65	78	79	80	81	82	83	72	73	74	75	76	77	103	104	105	106	107	96	97	98	99	100	101	102	115	116	117	118	119	108	109	110	111	112	113	114	127	128	129	130	131	120	121	122	123	124	125	126	139	140	141	142	143	132	133	134	135	136	137	138	151	152	153	154	155	144	145	146	147	148	149	150	6	7	8	9	10	11	0	1	2	3	4	5	18	19	20	21	22	23	12	13	14	15	16	17	
31	98	99	100	101	102	103	104	105	106	107	96	97	32	33	34	35	24	25	26	27	28	29	30	43	44	45	46	47	36	37	38	39	40	41	42	55	56	57	58	59	48	49	50	51	52	53	54	67	68	69	70	71	60	61	62	63	64	65	66	79	80	81	82	83	72	73	74	75	76	77	78	91	92	93	94	95	84	85	86	87	88	89	90	116	117	118	119	108	109	110	111	112	113	114	115	128	129	130	131	120	121	122	123	124	125	126	127	140	141	142	143	132	133	134	135	136	137	138	139	152	153	154	155	144	145	146	147	148	149	150	151	7	8	9	10	11	0	1	2	3	4	5	6	19	20	21	22	23	12	13	14	15	16	17	18	
32	110	111	112	113	114	115	116	117	118	119	108	109	33	34	35	24	25	26	27	28	29	30	31	44	45	46	47	36	37	38	39	40	41	42	43	56	57	58	59	48	49	50	51	52	53	54	55	68	69	70	71	60	61	62	63	64	65	66	67	80	81	82	83	72	73	74	75	76	77	78	79	92	93	94	95	84	85	86	87	88	89	90	91	104	105	106	107	96	97	98	99	100	101	102	103	129	130	131	120	121	122	123	124	125	126	127	128	141	142	143	132	133	134	135	136	137	138	139	140	153	154	155	144	145	146	147	148	149	150	151	152	8	9	10	11	0	1	2	3	4	5	6	7	20	21	22	23	12	13	14	15	16	17	18	19	
33	122	123	124	125	126	127	128	129	130	131	120	121	34	35	24	25	26	27	28	29	30	31	32	45	46	47	36	37	38	39	40	41	42	43	44	57	58	59	48	49	50	51	52	53	54	55	56	69	70	71	60	61	62	63	64	65	66	67	68	81	82	83	72	73	74	75	76	77	78	79	80	93	94	95	84	85	86	87	88	89	90	91	92	105	106	107	96	97	98	99	100	101	102	103	104	117	118	119	108	109	110	111	112	113	114	115	116	142	143	132	133	134	135	136	137	138	139	140	141	154	155	144	145	146	147	148	149	150	151	152	153	9	10	11	0	1	2	3	4	5	6	7	8	21	22	23	12	13	14	15	16	17	18	19	20	
34	134	135	136	137	138	139	140	141	142	143	132	133	35	24	25	26	27	28	29	30	31	32	33	46	47	36	37	38	39	40	41	42	43	44	45	58	59	48	49	50	51	52	53	54	55	56	57	70	71	60	61	62	63	64	65	66	67	68	69	82	83	72	73	74	75	76	77	78	79	80	81	94	95	84	85	86	87	88	89	90	91	92	93	106	107	96	97	98	99	100	101	102	103	104	105	118	119	108	109	110	111	112	113	114	115	116	117	130	131	120	121	122	123	124	125	126	127	128	129	155	144	145	146	147	148	149	150	151	152	153	154	10	11	0	1	2	3	4	5	6	7	8	9	22	23	12	13	14	15	16	17	18	19	20	21	
35	146	147	148	149	150	151	152	153	154	155	144	145	24	25	26	27	28	29	30	31	32	33	34	47	36	37	38	39	40	41	42	43	44	45	46	59	48	49	50	51	52	53	54	55	56	57	58	71	60	61	62	63	64	65	66	67	68	69	70	83	72	73	74	75	76	77	78	79	80	81	82	95	84	85	86	87	88	89	90	91	92	93	94	107	96	97	98	99	100	101	102	103	104	105	106	119	108	109	110	111	112	113	114	115	116	117	118	131	120	121	122	123	124	125	126	127	128	129	130	143	132	133	134	135	136	137	138	139	140	141	142	11	0	1	2	3	4	5	6	7	8	9	10	23	12	13	14	15	16	17	18	19	20	21	22	
36	2	3	4	5	6	7	8	9	10	11	0	1	37	38	39	40	41	42	43	44	45	46	47	48	49	50	51	52	53	54	55	56	57	58	59	60	61	62	63	64	65	66	67	68	69	70	71	72	73	74	75	76	77	78	79	80	81	82	83	84	85	86	87	88	89	90	91	92	93	94	95	96	97	98	99	100	101	102	103	104	105	106	107	108	109	110	111	112	113	114	115	116	117	118	119	120	121	122	123	124	125	126	127	128	129	130	131	132	133	134	135	136	137	138	139	140	141	142	143	144	145	146	147	148	149	150	151	152	153	154	155	12	13	14	15	16	17	18	19	20	21	22	23	24	25	26	27	28	29	30	31	32	33	34	35	
37	14	15	16	17	18	19	20	21	22	23	12	13	38	39	40	41	42	43	44	45	46	47	36	49	50	51	52	53	54	55	56	57	58	59	48	61	62	63	64	65	66	67	68	69	70	71	60	73	74	75	76	77	78	79	80	81	82	83	72	85	86	87	88	89	90	91	92	93	94	95	84	97	98	99	100	101	102	103	104	105	106	107	96	109	110	111	112	113	114	115	116	117	118	119	108	121	122	123	124	125	126	127	128	129	130	131	120	133	134	135	136	137	138	139	140	141	142	143	132	145	146	147	148	149	150	151	152	153	154	155	144	0	1	2	3	4	5	6	7	8	9	10	11	25	26	27	28	29	30	31	32	33	34	35	24	
38	26	27	28	29	30	31	32	33	34	35	24	25	39	40	41	42	43	44	45	46	47	36	37	50	51	52	53	54	55	56	57	58	59	48	49	62	63	64	65	66	67	68	69	70	71	60	61	74	75	76	77	78	79	80	81	82	83	72	73	86	87	88	89	90	91	92	93	94	95	84	85	98	99	100	101	102	103	104	105	106	107	96	97	110	111	112	113	114	115	116	117	118	119	108	109	122	123	124	125	126	127	128	129	130	131	120	121	134	135	136	137	138	139	140	141	142	143	132	133	146	147	148	149	150	151	152	153	154	155	144	145	1	2	3	4	5	6	7	8	9	10	11	0	13	14	15	16	17	18	19	20	21	22	23	12	
39	51	52	53	54	55	56	57	58	59	48	49	50	40	41	42	43	44	45	46	47	36	37	38	64	65	66	67	68	69	70	71	60	61	62	63	76	77	78	79	80	81	82	83	72	73	74	75	88	89	90	91	92	93	94	95	84	85	86	87	100	101	102	103	104	105	106	107	96	97	98	99	112	113	114	115	116	117	118	119	108	109	110	111	124	125	126	127	128	129	130	131	120	121	122	123	136	137	138	139	140	141	142	143	132	133	134	135	148	149	150	151	152	153	154	155	144	145	146	147	3	4	5	6	7	8	9	10	11	0	1	2	15	16	17	18	19	20	21	22	23	12	13	14	27	28	29	30	31	32	33	34	35	24	25	26	
40	63	64	65	66	67	68	69	70	71	60	61	62	41	42	43	44	45	46	47	36	37	38	39	52	53	54	55	56	57	58	59	48	49	50	51	77	78	79	80	81	82	83	72	73	74	75	76	89	90	91	92	93	94	95	84	85	86	87	88	101	102	103	104	105	106	107	96	97	98	99	100	113	114	115	116	117	118	119	108	109	110	111	112	125	126	127	128	129	130	131	120	121	122	123	124	137	138	139	140	141	142	143	132	133	134	135	136	149	150	151	152	153	154	155	144	145	146	147	148	4	5	6	7	8	9	10	11	0	1	2	3	16	17	18	19	20	21	22	23	12	13	14	15	28	29	30	31	32	33	34	35	24	25	26	27	
41	75	76	77	78	79	80	81	82	83	72	73	74	42	43	44	45	46	47	36	37	38	39	40	53	54	55	56	57	58	59	48	49	50	51	52	65	66	67	68	69	70	71	60	61	62	63	64	90	91	92	93	94	95	84	85	86	87	88	89	102	103	104	105	106	107	96	97	98	99	100	101	114	115	116	117	118	119	108	109	110	111	112	113	126	127	128	129	130	131	120	121	122	123	124	125	138	139	140	141	142	143	132	133	134	135	136	137	150	151	152	153	154	155	144	145	146	147	148	149	5	6	7	8	9	10	11	0	1	2	3	4	17	18	19	20	21	22	23	12	13	14	15	16	29	30	31	32	33	34	35	24	25	26	27	28	
42	87	88	89	90	91	92	93	94	95	84	85	86	43	44	45	46	47	36	37	38	39	40	41	54	55	56	57	58	59	48	49	50	51	52	53	66	67	68	69	70	71	60	61	62	63	64	65	78	79	80	81	82	83	72	73	74	75	76	77	103	104	105	106	107	96	97	98	99	100	101	102	115	116	117	118	119	108	109	110	111	112	113	114	127	128	129	130	131	120	121	122	123	124	125	126	139	140	141	142	143	132	133	134	135	136	137	138	151	152	153	154	155	144	145	146	147	148	149	150	6	7	8	9	10	11	0	1	2	3	4	5	18	19	20	21	22	23	12	13	14	15	16	17	30	31	32	33	34	35	24	25	26	27	28	29	
43	99	100	101	102	103	104	105	106	107	96	97	98	44	45	46	47	36	37	38	39	40	41	42	55	56	57	58	59	48	49	50	51	52	53	54	67	68	69	70	71	60	61	62	63	64	65	66	79	80	81	82	83	72	73	74	75	76	77	78	91	92	93	94	95	84	85	86	87	88	89	90	116	117	118	119	108	109	110	111	112	113	114	115	128	129	130	131	120	121	122	123	124	125	126	127	140	141	142	143	132	133	134	135	136	137	138	139	152	153	154	155	144	145	146	147	148	149	150	151	7	8	9	10	11	0	1	2	3	4	5	6	19	20	21	22	23	12	13	14	15	16	17	18	31	32	33	34	35	24	25	26	27	28	29	30	
44	111	112	113	114	115	116	117	118	119	108	109	110	45	46	47	36	37	38	39	40	41	42	43	56	57	58	59	48	49	50	51	52	53	54	55	68	69	70	71	60	61	62	63	64	65	66	67	80	81	82	83	72	73	74	75	76	77	78	79	92	93	94	95	84	85	86	87	88	89	90	91	104	105	106	107	96	97	98	99	100	101	102	103	129	130	131	120	121	122	123	124	125	126	127	128	141	142	143	132	133	134	135	136	137	138	139	140	153	154	155	144	145	146	147	148	149	150	151	152	8	9	10	11	0	1	2	3	4	5	6	7	20	21	22	23	12	13	14	15	16	17	18	19	32	33	34	35	24	25	26	27	28	29	30	31	
45	123	124	125	126	127	128	129	130	131	120	121	122	46	47	36	37	38	39	40	41	42	43	44	57	58	59	48	49	50	51	52	53	54	55	56	69	70	71	60	61	62	63	64	65	66	67	68	81	82	83	72	73	74	75	76	77	78	79	80	93	94	95	84	85	86	87	88	89	90	91	92	105	106	107	96	97	98	99	100	101	102	103	104	117	118	119	108	109	110	111	112	113	114	115	116	142	143	132	133	134	135	136	137	138	139	140	141	154	155	144	145	146	147	148	149	150	151	152	153	9	10	11	0	1	2	3	4	5	6	7	8	21	22	23	12	13	14	15	16	17	18	19	20	33	34	35	24	25	26	27	28	29	30	31	32	
46	135	136	137	138	139	140	141	142	143	132	133	134	47	36	37	38	39	40	41	42	43	44	45	58	59	48	49	50	51	52	53	54	55	56	57	70	71	60	61	62	63	64	65	66	67	68	69	82	83	72	73	74	75	76	77	78	79	80	81	94	95	84	85	86	87	88	89	90	91	92	93	106	107	96	97	98	99	100	101	102	103	104	105	118	119	108	109	110	111	112	113	114	115	116	117	130	131	120	121	122	123	124	125	126	127	128	129	155	144	145	146	147	148	149	150	151	152	153	154	10	11	0	1	2	3	4	5	6	7	8	9	22	23	12	13	14	15	16	17	18	19	20	21	34	35	24	25	26	27	28	29	30	31	32	33	
47	147	148	149	150	151	152	153	154	155	144	145	146	36	37	38	39	40	41	42	43	44	45	46	59	48	49	50	51	52	53	54	55	56	57	58	71	60	61	62	63	64	65	66	67	68	69	70	83	72	73	74	75	76	77	78	79	80	81	82	95	84	85	86	87	88	89	90	91	92	93	94	107	96	97	98	99	100	101	102	103	104	105	106	119	108	109	110	111	112	113	114	115	116	117	118	131	120	121	122	123	124	125	126	127	128	129	130	143	132	133	134	135	136	137	138	139	140	141	142	11	0	1	2	3	4	5	6	7	8	9	10	23	12	13	14	15	16	17	18	19	20	21	22	35	24	25	26	27	28	29	30	31	32	33	34	
48	3	4	5	6	7	8	9	10	11	0	1	2	49	50	51	52	53	54	55	56	57	58	59	60	61	62	63	64	65	66	67	68	69	70	71	72	73	74	75	76	77	78	79	80	81	82	83	84	85	86	87	88	89	90	91	92	93	94	95	96	97	98	99	100	101	102	103	104	105	106	107	108	109	110	111	112	113	114	115	116	117	118	119	120	121	122	123	124	125	126	127	128	129	130	131	132	133	134	135	136	137	138	139	140	141	142	143	144	145	146	147	148	149	150	151	152	153	154	155	12	13	14	15	16	17	18	19	20	21	22	23	24	25	26	27	28	29	30	31	32	33	34	35	36	37	38	39	40	41	42	43	44	45	46	47	
49	15	16	17	18	19	20	21	22	23	12	13	14	50	51	52	53	54	55	56	57	58	59	48	61	62	63	64	65	66	67	68	69	70	71	60	73	74	75	76	77	78	79	80	81	82	83	72	85	86	87	88	89	90	91	92	93	94	95	84	97	98	99	100	101	102	103	104	105	106	107	96	109	110	111	112	113	114	115	116	117	118	119	108	121	122	123	124	125	126	127	128	129	130	131	120	133	134	135	136	137	138	139	140	141	142	143	132	145	146	147	148	149	150	151	152	153	154	155	144	0	1	2	3	4	5	6	7	8	9	10	11	25	26	27	28	29	30	31	32	33	34	35	24	37	38	39	40	41	42	43	44	45	46	47	36	
50	27	28	29	30	31	32	33	34	35	24	25	26	51	52	53	54	55	56	57	58	59	48	49	62	63	64	65	66	67	68	69	70	71	60	61	74	75	76	77	78	79	80	81	82	83	72	73	86	87	88	89	90	91	92	93	94	95	84	85	98	99	100	101	102	103	104	105	106	107	96	97	110	111	112	113	114	115	116	117	118	119	108	109	122	123	124	125	126	127	128	129	130	131	120	121	134	135	136	137	138	139	140	141	142	143	132	133	146	147	148	149	150	151	152	153	154	155	144	145	1	2	3	4	5	6	7	8	9	10	11	0	13	14	15	16	17	18	19	20	21	22	23	12	38	39	40	41	42	43	44	45	46	47	36	37	
51	39	40	41	42	43	44	45	46	47	36	37	38	52	53	54	55	56	57	58	59	48	49	50	63	64	65	66	67	68	69	70	71	60	61	62	75	76	77	78	79	80	81	82	83	72	73	74	87	88	89	90	91	92	93	94	95	84	85	86	99	100	101	102	103	104	105	106	107	96	97	98	111	112	113	114	115	116	117	118	119	108	109	110	123	124	125	126	127	128	129	130	131	120	121	122	135	136	137	138	139	140	141	142	143	132	133	134	147	148	149	150	151	152	153	154	155	144	145	146	2	3	4	5	6	7	8	9	10	11	0	1	14	15	16	17	18	19	20	21	22	23	12	13	26	27	28	29	30	31	32	33	34	35	24	25	
52	64	65	66	67	68	69	70	71	60	61	62	63	53	54	55	56	57	58	59	48	49	50	51	77	78	79	80	81	82	83	72	73	74	75	76	89	90	91	92	93	94	95	84	85	86	87	88	101	102	103	104	105	106	107	96	97	98	99	100	113	114	115	116	117	118	119	108	109	110	111	112	125	126	127	128	129	130	131	120	121	122	123	124	137	138	139	140	141	142	143	132	133	134	135	136	149	150	151	152	153	154	155	144	145	146	147	148	4	5	6	7	8	9	10	11	0	1	2	3	16	17	18	19	20	21	22	23	12	13	14	15	28	29	30	31	32	33	34	35	24	25	26	27	40	41	42	43	44	45	46	47	36	37	38	39	
53	76	77	78	79	80	81	82	83	72	73	74	75	54	55	56	57	58	59	48	49	50	51	52	65	66	67	68	69	70	71	60	61	62	63	64	90	91	92	93	94	95	84	85	86	87	88	89	102	103	104	105	106	107	96	97	98	99	100	101	114	115	116	117	118	119	108	109	110	111	112	113	126	127	128	129	130	131	120	121	122	123	124	125	138	139	140	141	142	143	132	133	134	135	136	137	150	151	152	153	154	155	144	145	146	147	148	149	5	6	7	8	9	10	11	0	1	2	3	4	17	18	19	20	21	22	23	12	13	14	15	16	29	30	31	32	33	34	35	24	25	26	27	28	41	42	43	44	45	46	47	36	37	38	39	40	
54	88	89	90	91	92	93	94	95	84	85	86	87	55	56	57	58	59	48	49	50	51	52	53	66	67	68	69	70	71	60	61	62	63	64	65	78	79	80	81	82	83	72	73	74	75	76	77	103	104	105	106	107	96	97	98	99	100	101	102	115	116	117	118	119	108	109	110	111	112	113	114	127	128	129	130	131	120	121	122	123	124	125	126	139	140	141	142	143	132	133	134	135	136	137	138	151	152	153	154	155	144	145	146	147	148	149	150	6	7	8	9	10	11	0	1	2	3	4	5	18	19	20	21	22	23	12	13	14	15	16	17	30	31	32	33	34	35	24	25	26	27	28	29	42	43	44	45	46	47	36	37	38	39	40	41	
55	100	101	102	103	104	105	106	107	96	97	98	99	56	57	58	59	48	49	50	51	52	53	54	67	68	69	70	71	60	61	62	63	64	65	66	79	80	81	82	83	72	73	74	75	76	77	78	91	92	93	94	95	84	85	86	87	88	89	90	116	117	118	119	108	109	110	111	112	113	114	115	128	129	130	131	120	121	122	123	124	125	126	127	140	141	142	143	132	133	134	135	136	137	138	139	152	153	154	155	144	145	146	147	148	149	150	151	7	8	9	10	11	0	1	2	3	4	5	6	19	20	21	22	23	12	13	14	15	16	17	18	31	32	33	34	35	24	25	26	27	28	29	30	43	44	45	46	47	36	37	38	39	40	41	42	
56	112	113	114	115	116	117	118	119	108	109	110	111	57	58	59	48	49	50	51	52	53	54	55	68	69	70	71	60	61	62	63	64	65	66	67	80	81	82	83	72	73	74	75	76	77	78	79	92	93	94	95	84	85	86	87	88	89	90	91	104	105	106	107	96	97	98	99	100	101	102	103	129	130	131	120	121	122	123	124	125	126	127	128	141	142	143	132	133	134	135	136	137	138	139	140	153	154	155	144	145	146	147	148	149	150	151	152	8	9	10	11	0	1	2	3	4	5	6	7	20	21	22	23	12	13	14	15	16	17	18	19	32	33	34	35	24	25	26	27	28	29	30	31	44	45	46	47	36	37	38	39	40	41	42	43	
57	124	125	126	127	128	129	130	131	120	121	122	123	58	59	48	49	50	51	52	53	54	55	56	69	70	71	60	61	62	63	64	65	66	67	68	81	82	83	72	73	74	75	76	77	78	79	80	93	94	95	84	85	86	87	88	89	90	91	92	105	106	107	96	97	98	99	100	101	102	103	104	117	118	119	108	109	110	111	112	113	114	115	116	142	143	132	133	134	135	136	137	138	139	140	141	154	155	144	145	146	147	148	149	150	151	152	153	9	10	11	0	1	2	3	4	5	6	7	8	21	22	23	12	13	14	15	16	17	18	19	20	33	34	35	24	25	26	27	28	29	30	31	32	45	46	47	36	37	38	39	40	41	42	43	44	
58	136	137	138	139	140	141	142	143	132	133	134	135	59	48	49	50	51	52	53	54	55	56	57	70	71	60	61	62	63	64	65	66	67	68	69	82	83	72	73	74	75	76	77	78	79	80	81	94	95	84	85	86	87	88	89	90	91	92	93	106	107	96	97	98	99	100	101	102	103	104	105	118	119	108	109	110	111	112	113	114	115	116	117	130	131	120	121	122	123	124	125	126	127	128	129	155	144	145	146	147	148	149	150	151	152	153	154	10	11	0	1	2	3	4	5	6	7	8	9	22	23	12	13	14	15	16	17	18	19	20	21	34	35	24	25	26	27	28	29	30	31	32	33	46	47	36	37	38	39	40	41	42	43	44	45	
59	148	149	150	151	152	153	154	155	144	145	146	147	48	49	50	51	52	53	54	55	56	57	58	71	60	61	62	63	64	65	66	67	68	69	70	83	72	73	74	75	76	77	78	79	80	81	82	95	84	85	86	87	88	89	90	91	92	93	94	107	96	97	98	99	100	101	102	103	104	105	106	119	108	109	110	111	112	113	114	115	116	117	118	131	120	121	122	123	124	125	126	127	128	129	130	143	132	133	134	135	136	137	138	139	140	141	142	11	0	1	2	3	4	5	6	7	8	9	10	23	12	13	14	15	16	17	18	19	20	21	22	35	24	25	26	27	28	29	30	31	32	33	34	47	36	37	38	39	40	41	42	43	44	45	46	
60	4	5	6	7	8	9	10	11	0	1	2	3	61	62	63	64	65	66	67	68	69	70	71	72	73	74	75	76	77	78	79	80	81	82	83	84	85	86	87	88	89	90	91	92	93	94	95	96	97	98	99	100	101	102	103	104	105	106	107	108	109	110	111	112	113	114	115	116	117	118	119	120	121	122	123	124	125	126	127	128	129	130	131	132	133	134	135	136	137	138	139	140	141	142	143	144	145	146	147	148	149	150	151	152	153	154	155	12	13	14	15	16	17	18	19	20	21	22	23	24	25	26	27	28	29	30	31	32	33	34	35	36	37	38	39	40	41	42	43	44	45	46	47	48	49	50	51	52	53	54	55	56	57	58	59	
61	16	17	18	19	20	21	22	23	12	13	14	15	62	63	64	65	66	67	68	69	70	71	60	73	74	75	76	77	78	79	80	81	82	83	72	85	86	87	88	89	90	91	92	93	94	95	84	97	98	99	100	101	102	103	104	105	106	107	96	109	110	111	112	113	114	115	116	117	118	119	108	121	122	123	124	125	126	127	128	129	130	131	120	133	134	135	136	137	138	139	140	141	142	143	132	145	146	147	148	149	150	151	152	153	154	155	144	0	1	2	3	4	5	6	7	8	9	10	11	25	26	27	28	29	30	31	32	33	34	35	24	37	38	39	40	41	42	43	44	45	46	47	36	49	50	51	52	53	54	55	56	57	58	59	48	
62	28	29	30	31	32	33	34	35	24	25	26	27	63	64	65	66	67	68	69	70	71	60	61	74	75	76	77	78	79	80	81	82	83	72	73	86	87	88	89	90	91	92	93	94	95	84	85	98	99	100	101	102	103	104	105	106	107	96	97	110	111	112	113	114	115	116	117	118	119	108	109	122	123	124	125	126	127	128	129	130	131	120	121	134	135	136	137	138	139	140	141	142	143	132	133	146	147	148	149	150	151	152	153	154	155	144	145	1	2	3	4	5	6	7	8	9	10	11	0	13	14	15	16	17	18	19	20	21	22	23	12	38	39	40	41	42	43	44	45	46	47	36	37	50	51	52	53	54	55	56	57	58	59	48	49	
63	40	41	42	43	44	45	46	47	36	37	38	39	64	65	66	67	68	69	70	71	60	61	62	75	76	77	78	79	80	81	82	83	72	73	74	87	88	89	90	91	92	93	94	95	84	85	86	99	100	101	102	103	104	105	106	107	96	97	98	111	112	113	114	115	116	117	118	119	108	109	110	123	124	125	126	127	128	129	130	131	120	121	122	135	136	137	138	139	140	141	142	143	132	133	134	147	148	149	150	151	152	153	154	155	144	145	146	2	3	4	5	6	7	8	9	10	11	0	1	14	15	16	17	18	19	20	21	22	23	12	13	26	27	28	29	30	31	32	33	34	35	24	25	51	52	53	54	55	56	57	58	59	48	49	50	
64	52	53	54	55	56	57	58	59	48	49	50	51	65	66	67	68	69	70	71	60	61	62	63	76	77	78	79	80	81	82	83	72	73	74	75	88	89	90	91	92	93	94	95	84	85	86	87	100	101	102	103	104	105	106	107	96	97	98	99	112	113	114	115	116	117	118	119	108	109	110	111	124	125	126	127	128	129	130	131	120	121	122	123	136	137	138	139	140	141	142	143	132	133	134	135	148	149	150	151	152	153	154	155	144	145	146	147	3	4	5	6	7	8	9	10	11	0	1	2	15	16	17	18	19	20	21	22	23	12	13	14	27	28	29	30	31	32	33	34	35	24	25	26	39	40	41	42	43	44	45	46	47	36	37	38	
65	77	78	79	80	81	82	83	72	73	74	75	76	66	67	68	69	70	71	60	61	62	63	64	90	91	92	93	94	95	84	85	86	87	88	89	102	103	104	105	106	107	96	97	98	99	100	101	114	115	116	117	118	119	108	109	110	111	112	113	126	127	128	129	130	131	120	121	122	123	124	125	138	139	140	141	142	143	132	133	134	135	136	137	150	151	152	153	154	155	144	145	146	147	148	149	5	6	7	8	9	10	11	0	1	2	3	4	17	18	19	20	21	22	23	12	13	14	15	16	29	30	31	32	33	34	35	24	25	26	27	28	41	42	43	44	45	46	47	36	37	38	39	40	53	54	55	56	57	58	59	48	49	50	51	52	
66	89	90	91	92	93	94	95	84	85	86	87	88	67	68	69	70	71	60	61	62	63	64	65	78	79	80	81	82	83	72	73	74	75	76	77	103	104	105	106	107	96	97	98	99	100	101	102	115	116	117	118	119	108	109	110	111	112	113	114	127	128	129	130	131	120	121	122	123	124	125	126	139	140	141	142	143	132	133	134	135	136	137	138	151	152	153	154	155	144	145	146	147	148	149	150	6	7	8	9	10	11	0	1	2	3	4	5	18	19	20	21	22	23	12	13	14	15	16	17	30	31	32	33	34	35	24	25	26	27	28	29	42	43	44	45	46	47	36	37	38	39	40	41	54	55	56	57	58	59	48	49	50	51	52	53	
67	101	102	103	104	105	106	107	96	97	98	99	100	68	69	70	71	60	61	62	63	64	65	66	79	80	81	82	83	72	73	74	75	76	77	78	91	92	93	94	95	84	85	86	87	88	89	90	116	117	118	119	108	109	110	111	112	113	114	115	128	129	130	131	120	121	122	123	124	125	126	127	140	141	142	143	132	133	134	135	136	137	138	139	152	153	154	155	144	145	146	147	148	149	150	151	7	8	9	10	11	0	1	2	3	4	5	6	19	20	21	22	23	12	13	14	15	16	17	18	31	32	33	34	35	24	25	26	27	28	29	30	43	44	45	46	47	36	37	38	39	40	41	42	55	56	57	58	59	48	49	50	51	52	53	54	
68	113	114	115	116	117	118	119	108	109	110	111	112	69	70	71	60	61	62	63	64	65	66	67	80	81	82	83	72	73	74	75	76	77	78	79	92	93	94	95	84	85	86	87	88	89	90	91	104	105	106	107	96	97	98	99	100	101	102	103	129	130	131	120	121	122	123	124	125	126	127	128	141	142	143	132	133	134	135	136	137	138	139	140	153	154	155	144	145	146	147	148	149	150	151	152	8	9	10	11	0	1	2	3	4	5	6	7	20	21	22	23	12	13	14	15	16	17	18	19	32	33	34	35	24	25	26	27	28	29	30	31	44	45	46	47	36	37	38	39	40	41	42	43	56	57	58	59	48	49	50	51	52	53	54	55	
69	125	126	127	128	129	130	131	120	121	122	123	124	70	71	60	61	62	63	64	65	66	67	68	81	82	83	72	73	74	75	76	77	78	79	80	93	94	95	84	85	86	87	88	89	90	91	92	105	106	107	96	97	98	99	100	101	102	103	104	117	118	119	108	109	110	111	112	113	114	115	116	142	143	132	133	134	135	136	137	138	139	140	141	154	155	144	145	146	147	148	149	150	151	152	153	9	10	11	0	1	2	3	4	5	6	7	8	21	22	23	12	13	14	15	16	17	18	19	20	33	34	35	24	25	26	27	28	29	30	31	32	45	46	47	36	37	38	39	40	41	42	43	44	57	58	59	48	49	50	51	52	53	54	55	56	
70	137	138	139	140	141	142	143	132	133	134	135	136	71	60	61	62	63	64	65	66	67	68	69	82	83	72	73	74	75	76	77	78	79	80	81	94	95	84	85	86	87	88	89	90	91	92	93	106	107	96	97	98	99	100	101	102	103	104	105	118	119	108	109	110	111	112	113	114	115	116	117	130	131	120	121	122	123	124	125	126	127	128	129	155	144	145	146	147	148	149	150	151	152	153	154	10	11	0	1	2	3	4	5	6	7	8	9	22	23	12	13	14	15	16	17	18	19	20	21	34	35	24	25	26	27	28	29	30	31	32	33	46	47	36	37	38	39	40	41	42	43	44	45	58	59	48	49	50	51	52	53	54	55	56	57	
71	149	150	151	152	153	154	155	144	145	146	147	148	60	61	62	63	64	65	66	67	68	69	70	83	72	73	74	75	76	77	78	79	80	81	82	95	84	85	86	87	88	89	90	91	92	93	94	107	96	97	98	99	100	101	102	103	104	105	106	119	108	109	110	111	112	113	114	115	116	117	118	131	120	121	122	123	124	125	126	127	128	129	130	143	132	133	134	135	136	137	138	139	140	141	142	11	0	1	2	3	4	5	6	7	8	9	10	23	12	13	14	15	16	17	18	19	20	21	22	35	24	25	26	27	28	29	30	31	32	33	34	47	36	37	38	39	40	41	42	43	44	45	46	59	48	49	50	51	52	53	54	55	56	57	58	
72	5	6	7	8	9	10	11	0	1	2	3	4	73	74	75	76	77	78	79	80	81	82	83	84	85	86	87	88	89	90	91	92	93	94	95	96	97	98	99	100	101	102	103	104	105	106	107	108	109	110	111	112	113	114	115	116	117	118	119	120	121	122	123	124	125	126	127	128	129	130	131	132	133	134	135	136	137	138	139	140	141	142	143	144	145	146	147	148	149	150	151	152	153	154	155	12	13	14	15	16	17	18	19	20	21	22	23	24	25	26	27	28	29	30	31	32	33	34	35	36	37	38	39	40	41	42	43	44	45	46	47	48	49	50	51	52	53	54	55	56	57	58	59	60	61	62	63	64	65	66	67	68	69	70	71	
73	17	18	19	20	21	22	23	12	13	14	15	16	74	75	76	77	78	79	80	81	82	83	72	85	86	87	88	89	90	91	92	93	94	95	84	97	98	99	100	101	102	103	104	105	106	107	96	109	110	111	112	113	114	115	116	117	118	119	108	121	122	123	124	125	126	127	128	129	130	131	120	133	134	135	136	137	138	139	140	141	142	143	132	145	146	147	148	149	150	151	152	153	154	155	144	0	1	2	3	4	5	6	7	8	9	10	11	25	26	27	28	29	30	31	32	33	34	35	24	37	38	39	40	41	42	43	44	45	46	47	36	49	50	51	52	53	54	55	56	57	58	59	48	61	62	63	64	65	66	67	68	69	70	71	60	
74	29	30	31	32	33	34	35	24	25	26	27	28	75	76	77	78	79	80	81	82	83	72	73	86	87	88	89	90	91	92	93	94	95	84	85	98	99	100	101	102	103	104	105	106	107	96	97	110	111	112	113	114	115	116	117	118	119	108	109	122	123	124	125	126	127	128	129	130	131	120	121	134	135	136	137	138	139	140	141	142	143	132	133	146	147	148	149	150	151	152	153	154	155	144	145	1	2	3	4	5	6	7	8	9	10	11	0	13	14	15	16	17	18	19	20	21	22	23	12	38	39	40	41	42	43	44	45	46	47	36	37	50	51	52	53	54	55	56	57	58	59	48	49	62	63	64	65	66	67	68	69	70	71	60	61	
75	41	42	43	44	45	46	47	36	37	38	39	40	76	77	78	79	80	81	82	83	72	73	74	87	88	89	90	91	92	93	94	95	84	85	86	99	100	101	102	103	104	105	106	107	96	97	98	111	112	113	114	115	116	117	118	119	108	109	110	123	124	125	126	127	128	129	130	131	120	121	122	135	136	137	138	139	140	141	142	143	132	133	134	147	148	149	150	151	152	153	154	155	144	145	146	2	3	4	5	6	7	8	9	10	11	0	1	14	15	16	17	18	19	20	21	22	23	12	13	26	27	28	29	30	31	32	33	34	35	24	25	51	52	53	54	55	56	57	58	59	48	49	50	63	64	65	66	67	68	69	70	71	60	61	62	
76	53	54	55	56	57	58	59	48	49	50	51	52	77	78	79	80	81	82	83	72	73	74	75	88	89	90	91	92	93	94	95	84	85	86	87	100	101	102	103	104	105	106	107	96	97	98	99	112	113	114	115	116	117	118	119	108	109	110	111	124	125	126	127	128	129	130	131	120	121	122	123	136	137	138	139	140	141	142	143	132	133	134	135	148	149	150	151	152	153	154	155	144	145	146	147	3	4	5	6	7	8	9	10	11	0	1	2	15	16	17	18	19	20	21	22	23	12	13	14	27	28	29	30	31	32	33	34	35	24	25	26	39	40	41	42	43	44	45	46	47	36	37	38	64	65	66	67	68	69	70	71	60	61	62	63	
77	65	66	67	68	69	70	71	60	61	62	63	64	78	79	80	81	82	83	72	73	74	75	76	89	90	91	92	93	94	95	84	85	86	87	88	101	102	103	104	105	106	107	96	97	98	99	100	113	114	115	116	117	118	119	108	109	110	111	112	125	126	127	128	129	130	131	120	121	122	123	124	137	138	139	140	141	142	143	132	133	134	135	136	149	150	151	152	153	154	155	144	145	146	147	148	4	5	6	7	8	9	10	11	0	1	2	3	16	17	18	19	20	21	22	23	12	13	14	15	28	29	30	31	32	33	34	35	24	25	26	27	40	41	42	43	44	45	46	47	36	37	38	39	52	53	54	55	56	57	58	59	48	49	50	51	
78	90	91	92	93	94	95	84	85	86	87	88	89	79	80	81	82	83	72	73	74	75	76	77	103	104	105	106	107	96	97	98	99	100	101	102	115	116	117	118	119	108	109	110	111	112	113	114	127	128	129	130	131	120	121	122	123	124	125	126	139	140	141	142	143	132	133	134	135	136	137	138	151	152	153	154	155	144	145	146	147	148	149	150	6	7	8	9	10	11	0	1	2	3	4	5	18	19	20	21	22	23	12	13	14	15	16	17	30	31	32	33	34	35	24	25	26	27	28	29	42	43	44	45	46	47	36	37	38	39	40	41	54	55	56	57	58	59	48	49	50	51	52	53	66	67	68	69	70	71	60	61	62	63	64	65	
79	102	103	104	105	106	107	96	97	98	99	100	101	80	81	82	83	72	73	74	75	76	77	78	91	92	93	94	95	84	85	86	87	88	89	90	116	117	118	119	108	109	110	111	112	113	114	115	128	129	130	131	120	121	122	123	124	125	126	127	140	141	142	143	132	133	134	135	136	137	138	139	152	153	154	155	144	145	146	147	148	149	150	151	7	8	9	10	11	0	1	2	3	4	5	6	19	20	21	22	23	12	13	14	15	16	17	18	31	32	33	34	35	24	25	26	27	28	29	30	43	44	45	46	47	36	37	38	39	40	41	42	55	56	57	58	59	48	49	50	51	52	53	54	67	68	69	70	71	60	61	62	63	64	65	66	
80	114	115	116	117	118	119	108	109	110	111	112	113	81	82	83	72	73	74	75	76	77	78	79	92	93	94	95	84	85	86	87	88	89	90	91	104	105	106	107	96	97	98	99	100	101	102	103	129	130	131	120	121	122	123	124	125	126	127	128	141	142	143	132	133	134	135	136	137	138	139	140	153	154	155	144	145	146	147	148	149	150	151	152	8	9	10	11	0	1	2	3	4	5	6	7	20	21	22	23	12	13	14	15	16	17	18	19	32	33	34	35	24	25	26	27	28	29	30	31	44	45	46	47	36	37	38	39	40	41	42	43	56	57	58	59	48	49	50	51	52	53	54	55	68	69	70	71	60	61	62	63	64	65	66	67	
81	126	127	128	129	130	131	120	121	122	123	124	125	82	83	72	73	74	75	76	77	78	79	80	93	94	95	84	85	86	87	88	89	90	91	92	105	106	107	96	97	98	99	100	101	102	103	104	117	118	119	108	109	110	111	112	113	114	115	116	142	143	132	133	134	135	136	137	138	139	140	141	154	155	144	145	146	147	148	149	150	151	152	153	9	10	11	0	1	2	3	4	5	6	7	8	21	22	23	12	13	14	15	16	17	18	19	20	33	34	35	24	25	26	27	28	29	30	31	32	45	46	47	36	37	38	39	40	41	42	43	44	57	58	59	48	49	50	51	52	53	54	55	56	69	70	71	60	61	62	63	64	65	66	67	68	
82	138	139	140	141	142	143	132	133	134	135	136	137	83	72	73	74	75	76	77	78	79	80	81	94	95	84	85	86	87	88	89	90	91	92	93	106	107	96	97	98	99	100	101	102	103	104	105	118	119	108	109	110	111	112	113	114	115	116	117	130	131	120	121	122	123	124	125	126	127	128	129	155	144	145	146	147	148	149	150	151	152	153	154	10	11	0	1	2	3	4	5	6	7	8	9	22	23	12	13	14	15	16	17	18	19	20	21	34	35	24	25	26	27	28	29	30	31	32	33	46	47	36	37	38	39	40	41	42	43	44	45	58	59	48	49	50	51	52	53	54	55	56	57	70	71	60	61	62	63	64	65	66	67	68	69	
83	150	151	152	153	154	155	144	145	146	147	148	149	72	73	74	75	76	77	78	79	80	81	82	95	84	85	86	87	88	89	90	91	92	93	94	107	96	97	98	99	100	101	102	103	104	105	106	119	108	109	110	111	112	113	114	115	116	117	118	131	120	121	122	123	124	125	126	127	128	129	130	143	132	133	134	135	136	137	138	139	140	141	142	11	0	1	2	3	4	5	6	7	8	9	10	23	12	13	14	15	16	17	18	19	20	21	22	35	24	25	26	27	28	29	30	31	32	33	34	47	36	37	38	39	40	41	42	43	44	45	46	59	48	49	50	51	52	53	54	55	56	57	58	71	60	61	62	63	64	65	66	67	68	69	70	
84	6	7	8	9	10	11	0	1	2	3	4	5	85	86	87	88	89	90	91	92	93	94	95	96	97	98	99	100	101	102	103	104	105	106	107	108	109	110	111	112	113	114	115	116	117	118	119	120	121	122	123	124	125	126	127	128	129	130	131	132	133	134	135	136	137	138	139	140	141	142	143	144	145	146	147	148	149	150	151	152	153	154	155	12	13	14	15	16	17	18	19	20	21	22	23	24	25	26	27	28	29	30	31	32	33	34	35	36	37	38	39	40	41	42	43	44	45	46	47	48	49	50	51	52	53	54	55	56	57	58	59	60	61	62	63	64	65	66	67	68	69	70	71	72	73	74	75	76	77	78	79	80	81	82	83	
85	18	19	20	21	22	23	12	13	14	15	16	17	86	87	88	89	90	91	92	93	94	95	84	97	98	99	100	101	102	103	104	105	106	107	96	109	110	111	112	113	114	115	116	117	118	119	108	121	122	123	124	125	126	127	128	129	130	131	120	133	134	135	136	137	138	139	140	141	142	143	132	145	146	147	148	149	150	151	152	153	154	155	144	0	1	2	3	4	5	6	7	8	9	10	11	25	26	27	28	29	30	31	32	33	34	35	24	37	38	39	40	41	42	43	44	45	46	47	36	49	50	51	52	53	54	55	56	57	58	59	48	61	62	63	64	65	66	67	68	69	70	71	60	73	74	75	76	77	78	79	80	81	82	83	72	
86	30	31	32	33	34	35	24	25	26	27	28	29	87	88	89	90	91	92	93	94	95	84	85	98	99	100	101	102	103	104	105	106	107	96	97	110	111	112	113	114	115	116	117	118	119	108	109	122	123	124	125	126	127	128	129	130	131	120	121	134	135	136	137	138	139	140	141	142	143	132	133	146	147	148	149	150	151	152	153	154	155	144	145	1	2	3	4	5	6	7	8	9	10	11	0	13	14	15	16	17	18	19	20	21	22	23	12	38	39	40	41	42	43	44	45	46	47	36	37	50	51	52	53	54	55	56	57	58	59	48	49	62	63	64	65	66	67	68	69	70	71	60	61	74	75	76	77	78	79	80	81	82	83	72	73	
87	42	43	44	45	46	47	36	37	38	39	40	41	88	89	90	91	92	93	94	95	84	85	86	99	100	101	102	103	104	105	106	107	96	97	98	111	112	113	114	115	116	117	118	119	108	109	110	123	124	125	126	127	128	129	130	131	120	121	122	135	136	137	138	139	140	141	142	143	132	133	134	147	148	149	150	151	152	153	154	155	144	145	146	2	3	4	5	6	7	8	9	10	11	0	1	14	15	16	17	18	19	20	21	22	23	12	13	26	27	28	29	30	31	32	33	34	35	24	25	51	52	53	54	55	56	57	58	59	48	49	50	63	64	65	66	67	68	69	70	71	60	61	62	75	76	77	78	79	80	81	82	83	72	73	74	
88	54	55	56	57	58	59	48	49	50	51	52	53	89	90	91	92	93	94	95	84	85	86	87	100	101	102	103	104	105	106	107	96	97	98	99	112	113	114	115	116	117	118	119	108	109	110	111	124	125	126	127	128	129	130	131	120	121	122	123	136	137	138	139	140	141	142	143	132	133	134	135	148	149	150	151	152	153	154	155	144	145	146	147	3	4	5	6	7	8	9	10	11	0	1	2	15	16	17	18	19	20	21	22	23	12	13	14	27	28	29	30	31	32	33	34	35	24	25	26	39	40	41	42	43	44	45	46	47	36	37	38	64	65	66	67	68	69	70	71	60	61	62	63	76	77	78	79	80	81	82	83	72	73	74	75	
89	66	67	68	69	70	71	60	61	62	63	64	65	90	91	92	93	94	95	84	85	86	87	88	101	102	103	104	105	106	107	96	97	98	99	100	113	114	115	116	117	118	119	108	109	110	111	112	125	126	127	128	129	130	131	120	121	122	123	124	137	138	139	140	141	142	143	132	133	134	135	136	149	150	151	152	153	154	155	144	145	146	147	148	4	5	6	7	8	9	10	11	0	1	2	3	16	17	18	19	20	21	22	23	12	13	14	15	28	29	30	31	32	33	34	35	24	25	26	27	40	41	42	43	44	45	46	47	36	37	38	39	52	53	54	55	56	57	58	59	48	49	50	51	77	78	79	80	81	82	83	72	73	74	75	76	
90	78	79	80	81	82	83	72	73	74	75	76	77	91	92	93	94	95	84	85	86	87	88	89	102	103	104	105	106	107	96	97	98	99	100	101	114	115	116	117	118	119	108	109	110	111	112	113	126	127	128	129	130	131	120	121	122	123	124	125	138	139	140	141	142	143	132	133	134	135	136	137	150	151	152	153	154	155	144	145	146	147	148	149	5	6	7	8	9	10	11	0	1	2	3	4	17	18	19	20	21	22	23	12	13	14	15	16	29	30	31	32	33	34	35	24	25	26	27	28	41	42	43	44	45	46	47	36	37	38	39	40	53	54	55	56	57	58	59	48	49	50	51	52	65	66	67	68	69	70	71	60	61	62	63	64	
91	103	104	105	106	107	96	97	98	99	100	101	102	92	93	94	95	84	85	86	87	88	89	90	116	117	118	119	108	109	110	111	112	113	114	115	128	129	130	131	120	121	122	123	124	125	126	127	140	141	142	143	132	133	134	135	136	137	138	139	152	153	154	155	144	145	146	147	148	149	150	151	7	8	9	10	11	0	1	2	3	4	5	6	19	20	21	22	23	12	13	14	15	16	17	18	31	32	33	34	35	24	25	26	27	28	29	30	43	44	45	46	47	36	37	38	39	40	41	42	55	56	57	58	59	48	49	50	51	52	53	54	67	68	69	70	71	60	61	62	63	64	65	66	79	80	81	82	83	72	73	74	75	76	77	78	
92	115	116	117	118	119	108	109	110	111	112	113	114	93	94	95	84	85	86	87	88	89	90	91	104	105	106	107	96	97	98	99	100	101	102	103	129	130	131	120	121	122	123	124	125	126	127	128	141	142	143	132	133	134	135	136	137	138	139	140	153	154	155	144	145	146	147	148	149	150	151	152	8	9	10	11	0	1	2	3	4	5	6	7	20	21	22	23	12	13	14	15	16	17	18	19	32	33	34	35	24	25	26	27	28	29	30	31	44	45	46	47	36	37	38	39	40	41	42	43	56	57	58	59	48	49	50	51	52	53	54	55	68	69	70	71	60	61	62	63	64	65	66	67	80	81	82	83	72	73	74	75	76	77	78	79	
93	127	128	129	130	131	120	121	122	123	124	125	126	94	95	84	85	86	87	88	89	90	91	92	105	106	107	96	97	98	99	100	101	102	103	104	117	118	119	108	109	110	111	112	113	114	115	116	142	143	132	133	134	135	136	137	138	139	140	141	154	155	144	145	146	147	148	149	150	151	152	153	9	10	11	0	1	2	3	4	5	6	7	8	21	22	23	12	13	14	15	16	17	18	19	20	33	34	35	24	25	26	27	28	29	30	31	32	45	46	47	36	37	38	39	40	41	42	43	44	57	58	59	48	49	50	51	52	53	54	55	56	69	70	71	60	61	62	63	64	65	66	67	68	81	82	83	72	73	74	75	76	77	78	79	80	
94	139	140	141	142	143	132	133	134	135	136	137	138	95	84	85	86	87	88	89	90	91	92	93	106	107	96	97	98	99	100	101	102	103	104	105	118	119	108	109	110	111	112	113	114	115	116	117	130	131	120	121	122	123	124	125	126	127	128	129	155	144	145	146	147	148	149	150	151	152	153	154	10	11	0	1	2	3	4	5	6	7	8	9	22	23	12	13	14	15	16	17	18	19	20	21	34	35	24	25	26	27	28	29	30	31	32	33	46	47	36	37	38	39	40	41	42	43	44	45	58	59	48	49	50	51	52	53	54	55	56	57	70	71	60	61	62	63	64	65	66	67	68	69	82	83	72	73	74	75	76	77	78	79	80	81	
95	151	152	153	154	155	144	145	146	147	148	149	150	84	85	86	87	88	89	90	91	92	93	94	107	96	97	98	99	100	101	102	103	104	105	106	119	108	109	110	111	112	113	114	115	116	117	118	131	120	121	122	123	124	125	126	127	128	129	130	143	132	133	134	135	136	137	138	139	140	141	142	11	0	1	2	3	4	5	6	7	8	9	10	23	12	13	14	15	16	17	18	19	20	21	22	35	24	25	26	27	28	29	30	31	32	33	34	47	36	37	38	39	40	41	42	43	44	45	46	59	48	49	50	51	52	53	54	55	56	57	58	71	60	61	62	63	64	65	66	67	68	69	70	83	72	73	74	75	76	77	78	79	80	81	82	
96	7	8	9	10	11	0	1	2	3	4	5	6	97	98	99	100	101	102	103	104	105	106	107	108	109	110	111	112	113	114	115	116	117	118	119	120	121	122	123	124	125	126	127	128	129	130	131	132	133	134	135	136	137	138	139	140	141	142	143	144	145	146	147	148	149	150	151	152	153	154	155	12	13	14	15	16	17	18	19	20	21	22	23	24	25	26	27	28	29	30	31	32	33	34	35	36	37	38	39	40	41	42	43	44	45	46	47	48	49	50	51	52	53	54	55	56	57	58	59	60	61	62	63	64	65	66	67	68	69	70	71	72	73	74	75	76	77	78	79	80	81	82	83	84	85	86	87	88	89	90	91	92	93	94	95	
97	19	20	21	22	23	12	13	14	15	16	17	18	98	99	100	101	102	103	104	105	106	107	96	109	110	111	112	113	114	115	116	117	118	119	108	121	122	123	124	125	126	127	128	129	130	131	120	133	134	135	136	137	138	139	140	141	142	143	132	145	146	147	148	149	150	151	152	153	154	155	144	0	1	2	3	4	5	6	7	8	9	10	11	25	26	27	28	29	30	31	32	33	34	35	24	37	38	39	40	41	42	43	44	45	46	47	36	49	50	51	52	53	54	55	56	57	58	59	48	61	62	63	64	65	66	67	68	69	70	71	60	73	74	75	76	77	78	79	80	81	82	83	72	85	86	87	88	89	90	91	92	93	94	95	84	
98	31	32	33	34	35	24	25	26	27	28	29	30	99	100	101	102	103	104	105	106	107	96	97	110	111	112	113	114	115	116	117	118	119	108	109	122	123	124	125	126	127	128	129	130	131	120	121	134	135	136	137	138	139	140	141	142	143	132	133	146	147	148	149	150	151	152	153	154	155	144	145	1	2	3	4	5	6	7	8	9	10	11	0	13	14	15	16	17	18	19	20	21	22	23	12	38	39	40	41	42	43	44	45	46	47	36	37	50	51	52	53	54	55	56	57	58	59	48	49	62	63	64	65	66	67	68	69	70	71	60	61	74	75	76	77	78	79	80	81	82	83	72	73	86	87	88	89	90	91	92	93	94	95	84	85	
99	43	44	45	46	47	36	37	38	39	40	41	42	100	101	102	103	104	105	106	107	96	97	98	111	112	113	114	115	116	117	118	119	108	109	110	123	124	125	126	127	128	129	130	131	120	121	122	135	136	137	138	139	140	141	142	143	132	133	134	147	148	149	150	151	152	153	154	155	144	145	146	2	3	4	5	6	7	8	9	10	11	0	1	14	15	16	17	18	19	20	21	22	23	12	13	26	27	28	29	30	31	32	33	34	35	24	25	51	52	53	54	55	56	57	58	59	48	49	50	63	64	65	66	67	68	69	70	71	60	61	62	75	76	77	78	79	80	81	82	83	72	73	74	87	88	89	90	91	92	93	94	95	84	85	86	
100	55	56	57	58	59	48	49	50	51	52	53	54	101	102	103	104	105	106	107	96	97	98	99	112	113	114	115	116	117	118	119	108	109	110	111	124	125	126	127	128	129	130	131	120	121	122	123	136	137	138	139	140	141	142	143	132	133	134	135	148	149	150	151	152	153	154	155	144	145	146	147	3	4	5	6	7	8	9	10	11	0	1	2	15	16	17	18	19	20	21	22	23	12	13	14	27	28	29	30	31	32	33	34	35	24	25	26	39	40	41	42	43	44	45	46	47	36	37	38	64	65	66	67	68	69	70	71	60	61	62	63	76	77	78	79	80	81	82	83	72	73	74	75	88	89	90	91	92	93	94	95	84	85	86	87	
101	67	68	69	70	71	60	61	62	63	64	65	66	102	103	104	105	106	107	96	97	98	99	100	113	114	115	116	117	118	119	108	109	110	111	112	125	126	127	128	129	130	131	120	121	122	123	124	137	138	139	140	141	142	143	132	133	134	135	136	149	150	151	152	153	154	155	144	145	146	147	148	4	5	6	7	8	9	10	11	0	1	2	3	16	17	18	19	20	21	22	23	12	13	14	15	28	29	30	31	32	33	34	35	24	25	26	27	40	41	42	43	44	45	46	47	36	37	38	39	52	53	54	55	56	57	58	59	48	49	50	51	77	78	79	80	81	82	83	72	73	74	75	76	89	90	91	92	93	94	95	84	85	86	87	88	
102	79	80	81	82	83	72	73	74	75	76	77	78	103	104	105	106	107	96	97	98	99	100	101	114	115	116	117	118	119	108	109	110	111	112	113	126	127	128	129	130	131	120	121	122	123	124	125	138	139	140	141	142	143	132	133	134	135	136	137	150	151	152	153	154	155	144	145	146	147	148	149	5	6	7	8	9	10	11	0	1	2	3	4	17	18	19	20	21	22	23	12	13	14	15	16	29	30	31	32	33	34	35	24	25	26	27	28	41	42	43	44	45	46	47	36	37	38	39	40	53	54	55	56	57	58	59	48	49	50	51	52	65	66	67	68	69	70	71	60	61	62	63	64	90	91	92	93	94	95	84	85	86	87	88	89	
103	91	92	93	94	95	84	85	86	87	88	89	90	104	105	106	107	96	97	98	99	100	101	102	115	116	117	118	119	108	109	110	111	112	113	114	127	128	129	130	131	120	121	122	123	124	125	126	139	140	141	142	143	132	133	134	135	136	137	138	151	152	153	154	155	144	145	146	147	148	149	150	6	7	8	9	10	11	0	1	2	3	4	5	18	19	20	21	22	23	12	13	14	15	16	17	30	31	32	33	34	35	24	25	26	27	28	29	42	43	44	45	46	47	36	37	38	39	40	41	54	55	56	57	58	59	48	49	50	51	52	53	66	67	68	69	70	71	60	61	62	63	64	65	78	79	80	81	82	83	72	73	74	75	76	77	
104	116	117	118	119	108	109	110	111	112	113	114	115	105	106	107	96	97	98	99	100	101	102	103	129	130	131	120	121	122	123	124	125	126	127	128	141	142	143	132	133	134	135	136	137	138	139	140	153	154	155	144	145	146	147	148	149	150	151	152	8	9	10	11	0	1	2	3	4	5	6	7	20	21	22	23	12	13	14	15	16	17	18	19	32	33	34	35	24	25	26	27	28	29	30	31	44	45	46	47	36	37	38	39	40	41	42	43	56	57	58	59	48	49	50	51	52	53	54	55	68	69	70	71	60	61	62	63	64	65	66	67	80	81	82	83	72	73	74	75	76	77	78	79	92	93	94	95	84	85	86	87	88	89	90	91	
105	128	129	130	131	120	121	122	123	124	125	126	127	106	107	96	97	98	99	100	101	102	103	104	117	118	119	108	109	110	111	112	113	114	115	116	142	143	132	133	134	135	136	137	138	139	140	141	154	155	144	145	146	147	148	149	150	151	152	153	9	10	11	0	1	2	3	4	5	6	7	8	21	22	23	12	13	14	15	16	17	18	19	20	33	34	35	24	25	26	27	28	29	30	31	32	45	46	47	36	37	38	39	40	41	42	43	44	57	58	59	48	49	50	51	52	53	54	55	56	69	70	71	60	61	62	63	64	65	66	67	68	81	82	83	72	73	74	75	76	77	78	79	80	93	94	95	84	85	86	87	88	89	90	91	92	
106	140	141	142	143	132	133	134	135	136	137	138	139	107	96	97	98	99	100	101	102	103	104	105	118	119	108	109	110	111	112	113	114	115	116	117	130	131	120	121	122	123	124	125	126	127	128	129	155	144	145	146	147	148	149	150	151	152	153	154	10	11	0	1	2	3	4	5	6	7	8	9	22	23	12	13	14	15	16	17	18	19	20	21	34	35	24	25	26	27	28	29	30	31	32	33	46	47	36	37	38	39	40	41	42	43	44	45	58	59	48	49	50	51	52	53	54	55	56	57	70	71	60	61	62	63	64	65	66	67	68	69	82	83	72	73	74	75	76	77	78	79	80	81	94	95	84	85	86	87	88	89	90	91	92	93	
107	152	153	154	155	144	145	146	147	148	149	150	151	96	97	98	99	100	101	102	103	104	105	106	119	108	109	110	111	112	113	114	115	116	117	118	131	120	121	122	123	124	125	126	127	128	129	130	143	132	133	134	135	136	137	138	139	140	141	142	11	0	1	2	3	4	5	6	7	8	9	10	23	12	13	14	15	16	17	18	19	20	21	22	35	24	25	26	27	28	29	30	31	32	33	34	47	36	37	38	39	40	41	42	43	44	45	46	59	48	49	50	51	52	53	54	55	56	57	58	71	60	61	62	63	64	65	66	67	68	69	70	83	72	73	74	75	76	77	78	79	80	81	82	95	84	85	86	87	88	89	90	91	92	93	94	
108	8	9	10	11	0	1	2	3	4	5	6	7	109	110	111	112	113	114	115	116	117	118	119	120	121	122	123	124	125	126	127	128	129	130	131	132	133	134	135	136	137	138	139	140	141	142	143	144	145	146	147	148	149	150	151	152	153	154	155	12	13	14	15	16	17	18	19	20	21	22	23	24	25	26	27	28	29	30	31	32	33	34	35	36	37	38	39	40	41	42	43	44	45	46	47	48	49	50	51	52	53	54	55	56	57	58	59	60	61	62	63	64	65	66	67	68	69	70	71	72	73	74	75	76	77	78	79	80	81	82	83	84	85	86	87	88	89	90	91	92	93	94	95	96	97	98	99	100	101	102	103	104	105	106	107	
109	20	21	22	23	12	13	14	15	16	17	18	19	110	111	112	113	114	115	116	117	118	119	108	121	122	123	124	125	126	127	128	129	130	131	120	133	134	135	136	137	138	139	140	141	142	143	132	145	146	147	148	149	150	151	152	153	154	155	144	0	1	2	3	4	5	6	7	8	9	10	11	25	26	27	28	29	30	31	32	33	34	35	24	37	38	39	40	41	42	43	44	45	46	47	36	49	50	51	52	53	54	55	56	57	58	59	48	61	62	63	64	65	66	67	68	69	70	71	60	73	74	75	76	77	78	79	80	81	82	83	72	85	86	87	88	89	90	91	92	93	94	95	84	97	98	99	100	101	102	103	104	105	106	107	96	
110	32	33	34	35	24	25	26	27	28	29	30	31	111	112	113	114	115	116	117	118	119	108	109	122	123	124	125	126	127	128	129	130	131	120	121	134	135	136	137	138	139	140	141	142	143	132	133	146	147	148	149	150	151	152	153	154	155	144	145	1	2	3	4	5	6	7	8	9	10	11	0	13	14	15	16	17	18	19	20	21	22	23	12	38	39	40	41	42	43	44	45	46	47	36	37	50	51	52	53	54	55	56	57	58	59	48	49	62	63	64	65	66	67	68	69	70	71	60	61	74	75	76	77	78	79	80	81	82	83	72	73	86	87	88	89	90	91	92	93	94	95	84	85	98	99	100	101	102	103	104	105	106	107	96	97	
111	44	45	46	47	36	37	38	39	40	41	42	43	112	113	114	115	116	117	118	119	108	109	110	123	124	125	126	127	128	129	130	131	120	121	122	135	136	137	138	139	140	141	142	143	132	133	134	147	148	149	150	151	152	153	154	155	144	145	146	2	3	4	5	6	7	8	9	10	11	0	1	14	15	16	17	18	19	20	21	22	23	12	13	26	27	28	29	30	31	32	33	34	35	24	25	51	52	53	54	55	56	57	58	59	48	49	50	63	64	65	66	67	68	69	70	71	60	61	62	75	76	77	78	79	80	81	82	83	72	73	74	87	88	89	90	91	92	93	94	95	84	85	86	99	100	101	102	103	104	105	106	107	96	97	98	
112	56	57	58	59	48	49	50	51	52	53	54	55	113	114	115	116	117	118	119	108	109	110	111	124	125	126	127	128	129	130	131	120	121	122	123	136	137	138	139	140	141	142	143	132	133	134	135	148	149	150	151	152	153	154	155	144	145	146	147	3	4	5	6	7	8	9	10	11	0	1	2	15	16	17	18	19	20	21	22	23	12	13	14	27	28	29	30	31	32	33	34	35	24	25	26	39	40	41	42	43	44	45	46	47	36	37	38	64	65	66	67	68	69	70	71	60	61	62	63	76	77	78	79	80	81	82	83	72	73	74	75	88	89	90	91	92	93	94	95	84	85	86	87	100	101	102	103	104	105	106	107	96	97	98	99	
113	68	69	70	71	60	61	62	63	64	65	66	67	114	115	116	117	118	119	108	109	110	111	112	125	126	127	128	129	130	131	120	121	122	123	124	137	138	139	140	141	142	143	132	133	134	135	136	149	150	151	152	153	154	155	144	145	146	147	148	4	5	6	7	8	9	10	11	0	1	2	3	16	17	18	19	20	21	22	23	12	13	14	15	28	29	30	31	32	33	34	35	24	25	26	27	40	41	42	43	44	45	46	47	36	37	38	39	52	53	54	55	56	57	58	59	48	49	50	51	77	78	79	80	81	82	83	72	73	74	75	76	89	90	91	92	93	94	95	84	85	86	87	88	101	102	103	104	105	106	107	96	97	98	99	100	
114	80	81	82	83	72	73	74	75	76	77	78	79	115	116	117	118	119	108	109	110	111	112	113	126	127	128	129	130	131	120	121	122	123	124	125	138	139	140	141	142	143	132	133	134	135	136	137	150	151	152	153	154	155	144	145	146	147	148	149	5	6	7	8	9	10	11	0	1	2	3	4	17	18	19	20	21	22	23	12	13	14	15	16	29	30	31	32	33	34	35	24	25	26	27	28	41	42	43	44	45	46	47	36	37	38	39	40	53	54	55	56	57	58	59	48	49	50	51	52	65	66	67	68	69	70	71	60	61	62	63	64	90	91	92	93	94	95	84	85	86	87	88	89	102	103	104	105	106	107	96	97	98	99	100	101	
115	92	93	94	95	84	85	86	87	88	89	90	91	116	117	118	119	108	109	110	111	112	113	114	127	128	129	130	131	120	121	122	123	124	125	126	139	140	141	142	143	132	133	134	135	136	137	138	151	152	153	154	155	144	145	146	147	148	149	150	6	7	8	9	10	11	0	1	2	3	4	5	18	19	20	21	22	23	12	13	14	15	16	17	30	31	32	33	34	35	24	25	26	27	28	29	42	43	44	45	46	47	36	37	38	39	40	41	54	55	56	57	58	59	48	49	50	51	52	53	66	67	68	69	70	71	60	61	62	63	64	65	78	79	80	81	82	83	72	73	74	75	76	77	103	104	105	106	107	96	97	98	99	100	101	102	
116	104	105	106	107	96	97	98	99	100	101	102	103	117	118	119	108	109	110	111	112	113	114	115	128	129	130	131	120	121	122	123	124	125	126	127	140	141	142	143	132	133	134	135	136	137	138	139	152	153	154	155	144	145	146	147	148	149	150	151	7	8	9	10	11	0	1	2	3	4	5	6	19	20	21	22	23	12	13	14	15	16	17	18	31	32	33	34	35	24	25	26	27	28	29	30	43	44	45	46	47	36	37	38	39	40	41	42	55	56	57	58	59	48	49	50	51	52	53	54	67	68	69	70	71	60	61	62	63	64	65	66	79	80	81	82	83	72	73	74	75	76	77	78	91	92	93	94	95	84	85	86	87	88	89	90	
117	129	130	131	120	121	122	123	124	125	126	127	128	118	119	108	109	110	111	112	113	114	115	116	142	143	132	133	134	135	136	137	138	139	140	141	154	155	144	145	146	147	148	149	150	151	152	153	9	10	11	0	1	2	3	4	5	6	7	8	21	22	23	12	13	14	15	16	17	18	19	20	33	34	35	24	25	26	27	28	29	30	31	32	45	46	47	36	37	38	39	40	41	42	43	44	57	58	59	48	49	50	51	52	53	54	55	56	69	70	71	60	61	62	63	64	65	66	67	68	81	82	83	72	73	74	75	76	77	78	79	80	93	94	95	84	85	86	87	88	89	90	91	92	105	106	107	96	97	98	99	100	101	102	103	104	
118	141	142	143	132	133	134	135	136	137	138	139	140	119	108	109	110	111	112	113	114	115	116	117	130	131	120	121	122	123	124	125	126	127	128	129	155	144	145	146	147	148	149	150	151	152	153	154	10	11	0	1	2	3	4	5	6	7	8	9	22	23	12	13	14	15	16	17	18	19	20	21	34	35	24	25	26	27	28	29	30	31	32	33	46	47	36	37	38	39	40	41	42	43	44	45	58	59	48	49	50	51	52	53	54	55	56	57	70	71	60	61	62	63	64	65	66	67	68	69	82	83	72	73	74	75	76	77	78	79	80	81	94	95	84	85	86	87	88	89	90	91	92	93	106	107	96	97	98	99	100	101	102	103	104	105	
119	153	154	155	144	145	146	147	148	149	150	151	152	108	109	110	111	112	113	114	115	116	117	118	131	120	121	122	123	124	125	126	127	128	129	130	143	132	133	134	135	136	137	138	139	140	141	142	11	0	1	2	3	4	5	6	7	8	9	10	23	12	13	14	15	16	17	18	19	20	21	22	35	24	25	26	27	28	29	30	31	32	33	34	47	36	37	38	39	40	41	42	43	44	45	46	59	48	49	50	51	52	53	54	55	56	57	58	71	60	61	62	63	64	65	66	67	68	69	70	83	72	73	74	75	76	77	78	79	80	81	82	95	84	85	86	87	88	89	90	91	92	93	94	107	96	97	98	99	100	101	102	103	104	105	106	
120	9	10	11	0	1	2	3	4	5	6	7	8	121	122	123	124	125	126	127	128	129	130	131	132	133	134	135	136	137	138	139	140	141	142	143	144	145	146	147	148	149	150	151	152	153	154	155	12	13	14	15	16	17	18	19	20	21	22	23	24	25	26	27	28	29	30	31	32	33	34	35	36	37	38	39	40	41	42	43	44	45	46	47	48	49	50	51	52	53	54	55	56	57	58	59	60	61	62	63	64	65	66	67	68	69	70	71	72	73	74	75	76	77	78	79	80	81	82	83	84	85	86	87	88	89	90	91	92	93	94	95	96	97	98	99	100	101	102	103	104	105	106	107	108	109	110	111	112	113	114	115	116	117	118	119	
121	21	22	23	12	13	14	15	16	17	18	19	20	122	123	124	125	126	127	128	129	130	131	120	133	134	135	136	137	138	139	140	141	142	143	132	145	146	147	148	149	150	151	152	153	154	155	144	0	1	2	3	4	5	6	7	8	9	10	11	25	26	27	28	29	30	31	32	33	34	35	24	37	38	39	40	41	42	43	44	45	46	47	36	49	50	51	52	53	54	55	56	57	58	59	48	61	62	63	64	65	66	67	68	69	70	71	60	73	74	75	76	77	78	79	80	81	82	83	72	85	86	87	88	89	90	91	92	93	94	95	84	97	98	99	100	101	102	103	104	105	106	107	96	109	110	111	112	113	114	115	116	117	118	119	108	
122	33	34	35	24	25	26	27	28	29	30	31	32	123	124	125	126	127	128	129	130	131	120	121	134	135	136	137	138	139	140	141	142	143	132	133	146	147	148	149	150	151	152	153	154	155	144	145	1	2	3	4	5	6	7	8	9	10	11	0	13	14	15	16	17	18	19	20	21	22	23	12	38	39	40	41	42	43	44	45	46	47	36	37	50	51	52	53	54	55	56	57	58	59	48	49	62	63	64	65	66	67	68	69	70	71	60	61	74	75	76	77	78	79	80	81	82	83	72	73	86	87	88	89	90	91	92	93	94	95	84	85	98	99	100	101	102	103	104	105	106	107	96	97	110	111	112	113	114	115	116	117	118	119	108	109	
123	45	46	47	36	37	38	39	40	41	42	43	44	124	125	126	127	128	129	130	131	120	121	122	135	136	137	138	139	140	141	142	143	132	133	134	147	148	149	150	151	152	153	154	155	144	145	146	2	3	4	5	6	7	8	9	10	11	0	1	14	15	16	17	18	19	20	21	22	23	12	13	26	27	28	29	30	31	32	33	34	35	24	25	51	52	53	54	55	56	57	58	59	48	49	50	63	64	65	66	67	68	69	70	71	60	61	62	75	76	77	78	79	80	81	82	83	72	73	74	87	88	89	90	91	92	93	94	95	84	85	86	99	100	101	102	103	104	105	106	107	96	97	98	111	112	113	114	115	116	117	118	119	108	109	110	
124	57	58	59	48	49	50	51	52	53	54	55	56	125	126	127	128	129	130	131	120	121	122	123	136	137	138	139	140	141	142	143	132	133	134	135	148	149	150	151	152	153	154	155	144	145	146	147	3	4	5	6	7	8	9	10	11	0	1	2	15	16	17	18	19	20	21	22	23	12	13	14	27	28	29	30	31	32	33	34	35	24	25	26	39	40	41	42	43	44	45	46	47	36	37	38	64	65	66	67	68	69	70	71	60	61	62	63	76	77	78	79	80	81	82	83	72	73	74	75	88	89	90	91	92	93	94	95	84	85	86	87	100	101	102	103	104	105	106	107	96	97	98	99	112	113	114	115	116	117	118	119	108	109	110	111	
125	69	70	71	60	61	62	63	64	65	66	67	68	126	127	128	129	130	131	120	121	122	123	124	137	138	139	140	141	142	143	132	133	134	135	136	149	150	151	152	153	154	155	144	145	146	147	148	4	5	6	7	8	9	10	11	0	1	2	3	16	17	18	19	20	21	22	23	12	13	14	15	28	29	30	31	32	33	34	35	24	25	26	27	40	41	42	43	44	45	46	47	36	37	38	39	52	53	54	55	56	57	58	59	48	49	50	51	77	78	79	80	81	82	83	72	73	74	75	76	89	90	91	92	93	94	95	84	85	86	87	88	101	102	103	104	105	106	107	96	97	98	99	100	113	114	115	116	117	118	119	108	109	110	111	112	
126	81	82	83	72	73	74	75	76	77	78	79	80	127	128	129	130	131	120	121	122	123	124	125	138	139	140	141	142	143	132	133	134	135	136	137	150	151	152	153	154	155	144	145	146	147	148	149	5	6	7	8	9	10	11	0	1	2	3	4	17	18	19	20	21	22	23	12	13	14	15	16	29	30	31	32	33	34	35	24	25	26	27	28	41	42	43	44	45	46	47	36	37	38	39	40	53	54	55	56	57	58	59	48	49	50	51	52	65	66	67	68	69	70	71	60	61	62	63	64	90	91	92	93	94	95	84	85	86	87	88	89	102	103	104	105	106	107	96	97	98	99	100	101	114	115	116	117	118	119	108	109	110	111	112	113	
127	93	94	95	84	85	86	87	88	89	90	91	92	128	129	130	131	120	121	122	123	124	125	126	139	140	141	142	143	132	133	134	135	136	137	138	151	152	153	154	155	144	145	146	147	148	149	150	6	7	8	9	10	11	0	1	2	3	4	5	18	19	20	21	22	23	12	13	14	15	16	17	30	31	32	33	34	35	24	25	26	27	28	29	42	43	44	45	46	47	36	37	38	39	40	41	54	55	56	57	58	59	48	49	50	51	52	53	66	67	68	69	70	71	60	61	62	63	64	65	78	79	80	81	82	83	72	73	74	75	76	77	103	104	105	106	107	96	97	98	99	100	101	102	115	116	117	118	119	108	109	110	111	112	113	114	
128	105	106	107	96	97	98	99	100	101	102	103	104	129	130	131	120	121	122	123	124	125	126	127	140	141	142	143	132	133	134	135	136	137	138	139	152	153	154	155	144	145	146	147	148	149	150	151	7	8	9	10	11	0	1	2	3	4	5	6	19	20	21	22	23	12	13	14	15	16	17	18	31	32	33	34	35	24	25	26	27	28	29	30	43	44	45	46	47	36	37	38	39	40	41	42	55	56	57	58	59	48	49	50	51	52	53	54	67	68	69	70	71	60	61	62	63	64	65	66	79	80	81	82	83	72	73	74	75	76	77	78	91	92	93	94	95	84	85	86	87	88	89	90	116	117	118	119	108	109	110	111	112	113	114	115	
129	117	118	119	108	109	110	111	112	113	114	115	116	130	131	120	121	122	123	124	125	126	127	128	141	142	143	132	133	134	135	136	137	138	139	140	153	154	155	144	145	146	147	148	149	150	151	152	8	9	10	11	0	1	2	3	4	5	6	7	20	21	22	23	12	13	14	15	16	17	18	19	32	33	34	35	24	25	26	27	28	29	30	31	44	45	46	47	36	37	38	39	40	41	42	43	56	57	58	59	48	49	50	51	52	53	54	55	68	69	70	71	60	61	62	63	64	65	66	67	80	81	82	83	72	73	74	75	76	77	78	79	92	93	94	95	84	85	86	87	88	89	90	91	104	105	106	107	96	97	98	99	100	101	102	103	
130	142	143	132	133	134	135	136	137	138	139	140	141	131	120	121	122	123	124	125	126	127	128	129	155	144	145	146	147	148	149	150	151	152	153	154	10	11	0	1	2	3	4	5	6	7	8	9	22	23	12	13	14	15	16	17	18	19	20	21	34	35	24	25	26	27	28	29	30	31	32	33	46	47	36	37	38	39	40	41	42	43	44	45	58	59	48	49	50	51	52	53	54	55	56	57	70	71	60	61	62	63	64	65	66	67	68	69	82	83	72	73	74	75	76	77	78	79	80	81	94	95	84	85	86	87	88	89	90	91	92	93	106	107	96	97	98	99	100	101	102	103	104	105	118	119	108	109	110	111	112	113	114	115	116	117	
131	154	155	144	145	146	147	148	149	150	151	152	153	120	121	122	123	124	125	126	127	128	129	130	143	132	133	134	135	136	137	138	139	140	141	142	11	0	1	2	3	4	5	6	7	8	9	10	23	12	13	14	15	16	17	18	19	20	21	22	35	24	25	26	27	28	29	30	31	32	33	34	47	36	37	38	39	40	41	42	43	44	45	46	59	48	49	50	51	52	53	54	55	56	57	58	71	60	61	62	63	64	65	66	67	68	69	70	83	72	73	74	75	76	77	78	79	80	81	82	95	84	85	86	87	88	89	90	91	92	93	94	107	96	97	98	99	100	101	102	103	104	105	106	119	108	109	110	111	112	113	114	115	116	117	118	
132	10	11	0	1	2	3	4	5	6	7	8	9	133	134	135	136	137	138	139	140	141	142	143	144	145	146	147	148	149	150	151	152	153	154	155	12	13	14	15	16	17	18	19	20	21	22	23	24	25	26	27	28	29	30	31	32	33	34	35	36	37	38	39	40	41	42	43	44	45	46	47	48	49	50	51	52	53	54	55	56	57	58	59	60	61	62	63	64	65	66	67	68	69	70	71	72	73	74	75	76	77	78	79	80	81	82	83	84	85	86	87	88	89	90	91	92	93	94	95	96	97	98	99	100	101	102	103	104	105	106	107	108	109	110	111	112	113	114	115	116	117	118	119	120	121	122	123	124	125	126	127	128	129	130	131	
133	22	23	12	13	14	15	16	17	18	19	20	21	134	135	136	137	138	139	140	141	142	143	132	145	146	147	148	149	150	151	152	153	154	155	144	0	1	2	3	4	5	6	7	8	9	10	11	25	26	27	28	29	30	31	32	33	34	35	24	37	38	39	40	41	42	43	44	45	46	47	36	49	50	51	52	53	54	55	56	57	58	59	48	61	62	63	64	65	66	67	68	69	70	71	60	73	74	75	76	77	78	79	80	81	82	83	72	85	86	87	88	89	90	91	92	93	94	95	84	97	98	99	100	101	102	103	104	105	106	107	96	109	110	111	112	113	114	115	116	117	118	119	108	121	122	123	124	125	126	127	128	129	130	131	120	
134	34	35	24	25	26	27	28	29	30	31	32	33	135	136	137	138	139	140	141	142	143	132	133	146	147	148	149	150	151	152	153	154	155	144	145	1	2	3	4	5	6	7	8	9	10	11	0	13	14	15	16	17	18	19	20	21	22	23	12	38	39	40	41	42	43	44	45	46	47	36	37	50	51	52	53	54	55	56	57	58	59	48	49	62	63	64	65	66	67	68	69	70	71	60	61	74	75	76	77	78	79	80	81	82	83	72	73	86	87	88	89	90	91	92	93	94	95	84	85	98	99	100	101	102	103	104	105	106	107	96	97	110	111	112	113	114	115	116	117	118	119	108	109	122	123	124	125	126	127	128	129	130	131	120	121	
135	46	47	36	37	38	39	40	41	42	43	44	45	136	137	138	139	140	141	142	143	132	133	134	147	148	149	150	151	152	153	154	155	144	145	146	2	3	4	5	6	7	8	9	10	11	0	1	14	15	16	17	18	19	20	21	22	23	12	13	26	27	28	29	30	31	32	33	34	35	24	25	51	52	53	54	55	56	57	58	59	48	49	50	63	64	65	66	67	68	69	70	71	60	61	62	75	76	77	78	79	80	81	82	83	72	73	74	87	88	89	90	91	92	93	94	95	84	85	86	99	100	101	102	103	104	105	106	107	96	97	98	111	112	113	114	115	116	117	118	119	108	109	110	123	124	125	126	127	128	129	130	131	120	121	122	
136	58	59	48	49	50	51	52	53	54	55	56	57	137	138	139	140	141	142	143	132	133	134	135	148	149	150	151	152	153	154	155	144	145	146	147	3	4	5	6	7	8	9	10	11	0	1	2	15	16	17	18	19	20	21	22	23	12	13	14	27	28	29	30	31	32	33	34	35	24	25	26	39	40	41	42	43	44	45	46	47	36	37	38	64	65	66	67	68	69	70	71	60	61	62	63	76	77	78	79	80	81	82	83	72	73	74	75	88	89	90	91	92	93	94	95	84	85	86	87	100	101	102	103	104	105	106	107	96	97	98	99	112	113	114	115	116	117	118	119	108	109	110	111	124	125	126	127	128	129	130	131	120	121	122	123	
137	70	71	60	61	62	63	64	65	66	67	68	69	138	139	140	141	142	143	132	133	134	135	136	149	150	151	152	153	154	155	144	145	146	147	148	4	5	6	7	8	9	10	11	0	1	2	3	16	17	18	19	20	21	22	23	12	13	14	15	28	29	30	31	32	33	34	35	24	25	26	27	40	41	42	43	44	45	46	47	36	37	38	39	52	53	54	55	56	57	58	59	48	49	50	51	77	78	79	80	81	82	83	72	73	74	75	76	89	90	91	92	93	94	95	84	85	86	87	88	101	102	103	104	105	106	107	96	97	98	99	100	113	114	115	116	117	118	119	108	109	110	111	112	125	126	127	128	129	130	131	120	121	122	123	124	
138	82	83	72	73	74	75	76	77	78	79	80	81	139	140	141	142	143	132	133	134	135	136	137	150	151	152	153	154	155	144	145	146	147	148	149	5	6	7	8	9	10	11	0	1	2	3	4	17	18	19	20	21	22	23	12	13	14	15	16	29	30	31	32	33	34	35	24	25	26	27	28	41	42	43	44	45	46	47	36	37	38	39	40	53	54	55	56	57	58	59	48	49	50	51	52	65	66	67	68	69	70	71	60	61	62	63	64	90	91	92	93	94	95	84	85	86	87	88	89	102	103	104	105	106	107	96	97	98	99	100	101	114	115	116	117	118	119	108	109	110	111	112	113	126	127	128	129	130	131	120	121	122	123	124	125	
139	94	95	84	85	86	87	88	89	90	91	92	93	140	141	142	143	132	133	134	135	136	137	138	151	152	153	154	155	144	145	146	147	148	149	150	6	7	8	9	10	11	0	1	2	3	4	5	18	19	20	21	22	23	12	13	14	15	16	17	30	31	32	33	34	35	24	25	26	27	28	29	42	43	44	45	46	47	36	37	38	39	40	41	54	55	56	57	58	59	48	49	50	51	52	53	66	67	68	69	70	71	60	61	62	63	64	65	78	79	80	81	82	83	72	73	74	75	76	77	103	104	105	106	107	96	97	98	99	100	101	102	115	116	117	118	119	108	109	110	111	112	113	114	127	128	129	130	131	120	121	122	123	124	125	126	
140	106	107	96	97	98	99	100	101	102	103	104	105	141	142	143	132	133	134	135	136	137	138	139	152	153	154	155	144	145	146	147	148	149	150	151	7	8	9	10	11	0	1	2	3	4	5	6	19	20	21	22	23	12	13	14	15	16	17	18	31	32	33	34	35	24	25	26	27	28	29	30	43	44	45	46	47	36	37	38	39	40	41	42	55	56	57	58	59	48	49	50	51	52	53	54	67	68	69	70	71	60	61	62	63	64	65	66	79	80	81	82	83	72	73	74	75	76	77	78	91	92	93	94	95	84	85	86	87	88	89	90	116	117	118	119	108	109	110	111	112	113	114	115	128	129	130	131	120	121	122	123	124	125	126	127	
141	118	119	108	109	110	111	112	113	114	115	116	117	142	143	132	133	134	135	136	137	138	139	140	153	154	155	144	145	146	147	148	149	150	151	152	8	9	10	11	0	1	2	3	4	5	6	7	20	21	22	23	12	13	14	15	16	17	18	19	32	33	34	35	24	25	26	27	28	29	30	31	44	45	46	47	36	37	38	39	40	41	42	43	56	57	58	59	48	49	50	51	52	53	54	55	68	69	70	71	60	61	62	63	64	65	66	67	80	81	82	83	72	73	74	75	76	77	78	79	92	93	94	95	84	85	86	87	88	89	90	91	104	105	106	107	96	97	98	99	100	101	102	103	129	130	131	120	121	122	123	124	125	126	127	128	
142	130	131	120	121	122	123	124	125	126	127	128	129	143	132	133	134	135	136	137	138	139	140	141	154	155	144	145	146	147	148	149	150	151	152	153	9	10	11	0	1	2	3	4	5	6	7	8	21	22	23	12	13	14	15	16	17	18	19	20	33	34	35	24	25	26	27	28	29	30	31	32	45	46	47	36	37	38	39	40	41	42	43	44	57	58	59	48	49	50	51	52	53	54	55	56	69	70	71	60	61	62	63	64	65	66	67	68	81	82	83	72	73	74	75	76	77	78	79	80	93	94	95	84	85	86	87	88	89	90	91	92	105	106	107	96	97	98	99	100	101	102	103	104	117	118	119	108	109	110	111	112	113	114	115	116	
143	155	144	145	146	147	148	149	150	151	152	153	154	132	133	134	135	136	137	138	139	140	141	142	11	0	1	2	3	4	5	6	7	8	9	10	23	12	13	14	15	16	17	18	19	20	21	22	35	24	25	26	27	28	29	30	31	32	33	34	47	36	37	38	39	40	41	42	43	44	45	46	59	48	49	50	51	52	53	54	55	56	57	58	71	60	61	62	63	64	65	66	67	68	69	70	83	72	73	74	75	76	77	78	79	80	81	82	95	84	85	86	87	88	89	90	91	92	93	94	107	96	97	98	99	100	101	102	103	104	105	106	119	108	109	110	111	112	113	114	115	116	117	118	131	120	121	122	123	124	125	126	127	128	129	130	
144	11	0	1	2	3	4	5	6	7	8	9	10	145	146	147	148	149	150	151	152	153	154	155	12	13	14	15	16	17	18	19	20	21	22	23	24	25	26	27	28	29	30	31	32	33	34	35	36	37	38	39	40	41	42	43	44	45	46	47	48	49	50	51	52	53	54	55	56	57	58	59	60	61	62	63	64	65	66	67	68	69	70	71	72	73	74	75	76	77	78	79	80	81	82	83	84	85	86	87	88	89	90	91	92	93	94	95	96	97	98	99	100	101	102	103	104	105	106	107	108	109	110	111	112	113	114	115	116	117	118	119	120	121	122	123	124	125	126	127	128	129	130	131	132	133	134	135	136	137	138	139	140	141	142	143	
145	23	12	13	14	15	16	17	18	19	20	21	22	146	147	148	149	150	151	152	153	154	155	144	0	1	2	3	4	5	6	7	8	9	10	11	25	26	27	28	29	30	31	32	33	34	35	24	37	38	39	40	41	42	43	44	45	46	47	36	49	50	51	52	53	54	55	56	57	58	59	48	61	62	63	64	65	66	67	68	69	70	71	60	73	74	75	76	77	78	79	80	81	82	83	72	85	86	87	88	89	90	91	92	93	94	95	84	97	98	99	100	101	102	103	104	105	106	107	96	109	110	111	112	113	114	115	116	117	118	119	108	121	122	123	124	125	126	127	128	129	130	131	120	133	134	135	136	137	138	139	140	141	142	143	132	
146	35	24	25	26	27	28	29	30	31	32	33	34	147	148	149	150	151	152	153	154	155	144	145	1	2	3	4	5	6	7	8	9	10	11	0	13	14	15	16	17	18	19	20	21	22	23	12	38	39	40	41	42	43	44	45	46	47	36	37	50	51	52	53	54	55	56	57	58	59	48	49	62	63	64	65	66	67	68	69	70	71	60	61	74	75	76	77	78	79	80	81	82	83	72	73	86	87	88	89	90	91	92	93	94	95	84	85	98	99	100	101	102	103	104	105	106	107	96	97	110	111	112	113	114	115	116	117	118	119	108	109	122	123	124	125	126	127	128	129	130	131	120	121	134	135	136	137	138	139	140	141	142	143	132	133	
147	47	36	37	38	39	40	41	42	43	44	45	46	148	149	150	151	152	153	154	155	144	145	146	2	3	4	5	6	7	8	9	10	11	0	1	14	15	16	17	18	19	20	21	22	23	12	13	26	27	28	29	30	31	32	33	34	35	24	25	51	52	53	54	55	56	57	58	59	48	49	50	63	64	65	66	67	68	69	70	71	60	61	62	75	76	77	78	79	80	81	82	83	72	73	74	87	88	89	90	91	92	93	94	95	84	85	86	99	100	101	102	103	104	105	106	107	96	97	98	111	112	113	114	115	116	117	118	119	108	109	110	123	124	125	126	127	128	129	130	131	120	121	122	135	136	137	138	139	140	141	142	143	132	133	134	
148	59	48	49	50	51	52	53	54	55	56	57	58	149	150	151	152	153	154	155	144	145	146	147	3	4	5	6	7	8	9	10	11	0	1	2	15	16	17	18	19	20	21	22	23	12	13	14	27	28	29	30	31	32	33	34	35	24	25	26	39	40	41	42	43	44	45	46	47	36	37	38	64	65	66	67	68	69	70	71	60	61	62	63	76	77	78	79	80	81	82	83	72	73	74	75	88	89	90	91	92	93	94	95	84	85	86	87	100	101	102	103	104	105	106	107	96	97	98	99	112	113	114	115	116	117	118	119	108	109	110	111	124	125	126	127	128	129	130	131	120	121	122	123	136	137	138	139	140	141	142	143	132	133	134	135	
149	71	60	61	62	63	64	65	66	67	68	69	70	150	151	152	153	154	155	144	145	146	147	148	4	5	6	7	8	9	10	11	0	1	2	3	16	17	18	19	20	21	22	23	12	13	14	15	28	29	30	31	32	33	34	35	24	25	26	27	40	41	42	43	44	45	46	47	36	37	38	39	52	53	54	55	56	57	58	59	48	49	50	51	77	78	79	80	81	82	83	72	73	74	75	76	89	90	91	92	93	94	95	84	85	86	87	88	101	102	103	104	105	106	107	96	97	98	99	100	113	114	115	116	117	118	119	108	109	110	111	112	125	126	127	128	129	130	131	120	121	122	123	124	137	138	139	140	141	142	143	132	133	134	135	136	
150	83	72	73	74	75	76	77	78	79	80	81	82	151	152	153	154	155	144	145	146	147	148	149	5	6	7	8	9	10	11	0	1	2	3	4	17	18	19	20	21	22	23	12	13	14	15	16	29	30	31	32	33	34	35	24	25	26	27	28	41	42	43	44	45	46	47	36	37	38	39	40	53	54	55	56	57	58	59	48	49	50	51	52	65	66	67	68	69	70	71	60	61	62	63	64	90	91	92	93	94	95	84	85	86	87	88	89	102	103	104	105	106	107	96	97	98	99	100	101	114	115	116	117	118	119	108	109	110	111	112	113	126	127	128	129	130	131	120	121	122	123	124	125	138	139	140	141	142	143	132	133	134	135	136	137	
151	95	84	85	86	87	88	89	90	91	92	93	94	152	153	154	155	144	145	146	147	148	149	150	6	7	8	9	10	11	0	1	2	3	4	5	18	19	20	21	22	23	12	13	14	15	16	17	30	31	32	33	34	35	24	25	26	27	28	29	42	43	44	45	46	47	36	37	38	39	40	41	54	55	56	57	58	59	48	49	50	51	52	53	66	67	68	69	70	71	60	61	62	63	64	65	78	79	80	81	82	83	72	73	74	75	76	77	103	104	105	106	107	96	97	98	99	100	101	102	115	116	117	118	119	108	109	110	111	112	113	114	127	128	129	130	131	120	121	122	123	124	125	126	139	140	141	142	143	132	133	134	135	136	137	138	
152	107	96	97	98	99	100	101	102	103	104	105	106	153	154	155	144	145	146	147	148	149	150	151	7	8	9	10	11	0	1	2	3	4	5	6	19	20	21	22	23	12	13	14	15	16	17	18	31	32	33	34	35	24	25	26	27	28	29	30	43	44	45	46	47	36	37	38	39	40	41	42	55	56	57	58	59	48	49	50	51	52	53	54	67	68	69	70	71	60	61	62	63	64	65	66	79	80	81	82	83	72	73	74	75	76	77	78	91	92	93	94	95	84	85	86	87	88	89	90	116	117	118	119	108	109	110	111	112	113	114	115	128	129	130	131	120	121	122	123	124	125	126	127	140	141	142	143	132	133	134	135	136	137	138	139	
153	119	108	109	110	111	112	113	114	115	116	117	118	154	155	144	145	146	147	148	149	150	151	152	8	9	10	11	0	1	2	3	4	5	6	7	20	21	22	23	12	13	14	15	16	17	18	19	32	33	34	35	24	25	26	27	28	29	30	31	44	45	46	47	36	37	38	39	40	41	42	43	56	57	58	59	48	49	50	51	52	53	54	55	68	69	70	71	60	61	62	63	64	65	66	67	80	81	82	83	72	73	74	75	76	77	78	79	92	93	94	95	84	85	86	87	88	89	90	91	104	105	106	107	96	97	98	99	100	101	102	103	129	130	131	120	121	122	123	124	125	126	127	128	141	142	143	132	133	134	135	136	137	138	139	140	
154	131	120	121	122	123	124	125	126	127	128	129	130	155	144	145	146	147	148	149	150	151	152	153	9	10	11	0	1	2	3	4	5	6	7	8	21	22	23	12	13	14	15	16	17	18	19	20	33	34	35	24	25	26	27	28	29	30	31	32	45	46	47	36	37	38	39	40	41	42	43	44	57	58	59	48	49	50	51	52	53	54	55	56	69	70	71	60	61	62	63	64	65	66	67	68	81	82	83	72	73	74	75	76	77	78	79	80	93	94	95	84	85	86	87	88	89	90	91	92	105	106	107	96	97	98	99	100	101	102	103	104	117	118	119	108	109	110	111	112	113	114	115	116	142	143	132	133	134	135	136	137	138	139	140	141	
155	143	132	133	134	135	136	137	138	139	140	141	142	144	145	146	147	148	149	150	151	152	153	154	10	11	0	1	2	3	4	5	6	7	8	9	22	23	12	13	14	15	16	17	18	19	20	21	34	35	24	25	26	27	28	29	30	31	32	33	46	47	36	37	38	39	40	41	42	43	44	45	58	59	48	49	50	51	52	53	54	55	56	57	70	71	60	61	62	63	64	65	66	67	68	69	82	83	72	73	74	75	76	77	78	79	80	81	94	95	84	85	86	87	88	89	90	91	92	93	106	107	96	97	98	99	100	101	102	103	104	105	118	119	108	109	110	111	112	113	114	115	116	117	130	131	120	121	122	123	124	125	126	127	128	129	
