0	4	5	6	7	1	2	3	9	10	11	8	13	14	15	12	17	18	19	16	
1	8	9	10	11	2	3	0	5	6	7	4	14	15	12	13	18	19	16	17	
2	12	13	14	15	3	0	1	6	7	4	5	10	11	8	9	19	16	17	18	
3	16	17	18	19	0	1	2	7	4	5	6	11	8	9	10	15	12	13	14	
4	0	1	2	3	5	6	7	8	9	10	11	12	13	14	15	16	17	18	19	
5	9	10	11	8	6	7	4	14	15	12	13	18	19	16	17	1	2	3	0	
6	13	14	15	12	7	4	5	10	11	8	9	19	16	17	18	2	3	0	1	
7	17	18	19	16	4	5	6	11	8	9	10	15	12	13	14	3	0	1	2	
8	1	2	3	0	9	10	11	12	13	14	15	16	17	18	19	4	5	6	7	
9	5	6	7	4	10	11	8	13	14	15	12	17	18	19	16	0	1	2	3	
10	14	15	12	13	11	8	9	19	16	17	18	2	3	0	1	6	7	4	5	
11	18	19	16	17	8	9	10	15	12	13	14	3	0	1	2	7	4	5	6	
12	2	3	0	1	13	14	15	16	17	18	19	4	5	6	7	8	9	10	11	
13	6	7	4	5	14	15	12	17	18	19	16	0	1	2	3	9	10	11	8	
14	10	11	8	9	15	12	13	18	19	16	17	1	2	3	0	5	6	7	4	
15	19	16	17	18	12	13	14	3	0	1	2	7	4	5	6	11	8	9	10	
16	3	0	1	2	17	18	19	4	5	6	7	8	9	10	11	12	13	14	15	
17	7	4	5	6	18	19	16	0	1	2	3	9	10	11	8	13	14	15	12	
18	11	8	9	10	19	16	17	1	2	3	0	5	6	7	4	14	15	12	13	
19	15	12	13	14	16	17	18	2	3	0	1	6	7	4	5	10	11	8	9	
