0	5	6	7	8	9	1	2	3	4	11	12	13	14	10	16	17	18	19	15	21	22	23	24	20	26	27	28	29	25	
1	10	11	12	13	14	2	3	4	0	6	7	8	9	5	17	18	19	15	16	22	23	24	20	21	27	28	29	25	26	
2	15	16	17	18	19	3	4	0	1	7	8	9	5	6	12	13	14	10	11	23	24	20	21	22	28	29	25	26	27	
3	20	21	22	23	24	4	0	1	2	8	9	5	6	7	13	14	10	11	12	18	19	15	16	17	29	25	26	27	28	
4	25	26	27	28	29	0	1	2	3	9	5	6	7	8	14	10	11	12	13	19	15	16	17	18	24	20	21	22	23	
5	0	1	2	3	4	6	7	8	9	10	11	12	13	14	15	16	17	18	19	20	21	22	23	24	25	26	27	28	29	
6	11	12	13	14	10	7	8	9	5	17	18	19	15	16	22	23	24	20	21	27	28	29	25	26	1	2	3	4	0	
7	16	17	18	19	15	8	9	5	6	12	13	14	10	11	23	24	20	21	22	28	29	25	26	27	2	3	4	0	1	
8	21	22	23	24	20	9	5	6	7	13	14	10	11	12	18	19	15	16	17	29	25	26	27	28	3	4	0	1	2	
9	26	27	28	29	25	5	6	7	8	14	10	11	12	13	19	15	16	17	18	24	20	21	22	23	4	0	1	2	3	
10	1	2	3	4	0	11	12	13	14	15	16	17	18	19	20	21	22	23	24	25	26	27	28	29	5	6	7	8	9	
11	6	7	8	9	5	12	13	14	10	16	17	18	19	15	21	22	23	24	20	26	27	28	29	25	0	1	2	3	4	
12	17	18	19	15	16	13	14	10	11	23	24	20	21	22	28	29	25	26	27	2	3	4	0	1	7	8	9	5	6	
13	22	23	24	20	21	14	10	11	12	18	19	15	16	17	29	25	26	27	28	3	4	0	1	2	8	9	5	6	7	
14	27	28	29	25	26	10	11	12	13	19	15	16	17	18	24	20	21	22	23	4	0	1	2	3	9	5	6	7	8	
15	2	3	4	0	1	16	17	18	19	20	21	22	23	24	25	26	27	28	29	5	6	7	8	9	10	11	12	13	14	
16	7	8	9	5	6	17	18	19	15	21	22	23	24	20	26	27	28	29	25	0	1	2	3	4	11	12	13	14	10	
17	12	13	14	10	11	18	19	15	16	22	23	24	20	21	27	28	29	25	26	1	2	3	4	0	6	7	8	9	5	
18	23	24	20	21	22	19	15	16	17	29	25	26	27	28	3	4	0	1	2	8	9	5	6	7	13	14	10	11	12	
19	28	29	25	26	27	15	16	17	18	24	20	21	22	23	4	0	1	2	3	9	5	6	7	8	14	10	11	12	13	
20	3	4	0	1	2	21	22	23	24	25	26	27	28	29	5	6	7	8	9	10	11	12	13	14	15	16	17	18	19	
21	8	9	5	6	7	22	23	24	20	26	27	28	29	25	0	1	2	3	4	11	12	13	14	10	16	17	18	19	15	
22	13	14	10	11	12	23	24	20	21	27	28	29	25	26	1	2	3	4	0	6	7	8	9	5	17	18	19	15	16	
23	18	19	15	16	17	24	20	21	22	28	29	25	26	27	2	3	4	0	1	7	8	9	5	6	12	13	14	10	11	
24	29	25	26	27	28	20	21	22	23	4	0	1	2	3	9	5	6	7	8	14	10	11	12	13	19	15	16	17	18	
25	4	0	1	2	3	26	27	28	29	5	6	7	8	9	10	11	12	13	14	15	16	17	18	19	20	21	22	23	24	
26	9	5	6	7	8	27	28	29	25	0	1	2	3	4	11	12	13	14	10	16	17	18	19	15	21	22	23	24	20	
27	14	10	11	12	13	28	29	25	26	1	2	3	4	0	6	7	8	9	5	17	18	19	15	16	22	23	24	20	21	
28	19	15	16	17	18	29	25	26	27	2	3	4	0	1	7	8	9	5	6	12	13	14	10	11	23	24	20	21	22	
29	24	20	21	22	23	25	26	27	28	3	4	0	1	2	8	9	5	6	7	13	14	10	11	12	18	19	15	16	17	
