0	8	9	10	11	12	13	14	15	1	2	3	4	5	6	7	17	18	19	20	21	22	23	16	25	26	27	28	29	30	31	24	33	34	35	36	37	38	39	32	41	42	43	44	45	46	47	40	49	50	51	52	53	54	55	48	57	58	59	60	61	62	63	56	65	66	67	68	69	70	71	64	
1	16	17	18	19	20	21	22	23	2	3	4	5	6	7	0	9	10	11	12	13	14	15	8	26	27	28	29	30	31	24	25	34	35	36	37	38	39	32	33	42	43	44	45	46	47	40	41	50	51	52	53	54	55	48	49	58	59	60	61	62	63	56	57	66	67	68	69	70	71	64	65	
2	24	25	26	27	28	29	30	31	3	4	5	6	7	0	1	10	11	12	13	14	15	8	9	18	19	20	21	22	23	16	17	35	36	37	38	39	32	33	34	43	44	45	46	47	40	41	42	51	52	53	54	55	48	49	50	59	60	61	62	63	56	57	58	67	68	69	70	71	64	65	66	
3	32	33	34	35	36	37	38	39	4	5	6	7	0	1	2	11	12	13	14	15	8	9	10	19	20	21	22	23	16	17	18	27	28	29	30	31	24	25	26	44	45	46	47	40	41	42	43	52	53	54	55	48	49	50	51	60	61	62	63	56	57	58	59	68	69	70	71	64	65	66	67	
4	40	41	42	43	44	45	46	47	5	6	7	0	1	2	3	12	13	14	15	8	9	10	11	20	21	22	23	16	17	18	19	28	29	30	31	24	25	26	27	36	37	38	39	32	33	34	35	53	54	55	48	49	50	51	52	61	62	63	56	57	58	59	60	69	70	71	64	65	66	67	68	
5	48	49	50	51	52	53	54	55	6	7	0	1	2	3	4	13	14	15	8	9	10	11	12	21	22	23	16	17	18	19	20	29	30	31	24	25	26	27	28	37	38	39	32	33	34	35	36	45	46	47	40	41	42	43	44	62	63	56	57	58	59	60	61	70	71	64	65	66	67	68	69	
6	56	57	58	59	60	61	62	63	7	0	1	2	3	4	5	14	15	8	9	10	11	12	13	22	23	16	17	18	19	20	21	30	31	24	25	26	27	28	29	38	39	32	33	34	35	36	37	46	47	40	41	42	43	44	45	54	55	48	49	50	51	52	53	71	64	65	66	67	68	69	70	
7	64	65	66	67	68	69	70	71	0	1	2	3	4	5	6	15	8	9	10	11	12	13	14	23	16	17	18	19	20	21	22	31	24	25	26	27	28	29	30	39	32	33	34	35	36	37	38	47	40	41	42	43	44	45	46	55	48	49	50	51	52	53	54	63	56	57	58	59	60	61	62	
8	0	1	2	3	4	5	6	7	9	10	11	12	13	14	15	16	17	18	19	20	21	22	23	24	25	26	27	28	29	30	31	32	33	34	35	36	37	38	39	40	41	42	43	44	45	46	47	48	49	50	51	52	53	54	55	56	57	58	59	60	61	62	63	64	65	66	67	68	69	70	71	
9	17	18	19	20	21	22	23	16	10	11	12	13	14	15	8	26	27	28	29	30	31	24	25	34	35	36	37	38	39	32	33	42	43	44	45	46	47	40	41	50	51	52	53	54	55	48	49	58	59	60	61	62	63	56	57	66	67	68	69	70	71	64	65	1	2	3	4	5	6	7	0	
10	25	26	27	28	29	30	31	24	11	12	13	14	15	8	9	18	19	20	21	22	23	16	17	35	36	37	38	39	32	33	34	43	44	45	46	47	40	41	42	51	52	53	54	55	48	49	50	59	60	61	62	63	56	57	58	67	68	69	70	71	64	65	66	2	3	4	5	6	7	0	1	
11	33	34	35	36	37	38	39	32	12	13	14	15	8	9	10	19	20	21	22	23	16	17	18	27	28	29	30	31	24	25	26	44	45	46	47	40	41	42	43	52	53	54	55	48	49	50	51	60	61	62	63	56	57	58	59	68	69	70	71	64	65	66	67	3	4	5	6	7	0	1	2	
12	41	42	43	44	45	46	47	40	13	14	15	8	9	10	11	20	21	22	23	16	17	18	19	28	29	30	31	24	25	26	27	36	37	38	39	32	33	34	35	53	54	55	48	49	50	51	52	61	62	63	56	57	58	59	60	69	70	71	64	65	66	67	68	4	5	6	7	0	1	2	3	
13	49	50	51	52	53	54	55	48	14	15	8	9	10	11	12	21	22	23	16	17	18	19	20	29	30	31	24	25	26	27	28	37	38	39	32	33	34	35	36	45	46	47	40	41	42	43	44	62	63	56	57	58	59	60	61	70	71	64	65	66	67	68	69	5	6	7	0	1	2	3	4	
14	57	58	59	60	61	62	63	56	15	8	9	10	11	12	13	22	23	16	17	18	19	20	21	30	31	24	25	26	27	28	29	38	39	32	33	34	35	36	37	46	47	40	41	42	43	44	45	54	55	48	49	50	51	52	53	71	64	65	66	67	68	69	70	6	7	0	1	2	3	4	5	
15	65	66	67	68	69	70	71	64	8	9	10	11	12	13	14	23	16	17	18	19	20	21	22	31	24	25	26	27	28	29	30	39	32	33	34	35	36	37	38	47	40	41	42	43	44	45	46	55	48	49	50	51	52	53	54	63	56	57	58	59	60	61	62	7	0	1	2	3	4	5	6	
16	1	2	3	4	5	6	7	0	17	18	19	20	21	22	23	24	25	26	27	28	29	30	31	32	33	34	35	36	37	38	39	40	41	42	43	44	45	46	47	48	49	50	51	52	53	54	55	56	57	58	59	60	61	62	63	64	65	66	67	68	69	70	71	8	9	10	11	12	13	14	15	
17	9	10	11	12	13	14	15	8	18	19	20	21	22	23	16	25	26	27	28	29	30	31	24	33	34	35	36	37	38	39	32	41	42	43	44	45	46	47	40	49	50	51	52	53	54	55	48	57	58	59	60	61	62	63	56	65	66	67	68	69	70	71	64	0	1	2	3	4	5	6	7	
18	26	27	28	29	30	31	24	25	19	20	21	22	23	16	17	35	36	37	38	39	32	33	34	43	44	45	46	47	40	41	42	51	52	53	54	55	48	49	50	59	60	61	62	63	56	57	58	67	68	69	70	71	64	65	66	2	3	4	5	6	7	0	1	10	11	12	13	14	15	8	9	
19	34	35	36	37	38	39	32	33	20	21	22	23	16	17	18	27	28	29	30	31	24	25	26	44	45	46	47	40	41	42	43	52	53	54	55	48	49	50	51	60	61	62	63	56	57	58	59	68	69	70	71	64	65	66	67	3	4	5	6	7	0	1	2	11	12	13	14	15	8	9	10	
20	42	43	44	45	46	47	40	41	21	22	23	16	17	18	19	28	29	30	31	24	25	26	27	36	37	38	39	32	33	34	35	53	54	55	48	49	50	51	52	61	62	63	56	57	58	59	60	69	70	71	64	65	66	67	68	4	5	6	7	0	1	2	3	12	13	14	15	8	9	10	11	
21	50	51	52	53	54	55	48	49	22	23	16	17	18	19	20	29	30	31	24	25	26	27	28	37	38	39	32	33	34	35	36	45	46	47	40	41	42	43	44	62	63	56	57	58	59	60	61	70	71	64	65	66	67	68	69	5	6	7	0	1	2	3	4	13	14	15	8	9	10	11	12	
22	58	59	60	61	62	63	56	57	23	16	17	18	19	20	21	30	31	24	25	26	27	28	29	38	39	32	33	34	35	36	37	46	47	40	41	42	43	44	45	54	55	48	49	50	51	52	53	71	64	65	66	67	68	69	70	6	7	0	1	2	3	4	5	14	15	8	9	10	11	12	13	
23	66	67	68	69	70	71	64	65	16	17	18	19	20	21	22	31	24	25	26	27	28	29	30	39	32	33	34	35	36	37	38	47	40	41	42	43	44	45	46	55	48	49	50	51	52	53	54	63	56	57	58	59	60	61	62	7	0	1	2	3	4	5	6	15	8	9	10	11	12	13	14	
24	2	3	4	5	6	7	0	1	25	26	27	28	29	30	31	32	33	34	35	36	37	38	39	40	41	42	43	44	45	46	47	48	49	50	51	52	53	54	55	56	57	58	59	60	61	62	63	64	65	66	67	68	69	70	71	8	9	10	11	12	13	14	15	16	17	18	19	20	21	22	23	
25	10	11	12	13	14	15	8	9	26	27	28	29	30	31	24	33	34	35	36	37	38	39	32	41	42	43	44	45	46	47	40	49	50	51	52	53	54	55	48	57	58	59	60	61	62	63	56	65	66	67	68	69	70	71	64	0	1	2	3	4	5	6	7	17	18	19	20	21	22	23	16	
26	18	19	20	21	22	23	16	17	27	28	29	30	31	24	25	34	35	36	37	38	39	32	33	42	43	44	45	46	47	40	41	50	51	52	53	54	55	48	49	58	59	60	61	62	63	56	57	66	67	68	69	70	71	64	65	1	2	3	4	5	6	7	0	9	10	11	12	13	14	15	8	
27	35	36	37	38	39	32	33	34	28	29	30	31	24	25	26	44	45	46	47	40	41	42	43	52	53	54	55	48	49	50	51	60	61	62	63	56	57	58	59	68	69	70	71	64	65	66	67	3	4	5	6	7	0	1	2	11	12	13	14	15	8	9	10	19	20	21	22	23	16	17	18	
28	43	44	45	46	47	40	41	42	29	30	31	24	25	26	27	36	37	38	39	32	33	34	35	53	54	55	48	49	50	51	52	61	62	63	56	57	58	59	60	69	70	71	64	65	66	67	68	4	5	6	7	0	1	2	3	12	13	14	15	8	9	10	11	20	21	22	23	16	17	18	19	
29	51	52	53	54	55	48	49	50	30	31	24	25	26	27	28	37	38	39	32	33	34	35	36	45	46	47	40	41	42	43	44	62	63	56	57	58	59	60	61	70	71	64	65	66	67	68	69	5	6	7	0	1	2	3	4	13	14	15	8	9	10	11	12	21	22	23	16	17	18	19	20	
30	59	60	61	62	63	56	57	58	31	24	25	26	27	28	29	38	39	32	33	34	35	36	37	46	47	40	41	42	43	44	45	54	55	48	49	50	51	52	53	71	64	65	66	67	68	69	70	6	7	0	1	2	3	4	5	14	15	8	9	10	11	12	13	22	23	16	17	18	19	20	21	
31	67	68	69	70	71	64	65	66	24	25	26	27	28	29	30	39	32	33	34	35	36	37	38	47	40	41	42	43	44	45	46	55	48	49	50	51	52	53	54	63	56	57	58	59	60	61	62	7	0	1	2	3	4	5	6	15	8	9	10	11	12	13	14	23	16	17	18	19	20	21	22	
32	3	4	5	6	7	0	1	2	33	34	35	36	37	38	39	40	41	42	43	44	45	46	47	48	49	50	51	52	53	54	55	56	57	58	59	60	61	62	63	64	65	66	67	68	69	70	71	8	9	10	11	12	13	14	15	16	17	18	19	20	21	22	23	24	25	26	27	28	29	30	31	
33	11	12	13	14	15	8	9	10	34	35	36	37	38	39	32	41	42	43	44	45	46	47	40	49	50	51	52	53	54	55	48	57	58	59	60	61	62	63	56	65	66	67	68	69	70	71	64	0	1	2	3	4	5	6	7	17	18	19	20	21	22	23	16	25	26	27	28	29	30	31	24	
34	19	20	21	22	23	16	17	18	35	36	37	38	39	32	33	42	43	44	45	46	47	40	41	50	51	52	53	54	55	48	49	58	59	60	61	62	63	56	57	66	67	68	69	70	71	64	65	1	2	3	4	5	6	7	0	9	10	11	12	13	14	15	8	26	27	28	29	30	31	24	25	
35	27	28	29	30	31	24	25	26	36	37	38	39	32	33	34	43	44	45	46	47	40	41	42	51	52	53	54	55	48	49	50	59	60	61	62	63	56	57	58	67	68	69	70	71	64	65	66	2	3	4	5	6	7	0	1	10	11	12	13	14	15	8	9	18	19	20	21	22	23	16	17	
36	44	45	46	47	40	41	42	43	37	38	39	32	33	34	35	53	54	55	48	49	50	51	52	61	62	63	56	57	58	59	60	69	70	71	64	65	66	67	68	4	5	6	7	0	1	2	3	12	13	14	15	8	9	10	11	20	21	22	23	16	17	18	19	28	29	30	31	24	25	26	27	
37	52	53	54	55	48	49	50	51	38	39	32	33	34	35	36	45	46	47	40	41	42	43	44	62	63	56	57	58	59	60	61	70	71	64	65	66	67	68	69	5	6	7	0	1	2	3	4	13	14	15	8	9	10	11	12	21	22	23	16	17	18	19	20	29	30	31	24	25	26	27	28	
38	60	61	62	63	56	57	58	59	39	32	33	34	35	36	37	46	47	40	41	42	43	44	45	54	55	48	49	50	51	52	53	71	64	65	66	67	68	69	70	6	7	0	1	2	3	4	5	14	15	8	9	10	11	12	13	22	23	16	17	18	19	20	21	30	31	24	25	26	27	28	29	
39	68	69	70	71	64	65	66	67	32	33	34	35	36	37	38	47	40	41	42	43	44	45	46	55	48	49	50	51	52	53	54	63	56	57	58	59	60	61	62	7	0	1	2	3	4	5	6	15	8	9	10	11	12	13	14	23	16	17	18	19	20	21	22	31	24	25	26	27	28	29	30	
40	4	5	6	7	0	1	2	3	41	42	43	44	45	46	47	48	49	50	51	52	53	54	55	56	57	58	59	60	61	62	63	64	65	66	67	68	69	70	71	8	9	10	11	12	13	14	15	16	17	18	19	20	21	22	23	24	25	26	27	28	29	30	31	32	33	34	35	36	37	38	39	
41	12	13	14	15	8	9	10	11	42	43	44	45	46	47	40	49	50	51	52	53	54	55	48	57	58	59	60	61	62	63	56	65	66	67	68	69	70	71	64	0	1	2	3	4	5	6	7	17	18	19	20	21	22	23	16	25	26	27	28	29	30	31	24	33	34	35	36	37	38	39	32	
42	20	21	22	23	16	17	18	19	43	44	45	46	47	40	41	50	51	52	53	54	55	48	49	58	59	60	61	62	63	56	57	66	67	68	69	70	71	64	65	1	2	3	4	5	6	7	0	9	10	11	12	13	14	15	8	26	27	28	29	30	31	24	25	34	35	36	37	38	39	32	33	
43	28	29	30	31	24	25	26	27	44	45	46	47	40	41	42	51	52	53	54	55	48	49	50	59	60	61	62	63	56	57	58	67	68	69	70	71	64	65	66	2	3	4	5	6	7	0	1	10	11	12	13	14	15	8	9	18	19	20	21	22	23	16	17	35	36	37	38	39	32	33	34	
44	36	37	38	39	32	33	34	35	45	46	47	40	41	42	43	52	53	54	55	48	49	50	51	60	61	62	63	56	57	58	59	68	69	70	71	64	65	66	67	3	4	5	6	7	0	1	2	11	12	13	14	15	8	9	10	19	20	21	22	23	16	17	18	27	28	29	30	31	24	25	26	
45	53	54	55	48	49	50	51	52	46	47	40	41	42	43	44	62	63	56	57	58	59	60	61	70	71	64	65	66	67	68	69	5	6	7	0	1	2	3	4	13	14	15	8	9	10	11	12	21	22	23	16	17	18	19	20	29	30	31	24	25	26	27	28	37	38	39	32	33	34	35	36	
46	61	62	63	56	57	58	59	60	47	40	41	42	43	44	45	54	55	48	49	50	51	52	53	71	64	65	66	67	68	69	70	6	7	0	1	2	3	4	5	14	15	8	9	10	11	12	13	22	23	16	17	18	19	20	21	30	31	24	25	26	27	28	29	38	39	32	33	34	35	36	37	
47	69	70	71	64	65	66	67	68	40	41	42	43	44	45	46	55	48	49	50	51	52	53	54	63	56	57	58	59	60	61	62	7	0	1	2	3	4	5	6	15	8	9	10	11	12	13	14	23	16	17	18	19	20	21	22	31	24	25	26	27	28	29	30	39	32	33	34	35	36	37	38	
48	5	6	7	0	1	2	3	4	49	50	51	52	53	54	55	56	57	58	59	60	61	62	63	64	65	66	67	68	69	70	71	8	9	10	11	12	13	14	15	16	17	18	19	20	21	22	23	24	25	26	27	28	29	30	31	32	33	34	35	36	37	38	39	40	41	42	43	44	45	46	47	
49	13	14	15	8	9	10	11	12	50	51	52	53	54	55	48	57	58	59	60	61	62	63	56	65	66	67	68	69	70	71	64	0	1	2	3	4	5	6	7	17	18	19	20	21	22	23	16	25	26	27	28	29	30	31	24	33	34	35	36	37	38	39	32	41	42	43	44	45	46	47	40	
50	21	22	23	16	17	18	19	20	51	52	53	54	55	48	49	58	59	60	61	62	63	56	57	66	67	68	69	70	71	64	65	1	2	3	4	5	6	7	0	9	10	11	12	13	14	15	8	26	27	28	29	30	31	24	25	34	35	36	37	38	39	32	33	42	43	44	45	46	47	40	41	
51	29	30	31	24	25	26	27	28	52	53	54	55	48	49	50	59	60	61	62	63	56	57	58	67	68	69	70	71	64	65	66	2	3	4	5	6	7	0	1	10	11	12	13	14	15	8	9	18	19	20	21	22	23	16	17	35	36	37	38	39	32	33	34	43	44	45	46	47	40	41	42	
52	37	38	39	32	33	34	35	36	53	54	55	48	49	50	51	60	61	62	63	56	57	58	59	68	69	70	71	64	65	66	67	3	4	5	6	7	0	1	2	11	12	13	14	15	8	9	10	19	20	21	22	23	16	17	18	27	28	29	30	31	24	25	26	44	45	46	47	40	41	42	43	
53	45	46	47	40	41	42	43	44	54	55	48	49	50	51	52	61	62	63	56	57	58	59	60	69	70	71	64	65	66	67	68	4	5	6	7	0	1	2	3	12	13	14	15	8	9	10	11	20	21	22	23	16	17	18	19	28	29	30	31	24	25	26	27	36	37	38	39	32	33	34	35	
54	62	63	56	57	58	59	60	61	55	48	49	50	51	52	53	71	64	65	66	67	68	69	70	6	7	0	1	2	3	4	5	14	15	8	9	10	11	12	13	22	23	16	17	18	19	20	21	30	31	24	25	26	27	28	29	38	39	32	33	34	35	36	37	46	47	40	41	42	43	44	45	
55	70	71	64	65	66	67	68	69	48	49	50	51	52	53	54	63	56	57	58	59	60	61	62	7	0	1	2	3	4	5	6	15	8	9	10	11	12	13	14	23	16	17	18	19	20	21	22	31	24	25	26	27	28	29	30	39	32	33	34	35	36	37	38	47	40	41	42	43	44	45	46	
56	6	7	0	1	2	3	4	5	57	58	59	60	61	62	63	64	65	66	67	68	69	70	71	8	9	10	11	12	13	14	15	16	17	18	19	20	21	22	23	24	25	26	27	28	29	30	31	32	33	34	35	36	37	38	39	40	41	42	43	44	45	46	47	48	49	50	51	52	53	54	55	
57	14	15	8	9	10	11	12	13	58	59	60	61	62	63	56	65	66	67	68	69	70	71	64	0	1	2	3	4	5	6	7	17	18	19	20	21	22	23	16	25	26	27	28	29	30	31	24	33	34	35	36	37	38	39	32	41	42	43	44	45	46	47	40	49	50	51	52	53	54	55	48	
58	22	23	16	17	18	19	20	21	59	60	61	62	63	56	57	66	67	68	69	70	71	64	65	1	2	3	4	5	6	7	0	9	10	11	12	13	14	15	8	26	27	28	29	30	31	24	25	34	35	36	37	38	39	32	33	42	43	44	45	46	47	40	41	50	51	52	53	54	55	48	49	
59	30	31	24	25	26	27	28	29	60	61	62	63	56	57	58	67	68	69	70	71	64	65	66	2	3	4	5	6	7	0	1	10	11	12	13	14	15	8	9	18	19	20	21	22	23	16	17	35	36	37	38	39	32	33	34	43	44	45	46	47	40	41	42	51	52	53	54	55	48	49	50	
60	38	39	32	33	34	35	36	37	61	62	63	56	57	58	59	68	69	70	71	64	65	66	67	3	4	5	6	7	0	1	2	11	12	13	14	15	8	9	10	19	20	21	22	23	16	17	18	27	28	29	30	31	24	25	26	44	45	46	47	40	41	42	43	52	53	54	55	48	49	50	51	
61	46	47	40	41	42	43	44	45	62	63	56	57	58	59	60	69	70	71	64	65	66	67	68	4	5	6	7	0	1	2	3	12	13	14	15	8	9	10	11	20	21	22	23	16	17	18	19	28	29	30	31	24	25	26	27	36	37	38	39	32	33	34	35	53	54	55	48	49	50	51	52	
62	54	55	48	49	50	51	52	53	63	56	57	58	59	60	61	70	71	64	65	66	67	68	69	5	6	7	0	1	2	3	4	13	14	15	8	9	10	11	12	21	22	23	16	17	18	19	20	29	30	31	24	25	26	27	28	37	38	39	32	33	34	35	36	45	46	47	40	41	42	43	44	
63	71	64	65	66	67	68	69	70	56	57	58	59	60	61	62	7	0	1	2	3	4	5	6	15	8	9	10	11	12	13	14	23	16	17	18	19	20	21	22	31	24	25	26	27	28	29	30	39	32	33	34	35	36	37	38	47	40	41	42	43	44	45	46	55	48	49	50	51	52	53	54	
64	7	0	1	2	3	4	5	6	65	66	67	68	69	70	71	8	9	10	11	12	13	14	15	16	17	18	19	20	21	22	23	24	25	26	27	28	29	30	31	32	33	34	35	36	37	38	39	40	41	42	43	44	45	46	47	48	49	50	51	52	53	54	55	56	57	58	59	60	61	62	63	
65	15	8	9	10	11	12	13	14	66	67	68	69	70	71	64	0	1	2	3	4	5	6	7	17	18	19	20	21	22	23	16	25	26	27	28	29	30	31	24	33	34	35	36	37	38	39	32	41	42	43	44	45	46	47	40	49	50	51	52	53	54	55	48	57	58	59	60	61	62	63	56	
66	23	16	17	18	19	20	21	22	67	68	69	70	71	64	65	1	2	3	4	5	6	7	0	9	10	11	12	13	14	15	8	26	27	28	29	30	31	24	25	34	35	36	37	38	39	32	33	42	43	44	45	46	47	40	41	50	51	52	53	54	55	48	49	58	59	60	61	62	63	56	57	
67	31	24	25	26	27	28	29	30	68	69	70	71	64	65	66	2	3	4	5	6	7	0	1	10	11	12	13	14	15	8	9	18	19	20	21	22	23	16	17	35	36	37	38	39	32	33	34	43	44	45	46	47	40	41	42	51	52	53	54	55	48	49	50	59	60	61	62	63	56	57	58	
68	39	32	33	34	35	36	37	38	69	70	71	64	65	66	67	3	4	5	6	7	0	1	2	11	12	13	14	15	8	9	10	19	20	21	22	23	16	17	18	27	28	29	30	31	24	25	26	44	45	46	47	40	41	42	43	52	53	54	55	48	49	50	51	60	61	62	63	56	57	58	59	
69	47	40	41	42	43	44	45	46	70	71	64	65	66	67	68	4	5	6	7	0	1	2	3	12	13	14	15	8	9	10	11	20	21	22	23	16	17	18	19	28	29	30	31	24	25	26	27	36	37	38	39	32	33	34	35	53	54	55	48	49	50	51	52	61	62	63	56	57	58	59	60	
70	55	48	49	50	51	52	53	54	71	64	65	66	67	68	69	5	6	7	0	1	2	3	4	13	14	15	8	9	10	11	12	21	22	23	16	17	18	19	20	29	30	31	24	25	26	27	28	37	38	39	32	33	34	35	36	45	46	47	40	41	42	43	44	62	63	56	57	58	59	60	61	
71	63	56	57	58	59	60	61	62	64	65	66	67	68	69	70	6	7	0	1	2	3	4	5	14	15	8	9	10	11	12	13	22	23	16	17	18	19	20	21	30	31	24	25	26	27	28	29	38	39	32	33	34	35	36	37	46	47	40	41	42	43	44	45	54	55	48	49	50	51	52	53	
