0	9	10	11	12	13	14	15	16	17	1	2	3	4	5	6	7	8	19	20	21	22	23	24	25	26	18	28	29	30	31	32	33	34	35	27	37	38	39	40	41	42	43	44	36	46	47	48	49	50	51	52	53	45	55	56	57	58	59	60	61	62	54	64	65	66	67	68	69	70	71	63	73	74	75	76	77	78	79	80	72	82	83	84	85	86	87	88	89	81	
1	18	19	20	21	22	23	24	25	26	2	3	4	5	6	7	8	0	10	11	12	13	14	15	16	17	9	29	30	31	32	33	34	35	27	28	38	39	40	41	42	43	44	36	37	47	48	49	50	51	52	53	45	46	56	57	58	59	60	61	62	54	55	65	66	67	68	69	70	71	63	64	74	75	76	77	78	79	80	72	73	83	84	85	86	87	88	89	81	82	
2	27	28	29	30	31	32	33	34	35	3	4	5	6	7	8	0	1	11	12	13	14	15	16	17	9	10	20	21	22	23	24	25	26	18	19	39	40	41	42	43	44	36	37	38	48	49	50	51	52	53	45	46	47	57	58	59	60	61	62	54	55	56	66	67	68	69	70	71	63	64	65	75	76	77	78	79	80	72	73	74	84	85	86	87	88	89	81	82	83	
3	36	37	38	39	40	41	42	43	44	4	5	6	7	8	0	1	2	12	13	14	15	16	17	9	10	11	21	22	23	24	25	26	18	19	20	30	31	32	33	34	35	27	28	29	49	50	51	52	53	45	46	47	48	58	59	60	61	62	54	55	56	57	67	68	69	70	71	63	64	65	66	76	77	78	79	80	72	73	74	75	85	86	87	88	89	81	82	83	84	
4	45	46	47	48	49	50	51	52	53	5	6	7	8	0	1	2	3	13	14	15	16	17	9	10	11	12	22	23	24	25	26	18	19	20	21	31	32	33	34	35	27	28	29	30	40	41	42	43	44	36	37	38	39	59	60	61	62	54	55	56	57	58	68	69	70	71	63	64	65	66	67	77	78	79	80	72	73	74	75	76	86	87	88	89	81	82	83	84	85	
5	54	55	56	57	58	59	60	61	62	6	7	8	0	1	2	3	4	14	15	16	17	9	10	11	12	13	23	24	25	26	18	19	20	21	22	32	33	34	35	27	28	29	30	31	41	42	43	44	36	37	38	39	40	50	51	52	53	45	46	47	48	49	69	70	71	63	64	65	66	67	68	78	79	80	72	73	74	75	76	77	87	88	89	81	82	83	84	85	86	
6	63	64	65	66	67	68	69	70	71	7	8	0	1	2	3	4	5	15	16	17	9	10	11	12	13	14	24	25	26	18	19	20	21	22	23	33	34	35	27	28	29	30	31	32	42	43	44	36	37	38	39	40	41	51	52	53	45	46	47	48	49	50	60	61	62	54	55	56	57	58	59	79	80	72	73	74	75	76	77	78	88	89	81	82	83	84	85	86	87	
7	72	73	74	75	76	77	78	79	80	8	0	1	2	3	4	5	6	16	17	9	10	11	12	13	14	15	25	26	18	19	20	21	22	23	24	34	35	27	28	29	30	31	32	33	43	44	36	37	38	39	40	41	42	52	53	45	46	47	48	49	50	51	61	62	54	55	56	57	58	59	60	70	71	63	64	65	66	67	68	69	89	81	82	83	84	85	86	87	88	
8	81	82	83	84	85	86	87	88	89	0	1	2	3	4	5	6	7	17	9	10	11	12	13	14	15	16	26	18	19	20	21	22	23	24	25	35	27	28	29	30	31	32	33	34	44	36	37	38	39	40	41	42	43	53	45	46	47	48	49	50	51	52	62	54	55	56	57	58	59	60	61	71	63	64	65	66	67	68	69	70	80	72	73	74	75	76	77	78	79	
9	0	1	2	3	4	5	6	7	8	10	11	12	13	14	15	16	17	18	19	20	21	22	23	24	25	26	27	28	29	30	31	32	33	34	35	36	37	38	39	40	41	42	43	44	45	46	47	48	49	50	51	52	53	54	55	56	57	58	59	60	61	62	63	64	65	66	67	68	69	70	71	72	73	74	75	76	77	78	79	80	81	82	83	84	85	86	87	88	89	
10	19	20	21	22	23	24	25	26	18	11	12	13	14	15	16	17	9	29	30	31	32	33	34	35	27	28	38	39	40	41	42	43	44	36	37	47	48	49	50	51	52	53	45	46	56	57	58	59	60	61	62	54	55	65	66	67	68	69	70	71	63	64	74	75	76	77	78	79	80	72	73	83	84	85	86	87	88	89	81	82	1	2	3	4	5	6	7	8	0	
11	28	29	30	31	32	33	34	35	27	12	13	14	15	16	17	9	10	20	21	22	23	24	25	26	18	19	39	40	41	42	43	44	36	37	38	48	49	50	51	52	53	45	46	47	57	58	59	60	61	62	54	55	56	66	67	68	69	70	71	63	64	65	75	76	77	78	79	80	72	73	74	84	85	86	87	88	89	81	82	83	2	3	4	5	6	7	8	0	1	
12	37	38	39	40	41	42	43	44	36	13	14	15	16	17	9	10	11	21	22	23	24	25	26	18	19	20	30	31	32	33	34	35	27	28	29	49	50	51	52	53	45	46	47	48	58	59	60	61	62	54	55	56	57	67	68	69	70	71	63	64	65	66	76	77	78	79	80	72	73	74	75	85	86	87	88	89	81	82	83	84	3	4	5	6	7	8	0	1	2	
13	46	47	48	49	50	51	52	53	45	14	15	16	17	9	10	11	12	22	23	24	25	26	18	19	20	21	31	32	33	34	35	27	28	29	30	40	41	42	43	44	36	37	38	39	59	60	61	62	54	55	56	57	58	68	69	70	71	63	64	65	66	67	77	78	79	80	72	73	74	75	76	86	87	88	89	81	82	83	84	85	4	5	6	7	8	0	1	2	3	
14	55	56	57	58	59	60	61	62	54	15	16	17	9	10	11	12	13	23	24	25	26	18	19	20	21	22	32	33	34	35	27	28	29	30	31	41	42	43	44	36	37	38	39	40	50	51	52	53	45	46	47	48	49	69	70	71	63	64	65	66	67	68	78	79	80	72	73	74	75	76	77	87	88	89	81	82	83	84	85	86	5	6	7	8	0	1	2	3	4	
15	64	65	66	67	68	69	70	71	63	16	17	9	10	11	12	13	14	24	25	26	18	19	20	21	22	23	33	34	35	27	28	29	30	31	32	42	43	44	36	37	38	39	40	41	51	52	53	45	46	47	48	49	50	60	61	62	54	55	56	57	58	59	79	80	72	73	74	75	76	77	78	88	89	81	82	83	84	85	86	87	6	7	8	0	1	2	3	4	5	
16	73	74	75	76	77	78	79	80	72	17	9	10	11	12	13	14	15	25	26	18	19	20	21	22	23	24	34	35	27	28	29	30	31	32	33	43	44	36	37	38	39	40	41	42	52	53	45	46	47	48	49	50	51	61	62	54	55	56	57	58	59	60	70	71	63	64	65	66	67	68	69	89	81	82	83	84	85	86	87	88	7	8	0	1	2	3	4	5	6	
17	82	83	84	85	86	87	88	89	81	9	10	11	12	13	14	15	16	26	18	19	20	21	22	23	24	25	35	27	28	29	30	31	32	33	34	44	36	37	38	39	40	41	42	43	53	45	46	47	48	49	50	51	52	62	54	55	56	57	58	59	60	61	71	63	64	65	66	67	68	69	70	80	72	73	74	75	76	77	78	79	8	0	1	2	3	4	5	6	7	
18	1	2	3	4	5	6	7	8	0	19	20	21	22	23	24	25	26	27	28	29	30	31	32	33	34	35	36	37	38	39	40	41	42	43	44	45	46	47	48	49	50	51	52	53	54	55	56	57	58	59	60	61	62	63	64	65	66	67	68	69	70	71	72	73	74	75	76	77	78	79	80	81	82	83	84	85	86	87	88	89	9	10	11	12	13	14	15	16	17	
19	10	11	12	13	14	15	16	17	9	20	21	22	23	24	25	26	18	28	29	30	31	32	33	34	35	27	37	38	39	40	41	42	43	44	36	46	47	48	49	50	51	52	53	45	55	56	57	58	59	60	61	62	54	64	65	66	67	68	69	70	71	63	73	74	75	76	77	78	79	80	72	82	83	84	85	86	87	88	89	81	0	1	2	3	4	5	6	7	8	
20	29	30	31	32	33	34	35	27	28	21	22	23	24	25	26	18	19	39	40	41	42	43	44	36	37	38	48	49	50	51	52	53	45	46	47	57	58	59	60	61	62	54	55	56	66	67	68	69	70	71	63	64	65	75	76	77	78	79	80	72	73	74	84	85	86	87	88	89	81	82	83	2	3	4	5	6	7	8	0	1	11	12	13	14	15	16	17	9	10	
21	38	39	40	41	42	43	44	36	37	22	23	24	25	26	18	19	20	30	31	32	33	34	35	27	28	29	49	50	51	52	53	45	46	47	48	58	59	60	61	62	54	55	56	57	67	68	69	70	71	63	64	65	66	76	77	78	79	80	72	73	74	75	85	86	87	88	89	81	82	83	84	3	4	5	6	7	8	0	1	2	12	13	14	15	16	17	9	10	11	
22	47	48	49	50	51	52	53	45	46	23	24	25	26	18	19	20	21	31	32	33	34	35	27	28	29	30	40	41	42	43	44	36	37	38	39	59	60	61	62	54	55	56	57	58	68	69	70	71	63	64	65	66	67	77	78	79	80	72	73	74	75	76	86	87	88	89	81	82	83	84	85	4	5	6	7	8	0	1	2	3	13	14	15	16	17	9	10	11	12	
23	56	57	58	59	60	61	62	54	55	24	25	26	18	19	20	21	22	32	33	34	35	27	28	29	30	31	41	42	43	44	36	37	38	39	40	50	51	52	53	45	46	47	48	49	69	70	71	63	64	65	66	67	68	78	79	80	72	73	74	75	76	77	87	88	89	81	82	83	84	85	86	5	6	7	8	0	1	2	3	4	14	15	16	17	9	10	11	12	13	
24	65	66	67	68	69	70	71	63	64	25	26	18	19	20	21	22	23	33	34	35	27	28	29	30	31	32	42	43	44	36	37	38	39	40	41	51	52	53	45	46	47	48	49	50	60	61	62	54	55	56	57	58	59	79	80	72	73	74	75	76	77	78	88	89	81	82	83	84	85	86	87	6	7	8	0	1	2	3	4	5	15	16	17	9	10	11	12	13	14	
25	74	75	76	77	78	79	80	72	73	26	18	19	20	21	22	23	24	34	35	27	28	29	30	31	32	33	43	44	36	37	38	39	40	41	42	52	53	45	46	47	48	49	50	51	61	62	54	55	56	57	58	59	60	70	71	63	64	65	66	67	68	69	89	81	82	83	84	85	86	87	88	7	8	0	1	2	3	4	5	6	16	17	9	10	11	12	13	14	15	
26	83	84	85	86	87	88	89	81	82	18	19	20	21	22	23	24	25	35	27	28	29	30	31	32	33	34	44	36	37	38	39	40	41	42	43	53	45	46	47	48	49	50	51	52	62	54	55	56	57	58	59	60	61	71	63	64	65	66	67	68	69	70	80	72	73	74	75	76	77	78	79	8	0	1	2	3	4	5	6	7	17	9	10	11	12	13	14	15	16	
27	2	3	4	5	6	7	8	0	1	28	29	30	31	32	33	34	35	36	37	38	39	40	41	42	43	44	45	46	47	48	49	50	51	52	53	54	55	56	57	58	59	60	61	62	63	64	65	66	67	68	69	70	71	72	73	74	75	76	77	78	79	80	81	82	83	84	85	86	87	88	89	9	10	11	12	13	14	15	16	17	18	19	20	21	22	23	24	25	26	
28	11	12	13	14	15	16	17	9	10	29	30	31	32	33	34	35	27	37	38	39	40	41	42	43	44	36	46	47	48	49	50	51	52	53	45	55	56	57	58	59	60	61	62	54	64	65	66	67	68	69	70	71	63	73	74	75	76	77	78	79	80	72	82	83	84	85	86	87	88	89	81	0	1	2	3	4	5	6	7	8	19	20	21	22	23	24	25	26	18	
29	20	21	22	23	24	25	26	18	19	30	31	32	33	34	35	27	28	38	39	40	41	42	43	44	36	37	47	48	49	50	51	52	53	45	46	56	57	58	59	60	61	62	54	55	65	66	67	68	69	70	71	63	64	74	75	76	77	78	79	80	72	73	83	84	85	86	87	88	89	81	82	1	2	3	4	5	6	7	8	0	10	11	12	13	14	15	16	17	9	
30	39	40	41	42	43	44	36	37	38	31	32	33	34	35	27	28	29	49	50	51	52	53	45	46	47	48	58	59	60	61	62	54	55	56	57	67	68	69	70	71	63	64	65	66	76	77	78	79	80	72	73	74	75	85	86	87	88	89	81	82	83	84	3	4	5	6	7	8	0	1	2	12	13	14	15	16	17	9	10	11	21	22	23	24	25	26	18	19	20	
31	48	49	50	51	52	53	45	46	47	32	33	34	35	27	28	29	30	40	41	42	43	44	36	37	38	39	59	60	61	62	54	55	56	57	58	68	69	70	71	63	64	65	66	67	77	78	79	80	72	73	74	75	76	86	87	88	89	81	82	83	84	85	4	5	6	7	8	0	1	2	3	13	14	15	16	17	9	10	11	12	22	23	24	25	26	18	19	20	21	
32	57	58	59	60	61	62	54	55	56	33	34	35	27	28	29	30	31	41	42	43	44	36	37	38	39	40	50	51	52	53	45	46	47	48	49	69	70	71	63	64	65	66	67	68	78	79	80	72	73	74	75	76	77	87	88	89	81	82	83	84	85	86	5	6	7	8	0	1	2	3	4	14	15	16	17	9	10	11	12	13	23	24	25	26	18	19	20	21	22	
33	66	67	68	69	70	71	63	64	65	34	35	27	28	29	30	31	32	42	43	44	36	37	38	39	40	41	51	52	53	45	46	47	48	49	50	60	61	62	54	55	56	57	58	59	79	80	72	73	74	75	76	77	78	88	89	81	82	83	84	85	86	87	6	7	8	0	1	2	3	4	5	15	16	17	9	10	11	12	13	14	24	25	26	18	19	20	21	22	23	
34	75	76	77	78	79	80	72	73	74	35	27	28	29	30	31	32	33	43	44	36	37	38	39	40	41	42	52	53	45	46	47	48	49	50	51	61	62	54	55	56	57	58	59	60	70	71	63	64	65	66	67	68	69	89	81	82	83	84	85	86	87	88	7	8	0	1	2	3	4	5	6	16	17	9	10	11	12	13	14	15	25	26	18	19	20	21	22	23	24	
35	84	85	86	87	88	89	81	82	83	27	28	29	30	31	32	33	34	44	36	37	38	39	40	41	42	43	53	45	46	47	48	49	50	51	52	62	54	55	56	57	58	59	60	61	71	63	64	65	66	67	68	69	70	80	72	73	74	75	76	77	78	79	8	0	1	2	3	4	5	6	7	17	9	10	11	12	13	14	15	16	26	18	19	20	21	22	23	24	25	
36	3	4	5	6	7	8	0	1	2	37	38	39	40	41	42	43	44	45	46	47	48	49	50	51	52	53	54	55	56	57	58	59	60	61	62	63	64	65	66	67	68	69	70	71	72	73	74	75	76	77	78	79	80	81	82	83	84	85	86	87	88	89	9	10	11	12	13	14	15	16	17	18	19	20	21	22	23	24	25	26	27	28	29	30	31	32	33	34	35	
37	12	13	14	15	16	17	9	10	11	38	39	40	41	42	43	44	36	46	47	48	49	50	51	52	53	45	55	56	57	58	59	60	61	62	54	64	65	66	67	68	69	70	71	63	73	74	75	76	77	78	79	80	72	82	83	84	85	86	87	88	89	81	0	1	2	3	4	5	6	7	8	19	20	21	22	23	24	25	26	18	28	29	30	31	32	33	34	35	27	
38	21	22	23	24	25	26	18	19	20	39	40	41	42	43	44	36	37	47	48	49	50	51	52	53	45	46	56	57	58	59	60	61	62	54	55	65	66	67	68	69	70	71	63	64	74	75	76	77	78	79	80	72	73	83	84	85	86	87	88	89	81	82	1	2	3	4	5	6	7	8	0	10	11	12	13	14	15	16	17	9	29	30	31	32	33	34	35	27	28	
39	30	31	32	33	34	35	27	28	29	40	41	42	43	44	36	37	38	48	49	50	51	52	53	45	46	47	57	58	59	60	61	62	54	55	56	66	67	68	69	70	71	63	64	65	75	76	77	78	79	80	72	73	74	84	85	86	87	88	89	81	82	83	2	3	4	5	6	7	8	0	1	11	12	13	14	15	16	17	9	10	20	21	22	23	24	25	26	18	19	
40	49	50	51	52	53	45	46	47	48	41	42	43	44	36	37	38	39	59	60	61	62	54	55	56	57	58	68	69	70	71	63	64	65	66	67	77	78	79	80	72	73	74	75	76	86	87	88	89	81	82	83	84	85	4	5	6	7	8	0	1	2	3	13	14	15	16	17	9	10	11	12	22	23	24	25	26	18	19	20	21	31	32	33	34	35	27	28	29	30	
41	58	59	60	61	62	54	55	56	57	42	43	44	36	37	38	39	40	50	51	52	53	45	46	47	48	49	69	70	71	63	64	65	66	67	68	78	79	80	72	73	74	75	76	77	87	88	89	81	82	83	84	85	86	5	6	7	8	0	1	2	3	4	14	15	16	17	9	10	11	12	13	23	24	25	26	18	19	20	21	22	32	33	34	35	27	28	29	30	31	
42	67	68	69	70	71	63	64	65	66	43	44	36	37	38	39	40	41	51	52	53	45	46	47	48	49	50	60	61	62	54	55	56	57	58	59	79	80	72	73	74	75	76	77	78	88	89	81	82	83	84	85	86	87	6	7	8	0	1	2	3	4	5	15	16	17	9	10	11	12	13	14	24	25	26	18	19	20	21	22	23	33	34	35	27	28	29	30	31	32	
43	76	77	78	79	80	72	73	74	75	44	36	37	38	39	40	41	42	52	53	45	46	47	48	49	50	51	61	62	54	55	56	57	58	59	60	70	71	63	64	65	66	67	68	69	89	81	82	83	84	85	86	87	88	7	8	0	1	2	3	4	5	6	16	17	9	10	11	12	13	14	15	25	26	18	19	20	21	22	23	24	34	35	27	28	29	30	31	32	33	
44	85	86	87	88	89	81	82	83	84	36	37	38	39	40	41	42	43	53	45	46	47	48	49	50	51	52	62	54	55	56	57	58	59	60	61	71	63	64	65	66	67	68	69	70	80	72	73	74	75	76	77	78	79	8	0	1	2	3	4	5	6	7	17	9	10	11	12	13	14	15	16	26	18	19	20	21	22	23	24	25	35	27	28	29	30	31	32	33	34	
45	4	5	6	7	8	0	1	2	3	46	47	48	49	50	51	52	53	54	55	56	57	58	59	60	61	62	63	64	65	66	67	68	69	70	71	72	73	74	75	76	77	78	79	80	81	82	83	84	85	86	87	88	89	9	10	11	12	13	14	15	16	17	18	19	20	21	22	23	24	25	26	27	28	29	30	31	32	33	34	35	36	37	38	39	40	41	42	43	44	
46	13	14	15	16	17	9	10	11	12	47	48	49	50	51	52	53	45	55	56	57	58	59	60	61	62	54	64	65	66	67	68	69	70	71	63	73	74	75	76	77	78	79	80	72	82	83	84	85	86	87	88	89	81	0	1	2	3	4	5	6	7	8	19	20	21	22	23	24	25	26	18	28	29	30	31	32	33	34	35	27	37	38	39	40	41	42	43	44	36	
47	22	23	24	25	26	18	19	20	21	48	49	50	51	52	53	45	46	56	57	58	59	60	61	62	54	55	65	66	67	68	69	70	71	63	64	74	75	76	77	78	79	80	72	73	83	84	85	86	87	88	89	81	82	1	2	3	4	5	6	7	8	0	10	11	12	13	14	15	16	17	9	29	30	31	32	33	34	35	27	28	38	39	40	41	42	43	44	36	37	
48	31	32	33	34	35	27	28	29	30	49	50	51	52	53	45	46	47	57	58	59	60	61	62	54	55	56	66	67	68	69	70	71	63	64	65	75	76	77	78	79	80	72	73	74	84	85	86	87	88	89	81	82	83	2	3	4	5	6	7	8	0	1	11	12	13	14	15	16	17	9	10	20	21	22	23	24	25	26	18	19	39	40	41	42	43	44	36	37	38	
49	40	41	42	43	44	36	37	38	39	50	51	52	53	45	46	47	48	58	59	60	61	62	54	55	56	57	67	68	69	70	71	63	64	65	66	76	77	78	79	80	72	73	74	75	85	86	87	88	89	81	82	83	84	3	4	5	6	7	8	0	1	2	12	13	14	15	16	17	9	10	11	21	22	23	24	25	26	18	19	20	30	31	32	33	34	35	27	28	29	
50	59	60	61	62	54	55	56	57	58	51	52	53	45	46	47	48	49	69	70	71	63	64	65	66	67	68	78	79	80	72	73	74	75	76	77	87	88	89	81	82	83	84	85	86	5	6	7	8	0	1	2	3	4	14	15	16	17	9	10	11	12	13	23	24	25	26	18	19	20	21	22	32	33	34	35	27	28	29	30	31	41	42	43	44	36	37	38	39	40	
51	68	69	70	71	63	64	65	66	67	52	53	45	46	47	48	49	50	60	61	62	54	55	56	57	58	59	79	80	72	73	74	75	76	77	78	88	89	81	82	83	84	85	86	87	6	7	8	0	1	2	3	4	5	15	16	17	9	10	11	12	13	14	24	25	26	18	19	20	21	22	23	33	34	35	27	28	29	30	31	32	42	43	44	36	37	38	39	40	41	
52	77	78	79	80	72	73	74	75	76	53	45	46	47	48	49	50	51	61	62	54	55	56	57	58	59	60	70	71	63	64	65	66	67	68	69	89	81	82	83	84	85	86	87	88	7	8	0	1	2	3	4	5	6	16	17	9	10	11	12	13	14	15	25	26	18	19	20	21	22	23	24	34	35	27	28	29	30	31	32	33	43	44	36	37	38	39	40	41	42	
53	86	87	88	89	81	82	83	84	85	45	46	47	48	49	50	51	52	62	54	55	56	57	58	59	60	61	71	63	64	65	66	67	68	69	70	80	72	73	74	75	76	77	78	79	8	0	1	2	3	4	5	6	7	17	9	10	11	12	13	14	15	16	26	18	19	20	21	22	23	24	25	35	27	28	29	30	31	32	33	34	44	36	37	38	39	40	41	42	43	
54	5	6	7	8	0	1	2	3	4	55	56	57	58	59	60	61	62	63	64	65	66	67	68	69	70	71	72	73	74	75	76	77	78	79	80	81	82	83	84	85	86	87	88	89	9	10	11	12	13	14	15	16	17	18	19	20	21	22	23	24	25	26	27	28	29	30	31	32	33	34	35	36	37	38	39	40	41	42	43	44	45	46	47	48	49	50	51	52	53	
55	14	15	16	17	9	10	11	12	13	56	57	58	59	60	61	62	54	64	65	66	67	68	69	70	71	63	73	74	75	76	77	78	79	80	72	82	83	84	85	86	87	88	89	81	0	1	2	3	4	5	6	7	8	19	20	21	22	23	24	25	26	18	28	29	30	31	32	33	34	35	27	37	38	39	40	41	42	43	44	36	46	47	48	49	50	51	52	53	45	
56	23	24	25	26	18	19	20	21	22	57	58	59	60	61	62	54	55	65	66	67	68	69	70	71	63	64	74	75	76	77	78	79	80	72	73	83	84	85	86	87	88	89	81	82	1	2	3	4	5	6	7	8	0	10	11	12	13	14	15	16	17	9	29	30	31	32	33	34	35	27	28	38	39	40	41	42	43	44	36	37	47	48	49	50	51	52	53	45	46	
57	32	33	34	35	27	28	29	30	31	58	59	60	61	62	54	55	56	66	67	68	69	70	71	63	64	65	75	76	77	78	79	80	72	73	74	84	85	86	87	88	89	81	82	83	2	3	4	5	6	7	8	0	1	11	12	13	14	15	16	17	9	10	20	21	22	23	24	25	26	18	19	39	40	41	42	43	44	36	37	38	48	49	50	51	52	53	45	46	47	
58	41	42	43	44	36	37	38	39	40	59	60	61	62	54	55	56	57	67	68	69	70	71	63	64	65	66	76	77	78	79	80	72	73	74	75	85	86	87	88	89	81	82	83	84	3	4	5	6	7	8	0	1	2	12	13	14	15	16	17	9	10	11	21	22	23	24	25	26	18	19	20	30	31	32	33	34	35	27	28	29	49	50	51	52	53	45	46	47	48	
59	50	51	52	53	45	46	47	48	49	60	61	62	54	55	56	57	58	68	69	70	71	63	64	65	66	67	77	78	79	80	72	73	74	75	76	86	87	88	89	81	82	83	84	85	4	5	6	7	8	0	1	2	3	13	14	15	16	17	9	10	11	12	22	23	24	25	26	18	19	20	21	31	32	33	34	35	27	28	29	30	40	41	42	43	44	36	37	38	39	
60	69	70	71	63	64	65	66	67	68	61	62	54	55	56	57	58	59	79	80	72	73	74	75	76	77	78	88	89	81	82	83	84	85	86	87	6	7	8	0	1	2	3	4	5	15	16	17	9	10	11	12	13	14	24	25	26	18	19	20	21	22	23	33	34	35	27	28	29	30	31	32	42	43	44	36	37	38	39	40	41	51	52	53	45	46	47	48	49	50	
61	78	79	80	72	73	74	75	76	77	62	54	55	56	57	58	59	60	70	71	63	64	65	66	67	68	69	89	81	82	83	84	85	86	87	88	7	8	0	1	2	3	4	5	6	16	17	9	10	11	12	13	14	15	25	26	18	19	20	21	22	23	24	34	35	27	28	29	30	31	32	33	43	44	36	37	38	39	40	41	42	52	53	45	46	47	48	49	50	51	
62	87	88	89	81	82	83	84	85	86	54	55	56	57	58	59	60	61	71	63	64	65	66	67	68	69	70	80	72	73	74	75	76	77	78	79	8	0	1	2	3	4	5	6	7	17	9	10	11	12	13	14	15	16	26	18	19	20	21	22	23	24	25	35	27	28	29	30	31	32	33	34	44	36	37	38	39	40	41	42	43	53	45	46	47	48	49	50	51	52	
63	6	7	8	0	1	2	3	4	5	64	65	66	67	68	69	70	71	72	73	74	75	76	77	78	79	80	81	82	83	84	85	86	87	88	89	9	10	11	12	13	14	15	16	17	18	19	20	21	22	23	24	25	26	27	28	29	30	31	32	33	34	35	36	37	38	39	40	41	42	43	44	45	46	47	48	49	50	51	52	53	54	55	56	57	58	59	60	61	62	
64	15	16	17	9	10	11	12	13	14	65	66	67	68	69	70	71	63	73	74	75	76	77	78	79	80	72	82	83	84	85	86	87	88	89	81	0	1	2	3	4	5	6	7	8	19	20	21	22	23	24	25	26	18	28	29	30	31	32	33	34	35	27	37	38	39	40	41	42	43	44	36	46	47	48	49	50	51	52	53	45	55	56	57	58	59	60	61	62	54	
65	24	25	26	18	19	20	21	22	23	66	67	68	69	70	71	63	64	74	75	76	77	78	79	80	72	73	83	84	85	86	87	88	89	81	82	1	2	3	4	5	6	7	8	0	10	11	12	13	14	15	16	17	9	29	30	31	32	33	34	35	27	28	38	39	40	41	42	43	44	36	37	47	48	49	50	51	52	53	45	46	56	57	58	59	60	61	62	54	55	
66	33	34	35	27	28	29	30	31	32	67	68	69	70	71	63	64	65	75	76	77	78	79	80	72	73	74	84	85	86	87	88	89	81	82	83	2	3	4	5	6	7	8	0	1	11	12	13	14	15	16	17	9	10	20	21	22	23	24	25	26	18	19	39	40	41	42	43	44	36	37	38	48	49	50	51	52	53	45	46	47	57	58	59	60	61	62	54	55	56	
67	42	43	44	36	37	38	39	40	41	68	69	70	71	63	64	65	66	76	77	78	79	80	72	73	74	75	85	86	87	88	89	81	82	83	84	3	4	5	6	7	8	0	1	2	12	13	14	15	16	17	9	10	11	21	22	23	24	25	26	18	19	20	30	31	32	33	34	35	27	28	29	49	50	51	52	53	45	46	47	48	58	59	60	61	62	54	55	56	57	
68	51	52	53	45	46	47	48	49	50	69	70	71	63	64	65	66	67	77	78	79	80	72	73	74	75	76	86	87	88	89	81	82	83	84	85	4	5	6	7	8	0	1	2	3	13	14	15	16	17	9	10	11	12	22	23	24	25	26	18	19	20	21	31	32	33	34	35	27	28	29	30	40	41	42	43	44	36	37	38	39	59	60	61	62	54	55	56	57	58	
69	60	61	62	54	55	56	57	58	59	70	71	63	64	65	66	67	68	78	79	80	72	73	74	75	76	77	87	88	89	81	82	83	84	85	86	5	6	7	8	0	1	2	3	4	14	15	16	17	9	10	11	12	13	23	24	25	26	18	19	20	21	22	32	33	34	35	27	28	29	30	31	41	42	43	44	36	37	38	39	40	50	51	52	53	45	46	47	48	49	
70	79	80	72	73	74	75	76	77	78	71	63	64	65	66	67	68	69	89	81	82	83	84	85	86	87	88	7	8	0	1	2	3	4	5	6	16	17	9	10	11	12	13	14	15	25	26	18	19	20	21	22	23	24	34	35	27	28	29	30	31	32	33	43	44	36	37	38	39	40	41	42	52	53	45	46	47	48	49	50	51	61	62	54	55	56	57	58	59	60	
71	88	89	81	82	83	84	85	86	87	63	64	65	66	67	68	69	70	80	72	73	74	75	76	77	78	79	8	0	1	2	3	4	5	6	7	17	9	10	11	12	13	14	15	16	26	18	19	20	21	22	23	24	25	35	27	28	29	30	31	32	33	34	44	36	37	38	39	40	41	42	43	53	45	46	47	48	49	50	51	52	62	54	55	56	57	58	59	60	61	
72	7	8	0	1	2	3	4	5	6	73	74	75	76	77	78	79	80	81	82	83	84	85	86	87	88	89	9	10	11	12	13	14	15	16	17	18	19	20	21	22	23	24	25	26	27	28	29	30	31	32	33	34	35	36	37	38	39	40	41	42	43	44	45	46	47	48	49	50	51	52	53	54	55	56	57	58	59	60	61	62	63	64	65	66	67	68	69	70	71	
73	16	17	9	10	11	12	13	14	15	74	75	76	77	78	79	80	72	82	83	84	85	86	87	88	89	81	0	1	2	3	4	5	6	7	8	19	20	21	22	23	24	25	26	18	28	29	30	31	32	33	34	35	27	37	38	39	40	41	42	43	44	36	46	47	48	49	50	51	52	53	45	55	56	57	58	59	60	61	62	54	64	65	66	67	68	69	70	71	63	
74	25	26	18	19	20	21	22	23	24	75	76	77	78	79	80	72	73	83	84	85	86	87	88	89	81	82	1	2	3	4	5	6	7	8	0	10	11	12	13	14	15	16	17	9	29	30	31	32	33	34	35	27	28	38	39	40	41	42	43	44	36	37	47	48	49	50	51	52	53	45	46	56	57	58	59	60	61	62	54	55	65	66	67	68	69	70	71	63	64	
75	34	35	27	28	29	30	31	32	33	76	77	78	79	80	72	73	74	84	85	86	87	88	89	81	82	83	2	3	4	5	6	7	8	0	1	11	12	13	14	15	16	17	9	10	20	21	22	23	24	25	26	18	19	39	40	41	42	43	44	36	37	38	48	49	50	51	52	53	45	46	47	57	58	59	60	61	62	54	55	56	66	67	68	69	70	71	63	64	65	
76	43	44	36	37	38	39	40	41	42	77	78	79	80	72	73	74	75	85	86	87	88	89	81	82	83	84	3	4	5	6	7	8	0	1	2	12	13	14	15	16	17	9	10	11	21	22	23	24	25	26	18	19	20	30	31	32	33	34	35	27	28	29	49	50	51	52	53	45	46	47	48	58	59	60	61	62	54	55	56	57	67	68	69	70	71	63	64	65	66	
77	52	53	45	46	47	48	49	50	51	78	79	80	72	73	74	75	76	86	87	88	89	81	82	83	84	85	4	5	6	7	8	0	1	2	3	13	14	15	16	17	9	10	11	12	22	23	24	25	26	18	19	20	21	31	32	33	34	35	27	28	29	30	40	41	42	43	44	36	37	38	39	59	60	61	62	54	55	56	57	58	68	69	70	71	63	64	65	66	67	
78	61	62	54	55	56	57	58	59	60	79	80	72	73	74	75	76	77	87	88	89	81	82	83	84	85	86	5	6	7	8	0	1	2	3	4	14	15	16	17	9	10	11	12	13	23	24	25	26	18	19	20	21	22	32	33	34	35	27	28	29	30	31	41	42	43	44	36	37	38	39	40	50	51	52	53	45	46	47	48	49	69	70	71	63	64	65	66	67	68	
79	70	71	63	64	65	66	67	68	69	80	72	73	74	75	76	77	78	88	89	81	82	83	84	85	86	87	6	7	8	0	1	2	3	4	5	15	16	17	9	10	11	12	13	14	24	25	26	18	19	20	21	22	23	33	34	35	27	28	29	30	31	32	42	43	44	36	37	38	39	40	41	51	52	53	45	46	47	48	49	50	60	61	62	54	55	56	57	58	59	
80	89	81	82	83	84	85	86	87	88	72	73	74	75	76	77	78	79	8	0	1	2	3	4	5	6	7	17	9	10	11	12	13	14	15	16	26	18	19	20	21	22	23	24	25	35	27	28	29	30	31	32	33	34	44	36	37	38	39	40	41	42	43	53	45	46	47	48	49	50	51	52	62	54	55	56	57	58	59	60	61	71	63	64	65	66	67	68	69	70	
81	8	0	1	2	3	4	5	6	7	82	83	84	85	86	87	88	89	9	10	11	12	13	14	15	16	17	18	19	20	21	22	23	24	25	26	27	28	29	30	31	32	33	34	35	36	37	38	39	40	41	42	43	44	45	46	47	48	49	50	51	52	53	54	55	56	57	58	59	60	61	62	63	64	65	66	67	68	69	70	71	72	73	74	75	76	77	78	79	80	
82	17	9	10	11	12	13	14	15	16	83	84	85	86	87	88	89	81	0	1	2	3	4	5	6	7	8	19	20	21	22	23	24	25	26	18	28	29	30	31	32	33	34	35	27	37	38	39	40	41	42	43	44	36	46	47	48	49	50	51	52	53	45	55	56	57	58	59	60	61	62	54	64	65	66	67	68	69	70	71	63	73	74	75	76	77	78	79	80	72	
83	26	18	19	20	21	22	23	24	25	84	85	86	87	88	89	81	82	1	2	3	4	5	6	7	8	0	10	11	12	13	14	15	16	17	9	29	30	31	32	33	34	35	27	28	38	39	40	41	42	43	44	36	37	47	48	49	50	51	52	53	45	46	56	57	58	59	60	61	62	54	55	65	66	67	68	69	70	71	63	64	74	75	76	77	78	79	80	72	73	
84	35	27	28	29	30	31	32	33	34	85	86	87	88	89	81	82	83	2	3	4	5	6	7	8	0	1	11	12	13	14	15	16	17	9	10	20	21	22	23	24	25	26	18	19	39	40	41	42	43	44	36	37	38	48	49	50	51	52	53	45	46	47	57	58	59	60	61	62	54	55	56	66	67	68	69	70	71	63	64	65	75	76	77	78	79	80	72	73	74	
85	44	36	37	38	39	40	41	42	43	86	87	88	89	81	82	83	84	3	4	5	6	7	8	0	1	2	12	13	14	15	16	17	9	10	11	21	22	23	24	25	26	18	19	20	30	31	32	33	34	35	27	28	29	49	50	51	52	53	45	46	47	48	58	59	60	61	62	54	55	56	57	67	68	69	70	71	63	64	65	66	76	77	78	79	80	72	73	74	75	
86	53	45	46	47	48	49	50	51	52	87	88	89	81	82	83	84	85	4	5	6	7	8	0	1	2	3	13	14	15	16	17	9	10	11	12	22	23	24	25	26	18	19	20	21	31	32	33	34	35	27	28	29	30	40	41	42	43	44	36	37	38	39	59	60	61	62	54	55	56	57	58	68	69	70	71	63	64	65	66	67	77	78	79	80	72	73	74	75	76	
87	62	54	55	56	57	58	59	60	61	88	89	81	82	83	84	85	86	5	6	7	8	0	1	2	3	4	14	15	16	17	9	10	11	12	13	23	24	25	26	18	19	20	21	22	32	33	34	35	27	28	29	30	31	41	42	43	44	36	37	38	39	40	50	51	52	53	45	46	47	48	49	69	70	71	63	64	65	66	67	68	78	79	80	72	73	74	75	76	77	
88	71	63	64	65	66	67	68	69	70	89	81	82	83	84	85	86	87	6	7	8	0	1	2	3	4	5	15	16	17	9	10	11	12	13	14	24	25	26	18	19	20	21	22	23	33	34	35	27	28	29	30	31	32	42	43	44	36	37	38	39	40	41	51	52	53	45	46	47	48	49	50	60	61	62	54	55	56	57	58	59	79	80	72	73	74	75	76	77	78	
89	80	72	73	74	75	76	77	78	79	81	82	83	84	85	86	87	88	7	8	0	1	2	3	4	5	6	16	17	9	10	11	12	13	14	15	25	26	18	19	20	21	22	23	24	34	35	27	28	29	30	31	32	33	43	44	36	37	38	39	40	41	42	52	53	45	46	47	48	49	50	51	61	62	54	55	56	57	58	59	60	70	71	63	64	65	66	67	68	69	
