11 12 13 14 15 16 17 18 19 20 21 11 22 33 44 55 66 77 88 99 110 121 11
22 23 24 25 26 27 28 29 30 31 32 22 33 44 55 66 77 88 99 110 121 11 22
33 34 35 36 37 38 39 40 41 42 43 33 44 55 66 77 88 99 110 121 11 22 33
44 45 46 47 48 49 50 51 52 53 54 44 55 66 77 88 99 110 121 11 22 33 44
55 56 57 58 59 60 61 62 63 64 65 55 66 77 88 99 110 121 11 22 33 44 55
66 67 68 69 70 71 72 73 74 75 76 66 77 88 99 110 121 11 22 33 44 55 66
77 78 79 80 81 82 83 84 85 86 87 77 88 99 110 121 11 22 33 44 55 66 77
88 89 90 91 92 93 94 95 96 97 98 88 99 110 121 11 22 33 44 55 66 77 88
99 100 101 102 103 104 105 106 107 108 109 99 110 121 11 22 33 44 55 66 77 88 99
110 111 112 113 114 115 116 117 118 119 120 110 121 11 22 33 44 55 66 77 88 99 110
121 122 123 124 125 126 127 128 129 130 131 121 11 22 33 44 55 66 77 88 99 110 121
0 1 2 3 4 5 6 7 8 9 10 0 23 34 45 56 67 78 89 100 111 122 0
23 24 25 26 27 28 29 30 31 32 22 23 34 45 56 67 78 89 100 111 122 0 23
34 35 36 37 38 39 40 41 42 43 33 34 45 56 67 78 89 100 111 122 0 23 34
45 46 47 48 49 50 51 52 53 54 44 45 56 67 78 89 100 111 122 0 23 34 45
56 57 58 59 60 61 62 63 64 65 55 56 67 78 89 100 111 122 0 23 34 45 56
67 68 69 70 71 72 73 74 75 76 66 67 78 89 100 111 122 0 23 34 45 56 67
78 79 80 81 82 83 84 85 86 87 77 78 89 100 111 122 0 23 34 45 56 67 78
89 90 91 92 93 94 95 96 97 98 88 89 100 111 122 0 23 34 45 56 67 78 89
100 101 102 103 104 105 106 107 108 109 99 100 111 122 0 23 34 45 56 67 78 89 100
111 112 113 114 115 116 117 118 119 120 110 111 122 0 23 34 45 56 67 78 89 100 111
122 123 124 125 126 127 128 129 130 131 121 122 0 23 34 45 56 67 78 89 100 111 122
1 2 3 4 5 6 7 8 9 10 0 1 12 35 46 57 68 79 90 101 112 123 1
12 13 14 15 16 17 18 19 20 21 11 12 35 46 57 68 79 90 101 112 123 1 12
35 36 37 38 39 40 41 42 43 33 34 35 46 57 68 79 90 101 112 123 1 12 35
46 47 48 49 50 51 52 53 54 44 45 46 57 68 79 90 101 112 123 1 12 35 46
57 58 59 60 61 62 63 64 65 55 56 57 68 79 90 101 112 123 1 12 35 46 57
68 69 70 71 72 73 74 75 76 66 67 68 79 90 101 112 123 1 12 35 46 57 68
79 80 81 82 83 84 85 86 87 77 78 79 90 101 112 123 1 12 35 46 57 68 79
90 91 92 93 94 95 96 97 98 88 89 90 101 112 123 1 12 35 46 57 68 79 90
101 102 103 104 105 106 107 108 109 99 100 101 112 123 1 12 35 46 57 68 79 90 101
112 113 114 115 116 117 118 119 120 110 111 112 123 1 12 35 46 57 68 79 90 101 112
123 124 125 126 127 128 129 130 131 121 122 123 1 12 35 46 57 68 79 90 101 112 123
2 3 4 5 6 7 8 9 10 0 1 2 13 24 47 58 69 80 91 102 113 124 2
13 14 15 16 17 18 19 20 21 11 12 13 24 47 58 69 80 91 102 113 124 2 13
24 25 26 27 28 29 30 31 32 22 23 24 47 58 69 80 91 102 113 124 2 13 24
47 48 49 50 51 52 53 54 44 45 46 47 58 69 80 91 102 113 124 2 13 24 47
58 59 60 61 62 63 64 65 55 56 57 58 69 80 91 102 113 124 2 13 24 47 58
69 70 71 72 73 74 75 76 66 67 68 69 80 91 102 113 124 2 13 24 47 58 69
80 81 82 83 84 85 86 87 77 78 79 80 91 102 113 124 2 13 24 47 58 69 80
91 92 93 94 95 96 97 98 88 89 90 91 102 113 124 2 13 24 47 58 69 80 91
102 103 104 105 106 107 108 109 99 100 101 102 113 124 2 13 24 47 58 69 80 91 102
113 114 115 116 117 118 119 120 110 111 112 113 124 2 13 24 47 58 69 80 91 102 113
124 125 126 127 128 129 130 131 121 122 123 124 2 13 24 47 58 69 80 91 102 113 124
3 4 5 6 7 8 9 10 0 1 2 3 14 25 36 59 70 81 92 103 114 125 3
14 15 16 17 18 19 20 21 11 12 13 14 25 36 59 70 81 92 103 114 125 3 14
25 26 27 28 29 30 31 32 22 23 24 25 36 59 70 81 92 103 114 125 3 14 25
36 37 38 39 40 41 42 43 33 34 35 36 59 70 81 92 103 114 125 3 14 25 36
59 60 61 62 63 64 65 55 56 57 58 59 70 81 92 103 114 125 3 14 25 36 59
70 71 72 73 74 75 76 66 67 68 69 70 81 92 103 114 125 3 14 25 36 59 70
81 82 83 84 85 86 87 77 78 79 80 81 92 103 114 125 3 14 25 36 59 70 81
92 93 94 95 96 97 98 88 89 90 91 92 103 114 125 3 14 25 36 59 70 81 92
103 104 105 106 107 108 109 99 100 101 102 103 114 125 3 14 25 36 59 70 81 92 103
114 115 116 117 118 119 120 110 111 112 113 114 125 3 14 25 36 59 70 81 92 103 114
125 126 127 128 129 130 131 121 122 123 124 125 3 14 25 36 59 70 81 92 103 114 125
4 5 6 7 8 9 10 0 1 2 3 4 15 26 37 48 71 82 93 104 115 126 4
15 16 17 18 19 20 21 11 12 13 14 15 26 37 48 71 82 93 104 115 126 4 15
26 27 28 29 30 31 32 22 23 24 25 26 37 48 71 82 93 104 115 126 4 15 26
37 38 39 40 41 42 43 33 34 35 36 37 48 71 82 93 104 115 126 4 15 26 37
48 49 50 51 52 53 54 44 45 46 47 48 71 82 93 104 115 126 4 15 26 37 48
71 72 73 74 75 76 66 67 68 69 70 71 82 93 104 115 126 4 15 26 37 48 71
82 83 84 85 86 87 77 78 79 80 81 82 93 104 115 126 4 15 26 37 48 71 82
93 94 95 96 97 98 88 89 90 91 92 93 104 115 126 4 15 26 37 48 71 82 93
104 105 106 107 108 109 99 100 101 102 103 104 115 126 4 15 26 37 48 71 82 93 104
115 116 117 118 119 120 110 111 112 113 114 115 126 4 15 26 37 48 71 82 93 104 115
126 127 128 129 130 131 121 122 123 124 125 126 4 15 26 37 48 71 82 93 104 115 126
5 6 7 8 9 10 0 1 2 3 4 5 16 27 38 49 60 83 94 105 116 127 5
16 17 18 19 20 21 11 12 13 14 15 16 27 38 49 60 83 94 105 116 127 5 16
27 28 29 30 31 32 22 23 24 25 26 27 38 49 60 83 94 105 116 127 5 16 27
38 39 40 41 42 43 33 34 35 36 37 38 49 60 83 94 105 116 127 5 16 27 38
49 50 51 52 53 54 44 45 46 47 48 49 60 83 94 105 116 127 5 16 27 38 49
60 61 62 63 64 65 55 56 57 58 59 60 83 94 105 116 127 5 16 27 38 49 60
83 84 85 86 87 77 78 79 80 81 82 83 94 105 116 127 5 16 27 38 49 60 83
94 95 96 97 98 88 89 90 91 92 93 94 105 116 127 5 16 27 38 49 60 83 94
105 106 107 108 109 99 100 101 102 103 104 105 116 127 5 16 27 38 49 60 83 94 105
116 117 118 119 120 110 111 112 113 114 115 116 127 5 16 27 38 49 60 83 94 105 116
127 128 129 130 131 121 122 123 124 125 126 127 5 16 27 38 49 60 83 94 105 116 127
6 7 8 9 10 0 1 2 3 4 5 6 17 28 39 50 61 72 95 106 117 128 6
17 18 19 20 21 11 12 13 14 15 16 17 28 39 50 61 72 95 106 117 128 6 17
28 29 30 31 32 22 23 24 25 26 27 28 39 50 61 72 95 106 117 128 6 17 28
39 40 41 42 43 33 34 35 36 37 38 39 50 61 72 95 106 117 128 6 17 28 39
50 51 52 53 54 44 45 46 47 48 49 50 61 72 95 106 117 128 6 17 28 39 50
61 62 63 64 65 55 56 57 58 59 60 61 72 95 106 117 128 6 17 28 39 50 61
72 73 74 75 76 66 67 68 69 70 71 72 95 106 117 128 6 17 28 39 50 61 72
95 96 97 98 88 89 90 91 92 93 94 95 106 117 128 6 17 28 39 50 61 72 95
106 107 108 109 99 100 101 102 103 104 105 106 117 128 6 17 28 39 50 61 72 95 106
117 118 119 120 110 111 112 113 114 115 116 117 128 6 17 28 39 50 61 72 95 106 117
128 129 130 131 121 122 123 124 125 126 127 128 6 17 28 39 50 61 72 95 106 117 128
7 8 9 10 0 1 2 3 4 5 6 7 18 29 40 51 62 73 84 107 118 129 7
18 19 20 21 11 12 13 14 15 16 17 18 29 40 51 62 73 84 107 118 129 7 18
29 30 31 32 22 23 24 25 26 27 28 29 40 51 62 73 84 107 118 129 7 18 29
40 41 42 43 33 34 35 36 37 38 39 40 51 62 73 84 107 118 129 7 18 29 40
51 52 53 54 44 45 46 47 48 49 50 51 62 73 84 107 118 129 7 18 29 40 51
62 63 64 65 55 56 57 58 59 60 61 62 73 84 107 118 129 7 18 29 40 51 62
73 74 75 76 66 67 68 69 70 71 72 73 84 107 118 129 7 18 29 40 51 62 73
84 85 86 87 77 78 79 80 81 82 83 84 107 118 129 7 18 29 40 51 62 73 84
107 108 109 99 100 101 102 103 104 105 106 107 118 129 7 18 29 40 51 62 73 84 107
118 119 120 110 111 112 113 114 115 116 117 118 129 7 18 29 40 51 62 73 84 107 118
129 130 131 121 122 123 124 125 126 127 128 129 7 18 29 40 51 62 73 84 107 118 129
8 9 10 0 1 2 3 4 5 6 7 8 19 30 41 52 63 74 85 96 119 130 8
19 20 21 11 12 13 14 15 16 17 18 19 30 41 52 63 74 85 96 119 130 8 19
30 31 32 22 23 24 25 26 27 28 29 30 41 52 63 74 85 96 119 130 8 19 30
41 42 43 33 34 35 36 37 38 39 40 41 52 63 74 85 96 119 130 8 19 30 41
52 53 54 44 45 46 47 48 49 50 51 52 63 74 85 96 119 130 8 19 30 41 52
63 64 65 55 56 57 58 59 60 61 62 63 74 85 96 119 130 8 19 30 41 52 63
74 75 76 66 67 68 69 70 71 72 73 74 85 96 119 130 8 19 30 41 52 63 74
85 86 87 77 78 79 80 81 82 83 84 85 96 119 130 8 19 30 41 52 63 74 85
96 97 98 88 89 90 91 92 93 94 95 96 119 130 8 19 30 41 52 63 74 85 96
119 120 110 111 112 113 114 115 116 117 118 119 130 8 19 30 41 52 63 74 85 96 119
130 131 121 122 123 124 125 126 127 128 129 130 8 19 30 41 52 63 74 85 96 119 130
9 10 0 1 2 3 4 5 6 7 8 9 20 31 42 53 64 75 86 97 108 131 9
20 21 11 12 13 14 15 16 17 18 19 20 31 42 53 64 75 86 97 108 131 9 20
31 32 22 23 24 25 26 27 28 29 30 31 42 53 64 75 86 97 108 131 9 20 31
42 43 33 34 35 36 37 38 39 40 41 42 53 64 75 86 97 108 131 9 20 31 42
53 54 44 45 46 47 48 49 50 51 52 53 64 75 86 97 108 131 9 20 31 42 53
64 65 55 56 57 58 59 60 61 62 63 64 75 86 97 108 131 9 20 31 42 53 64
75 76 66 67 68 69 70 71 72 73 74 75 86 97 108 131 9 20 31 42 53 64 75
86 87 77 78 79 80 81 82 83 84 85 86 97 108 131 9 20 31 42 53 64 75 86
97 98 88 89 90 91 92 93 94 95 96 97 108 131 9 20 31 42 53 64 75 86 97
108 109 99 100 101 102 103 104 105 106 107 108 131 9 20 31 42 53 64 75 86 97 108
131 121 122 123 124 125 126 127 128 129 130 131 9 20 31 42 53 64 75 86 97 108 131
10 0 1 2 3 4 5 6 7 8 9 10 21 32 43 54 65 76 87 98 109 120 10
21 11 12 13 14 15 16 17 18 19 20 21 32 43 54 65 76 87 98 109 120 10 21
32 22 23 24 25 26 27 28 29 30 31 32 43 54 65 76 87 98 109 120 10 21 32
43 33 34 35 36 37 38 39 40 41 42 43 54 65 76 87 98 109 120 10 21 32 43
54 44 45 46 47 48 49 50 51 52 53 54 65 76 87 98 109 120 10 21 32 43 54
65 55 56 57 58 59 60 61 62 63 64 65 76 87 98 109 120 10 21 32 43 54 65
76 66 67 68 69 70 71 72 73 74 75 76 87 98 109 120 10 21 32 43 54 65 76
87 77 78 79 80 81 82 83 84 85 86 87 98 109 120 10 21 32 43 54 65 76 87
98 88 89 90 91 92 93 94 95 96 97 98 109 120 10 21 32 43 54 65 76 87 98
109 99 100 101 102 103 104 105 106 107 108 109 120 10 21 32 43 54 65 76 87 98 109
120 110 111 112 113 114 115 116 117 118 119 120 10 21 32 43 54 65 76 87 98 109 120
