7 8 9 10 11 12 13 7 14 21 28 35 42 49 7
14 15 16 17 18 19 20 7 14 21 28 35 42 49 14
21 22 23 24 25 26 27 7 14 21 28 35 42 49 21
28 29 30 31 32 33 34 7 14 21 28 35 42 49 28
35 36 37 38 39 40 41 7 14 21 28 35 42 49 35
42 43 44 45 46 47 48 7 14 21 28 35 42 49 42
49 50 51 52 53 54 55 7 14 21 28 35 42 49 49
0 1 2 3 4 5 6 0 15 22 29 36 43 50 0
15 16 17 18 19 20 14 0 15 22 29 36 43 50 15
22 23 24 25 26 27 21 0 15 22 29 36 43 50 22
29 30 31 32 33 34 28 0 15 22 29 36 43 50 29
36 37 38 39 40 41 35 0 15 22 29 36 43 50 36
43 44 45 46 47 48 42 0 15 22 29 36 43 50 43
50 51 52 53 54 55 49 0 15 22 29 36 43 50 50
1 2 3 4 5 6 0 1 8 23 30 37 44 51 1
8 9 10 11 12 13 7 1 8 23 30 37 44 51 8
23 24 25 26 27 21 22 1 8 23 30 37 44 51 23
30 31 32 33 34 28 29 1 8 23 30 37 44 51 30
37 38 39 40 41 35 36 1 8 23 30 37 44 51 37
44 45 46 47 48 42 43 1 8 23 30 37 44 51 44
51 52 53 54 55 49 50 1 8 23 30 37 44 51 51
2 3 4 5 6 0 1 2 9 16 31 38 45 52 2
9 10 11 12 13 7 8 2 9 16 31 38 45 52 9
16 17 18 19 20 14 15 2 9 16 31 38 45 52 16
31 32 33 34 28 29 30 2 9 16 31 38 45 52 31
38 39 40 41 35 36 37 2 9 16 31 38 45 52 38
45 46 47 48 42 43 44 2 9 16 31 38 45 52 45
52 53 54 55 49 50 51 2 9 16 31 38 45 52 52
3 4 5 6 0 1 2 3 10 17 24 39 46 53 3
10 11 12 13 7 8 9 3 10 17 24 39 46 53 10
17 18 19 20 14 15 16 3 10 17 24 39 46 53 17
24 25 26 27 21 22 23 3 10 17 24 39 46 53 24
39 40 41 35 36 37 38 3 10 17 24 39 46 53 39
46 47 48 42 43 44 45 3 10 17 24 39 46 53 46
53 54 55 49 50 51 52 3 10 17 24 39 46 53 53
4 5 6 0 1 2 3 4 11 18 25 32 47 54 4
11 12 13 7 8 9 10 4 11 18 25 32 47 54 11
18 19 20 14 15 16 17 4 11 18 25 32 47 54 18
25 26 27 21 22 23 24 4 11 18 25 32 47 54 25
32 33 34 28 29 30 31 4 11 18 25 32 47 54 32
47 48 42 43 44 45 46 4 11 18 25 32 47 54 47
54 55 49 50 51 52 53 4 11 18 25 32 47 54 54
5 6 0 1 2 3 4 5 12 19 26 33 40 55 5
12 13 7 8 9 10 11 5 12 19 26 33 40 55 12
19 20 14 15 16 17 18 5 12 19 26 33 40 55 19
26 27 21 22 23 24 25 5 12 19 26 33 40 55 26
33 34 28 29 30 31 32 5 12 19 26 33 40 55 33
40 41 35 36 37 38 39 5 12 19 26 33 40 55 40
55 49 50 51 52 53 54 5 12 19 26 33 40 55 55
6 0 1 2 3 4 5 6 13 20 27 34 41 48 6
13 7 8 9 10 11 12 6 13 20 27 34 41 48 13
20 14 15 16 17 18 19 6 13 20 27 34 41 48 20
27 21 22 23 24 25 26 6 13 20 27 34 41 48 27
34 28 29 30 31 32 33 6 13 20 27 34 41 48 34
41 35 36 37 38 39 40 6 13 20 27 34 41 48 41
48 42 43 44 45 46 47 6 13 20 27 34 41 48 48
