8 9 10 11 12 13 14 15 8 16 24 32 40 48 56 64 8
16 17 18 19 20 21 22 23 8 16 24 32 40 48 56 64 16
24 25 26 27 28 29 30 31 8 16 24 32 40 48 56 64 24
32 33 34 35 36 37 38 39 8 16 24 32 40 48 56 64 32
40 41 42 43 44 45 46 47 8 16 24 32 40 48 56 64 40
48 49 50 51 52 53 54 55 8 16 24 32 40 48 56 64 48
56 57 58 59 60 61 62 63 8 16 24 32 40 48 56 64 56
64 65 66 67 68 69 70 71 8 16 24 32 40 48 56 64 64
0 1 2 3 4 5 6 7 0 17 25 33 41 49 57 65 0
17 18 19 20 21 22 23 16 0 17 25 33 41 49 57 65 17
25 26 27 28 29 30 31 24 0 17 25 33 41 49 57 65 25
33 34 35 36 37 38 39 32 0 17 25 33 41 49 57 65 33
41 42 43 44 45 46 47 40 0 17 25 33 41 49 57 65 41
49 50 51 52 53 54 55 48 0 17 25 33 41 49 57 65 49
57 58 59 60 61 62 63 56 0 17 25 33 41 49 57 65 57
65 66 67 68 69 70 71 64 0 17 25 33 41 49 57 65 65
1 2 3 4 5 6 7 0 1 9 26 34 42 50 58 66 1
9 10 11 12 13 14 15 8 1 9 26 34 42 50 58 66 9
26 27 28 29 30 31 24 25 1 9 26 34 42 50 58 66 26
34 35 36 37 38 39 32 33 1 9 26 34 42 50 58 66 34
42 43 44 45 46 47 40 41 1 9 26 34 42 50 58 66 42
50 51 52 53 54 55 48 49 1 9 26 34 42 50 58 66 50
58 59 60 61 62 63 56 57 1 9 26 34 42 50 58 66 58
66 67 68 69 70 71 64 65 1 9 26 34 42 50 58 66 66
2 3 4 5 6 7 0 1 2 10 18 35 43 51 59 67 2
10 11 12 13 14 15 8 9 2 10 18 35 43 51 59 67 10
18 19 20 21 22 23 16 17 2 10 18 35 43 51 59 67 18
35 36 37 38 39 32 33 34 2 10 18 35 43 51 59 67 35
43 44 45 46 47 40 41 42 2 10 18 35 43 51 59 67 43
51 52 53 54 55 48 49 50 2 10 18 35 43 51 59 67 51
59 60 61 62 63 56 57 58 2 10 18 35 43 51 59 67 59
67 68 69 70 71 64 65 66 2 10 18 35 43 51 59 67 67
3 4 5 6 7 0 1 2 3 11 19 27 44 52 60 68 3
11 12 13 14 15 8 9 10 3 11 19 27 44 52 60 68 11
19 20 21 22 23 16 17 18 3 11 19 27 44 52 60 68 19
27 28 29 30 31 24 25 26 3 11 19 27 44 52 60 68 27
44 45 46 47 40 41 42 43 3 11 19 27 44 52 60 68 44
52 53 54 55 48 49 50 51 3 11 19 27 44 52 60 68 52
60 61 62 63 56 57 58 59 3 11 19 27 44 52 60 68 60
68 69 70 71 64 65 66 67 3 11 19 27 44 52 60 68 68
4 5 6 7 0 1 2 3 4 12 20 28 36 53 61 69 4
12 13 14 15 8 9 10 11 4 12 20 28 36 53 61 69 12
20 21 22 23 16 17 18 19 4 12 20 28 36 53 61 69 20
28 29 30 31 24 25 26 27 4 12 20 28 36 53 61 69 28
36 37 38 39 32 33 34 35 4 12 20 28 36 53 61 69 36
53 54 55 48 49 50 51 52 4 12 20 28 36 53 61 69 53
61 62 63 56 57 58 59 60 4 12 20 28 36 53 61 69 61
69 70 71 64 65 66 67 68 4 12 20 28 36 53 61 69 69
5 6 7 0 1 2 3 4 5 13 21 29 37 45 62 70 5
13 14 15 8 9 10 11 12 5 13 21 29 37 45 62 70 13
21 22 23 16 17 18 19 20 5 13 21 29 37 45 62 70 21
29 30 31 24 25 26 27 28 5 13 21 29 37 45 62 70 29
37 38 39 32 33 34 35 36 5 13 21 29 37 45 62 70 37
45 46 47 40 41 42 43 44 5 13 21 29 37 45 62 70 45
62 63 56 57 58 59 60 61 5 13 21 29 37 45 62 70 62
70 71 64 65 66 67 68 69 5 13 21 29 37 45 62 70 70
6 7 0 1 2 3 4 5 6 14 22 30 38 46 54 71 6
14 15 8 9 10 11 12 13 6 14 22 30 38 46 54 71 14
22 23 16 17 18 19 20 21 6 14 22 30 38 46 54 71 22
30 31 24 25 26 27 28 29 6 14 22 30 38 46 54 71 30
38 39 32 33 34 35 36 37 6 14 22 30 38 46 54 71 38
46 47 40 41 42 43 44 45 6 14 22 30 38 46 54 71 46
54 55 48 49 50 51 52 53 6 14 22 30 38 46 54 71 54
71 64 65 66 67 68 69 70 6 14 22 30 38 46 54 71 71
7 0 1 2 3 4 5 6 7 15 23 31 39 47 55 63 7
15 8 9 10 11 12 13 14 7 15 23 31 39 47 55 63 15
23 16 17 18 19 20 21 22 7 15 23 31 39 47 55 63 23
31 24 25 26 27 28 29 30 7 15 23 31 39 47 55 63 31
39 32 33 34 35 36 37 38 7 15 23 31 39 47 55 63 39
47 40 41 42 43 44 45 46 7 15 23 31 39 47 55 63 47
55 48 49 50 51 52 53 54 7 15 23 31 39 47 55 63 55
63 56 57 58 59 60 61 62 7 15 23 31 39 47 55 63 63
