10 11 12 13 14 15 16 17 18 19 10 20 30 40 50 60 70 80 90 100 10
20 21 22 23 24 25 26 27 28 29 10 20 30 40 50 60 70 80 90 100 20
30 31 32 33 34 35 36 37 38 39 10 20 30 40 50 60 70 80 90 100 30
40 41 42 43 44 45 46 47 48 49 10 20 30 40 50 60 70 80 90 100 40
50 51 52 53 54 55 56 57 58 59 10 20 30 40 50 60 70 80 90 100 50
60 61 62 63 64 65 66 67 68 69 10 20 30 40 50 60 70 80 90 100 60
70 71 72 73 74 75 76 77 78 79 10 20 30 40 50 60 70 80 90 100 70
80 81 82 83 84 85 86 87 88 89 10 20 30 40 50 60 70 80 90 100 80
90 91 92 93 94 95 96 97 98 99 10 20 30 40 50 60 70 80 90 100 90
100 101 102 103 104 105 106 107 108 109 10 20 30 40 50 60 70 80 90 100 100
0 1 2 3 4 5 6 7 8 9 0 21 31 41 51 61 71 81 91 101 0
21 22 23 24 25 26 27 28 29 20 0 21 31 41 51 61 71 81 91 101 21
31 32 33 34 35 36 37 38 39 30 0 21 31 41 51 61 71 81 91 101 31
41 42 43 44 45 46 47 48 49 40 0 21 31 41 51 61 71 81 91 101 41
51 52 53 54 55 56 57 58 59 50 0 21 31 41 51 61 71 81 91 101 51
61 62 63 64 65 66 67 68 69 60 0 21 31 41 51 61 71 81 91 101 61
71 72 73 74 75 76 77 78 79 70 0 21 31 41 51 61 71 81 91 101 71
81 82 83 84 85 86 87 88 89 80 0 21 31 41 51 61 71 81 91 101 81
91 92 93 94 95 96 97 98 99 90 0 21 31 41 51 61 71 81 91 101 91
101 102 103 104 105 106 107 108 109 100 0 21 31 41 51 61 71 81 91 101 101
1 2 3 4 5 6 7 8 9 0 1 11 32 42 52 62 72 82 92 102 1
11 12 13 14 15 16 17 18 19 10 1 11 32 42 52 62 72 82 92 102 11
32 33 34 35 36 37 38 39 30 31 1 11 32 42 52 62 72 82 92 102 32
42 43 44 45 46 47 48 49 40 41 1 11 32 42 52 62 72 82 92 102 42
52 53 54 55 56 57 58 59 50 51 1 11 32 42 52 62 72 82 92 102 52
62 63 64 65 66 67 68 69 60 61 1 11 32 42 52 62 72 82 92 102 62
72 73 74 75 76 77 78 79 70 71 1 11 32 42 52 62 72 82 92 102 72
82 83 84 85 86 87 88 89 80 81 1 11 32 42 52 62 72 82 92 102 82
92 93 94 95 96 97 98 99 90 91 1 11 32 42 52 62 72 82 92 102 92
102 103 104 105 106 107 108 109 100 101 1 11 32 42 52 62 72 82 92 102 102
2 3 4 5 6 7 8 9 0 1 2 12 22 43 53 63 73 83 93 103 2
12 13 14 15 16 17 18 19 10 11 2 12 22 43 53 63 73 83 93 103 12
22 23 24 25 26 27 28 29 20 21 2 12 22 43 53 63 73 83 93 103 22
43 44 45 46 47 48 49 40 41 42 2 12 22 43 53 63 73 83 93 103 43
53 54 55 56 57 58 59 50 51 52 2 12 22 43 53 63 73 83 93 103 53
63 64 65 66 67 68 69 60 61 62 2 12 22 43 53 63 73 83 93 103 63
73 74 75 76 77 78 79 70 71 72 2 12 22 43 53 63 73 83 93 103 73
83 84 85 86 87 88 89 80 81 82 2 12 22 43 53 63 73 83 93 103 83
93 94 95 96 97 98 99 90 91 92 2 12 22 43 53 63 73 83 93 103 93
103 104 105 106 107 108 109 100 101 102 2 12 22 43 53 63 73 83 93 103 103
3 4 5 6 7 8 9 0 1 2 3 13 23 33 54 64 74 84 94 104 3
13 14 15 16 17 18 19 10 11 12 3 13 23 33 54 64 74 84 94 104 13
23 24 25 26 27 28 29 20 21 22 3 13 23 33 54 64 74 84 94 104 23
33 34 35 36 37 38 39 30 31 32 3 13 23 33 54 64 74 84 94 104 33
54 55 56 57 58 59 50 51 52 53 3 13 23 33 54 64 74 84 94 104 54
64 65 66 67 68 69 60 61 62 63 3 13 23 33 54 64 74 84 94 104 64
74 75 76 77 78 79 70 71 72 73 3 13 23 33 54 64 74 84 94 104 74
84 85 86 87 88 89 80 81 82 83 3 13 23 33 54 64 74 84 94 104 84
94 95 96 97 98 99 90 91 92 93 3 13 23 33 54 64 74 84 94 104 94
104 105 106 107 108 109 100 101 102 103 3 13 23 33 54 64 74 84 94 104 104
4 5 6 7 8 9 0 1 2 3 4 14 24 34 44 65 75 85 95 105 4
14 15 16 17 18 19 10 11 12 13 4 14 24 34 44 65 75 85 95 105 14
24 25 26 27 28 29 20 21 22 23 4 14 24 34 44 65 75 85 95 105 24
34 35 36 37 38 39 30 31 32 33 4 14 24 34 44 65 75 85 95 105 34
44 45 46 47 48 49 40 41 42 43 4 14 24 34 44 65 75 85 95 105 44
65 66 67 68 69 60 61 62 63 64 4 14 24 34 44 65 75 85 95 105 65
75 76 77 78 79 70 71 72 73 74 4 14 24 34 44 65 75 85 95 105 75
85 86 87 88 89 80 81 82 83 84 4 14 24 34 44 65 75 85 95 105 85
95 96 97 98 99 90 91 92 93 94 4 14 24 34 44 65 75 85 95 105 95
105 106 107 108 109 100 101 102 103 104 4 14 24 34 44 65 75 85 95 105 105
5 6 7 8 9 0 1 2 3 4 5 15 25 35 45 55 76 86 96 106 5
15 16 17 18 19 10 11 12 13 14 5 15 25 35 45 55 76 86 96 106 15
25 26 27 28 29 20 21 22 23 24 5 15 25 35 45 55 76 86 96 106 25
35 36 37 38 39 30 31 32 33 34 5 15 25 35 45 55 76 86 96 106 35
45 46 47 48 49 40 41 42 43 44 5 15 25 35 45 55 76 86 96 106 45
55 56 57 58 59 50 51 52 53 54 5 15 25 35 45 55 76 86 96 106 55
76 77 78 79 70 71 72 73 74 75 5 15 25 35 45 55 76 86 96 106 76
86 87 88 89 80 81 82 83 84 85 5 15 25 35 45 55 76 86 96 106 86
96 97 98 99 90 91 92 93 94 95 5 15 25 35 45 55 76 86 96 106 96
106 107 108 109 100 101 102 103 104 105 5 15 25 35 45 55 76 86 96 106 106
6 7 8 9 0 1 2 3 4 5 6 16 26 36 46 56 66 87 97 107 6
16 17 18 19 10 11 12 13 14 15 6 16 26 36 46 56 66 87 97 107 16
26 27 28 29 20 21 22 23 24 25 6 16 26 36 46 56 66 87 97 107 26
36 37 38 39 30 31 32 33 34 35 6 16 26 36 46 56 66 87 97 107 36
46 47 48 49 40 41 42 43 44 45 6 16 26 36 46 56 66 87 97 107 46
56 57 58 59 50 51 52 53 54 55 6 16 26 36 46 56 66 87 97 107 56
66 67 68 69 60 61 62 63 64 65 6 16 26 36 46 56 66 87 97 107 66
87 88 89 80 81 82 83 84 85 86 6 16 26 36 46 56 66 87 97 107 87
97 98 99 90 91 92 93 94 95 96 6 16 26 36 46 56 66 87 97 107 97
107 108 109 100 101 102 103 104 105 106 6 16 26 36 46 56 66 87 97 107 107
7 8 9 0 1 2 3 4 5 6 7 17 27 37 47 57 67 77 98 108 7
17 18 19 10 11 12 13 14 15 16 7 17 27 37 47 57 67 77 98 108 17
27 28 29 20 21 22 23 24 25 26 7 17 27 37 47 57 67 77 98 108 27
37 38 39 30 31 32 33 34 35 36 7 17 27 37 47 57 67 77 98 108 37
47 48 49 40 41 42 43 44 45 46 7 17 27 37 47 57 67 77 98 108 47
57 58 59 50 51 52 53 54 55 56 7 17 27 37 47 57 67 77 98 108 57
67 68 69 60 61 62 63 64 65 66 7 17 27 37 47 57 67 77 98 108 67
77 78 79 70 71 72 73 74 75 76 7 17 27 37 47 57 67 77 98 108 77
98 99 90 91 92 93 94 95 96 97 7 17 27 37 47 57 67 77 98 108 98
108 109 100 101 102 103 104 105 106 107 7 17 27 37 47 57 67 77 98 108 108
8 9 0 1 2 3 4 5 6 7 8 18 28 38 48 58 68 78 88 109 8
18 19 10 11 12 13 14 15 16 17 8 18 28 38 48 58 68 78 88 109 18
28 29 20 21 22 23 24 25 26 27 8 18 28 38 48 58 68 78 88 109 28
38 39 30 31 32 33 34 35 36 37 8 18 28 38 48 58 68 78 88 109 38
48 49 40 41 42 43 44 45 46 47 8 18 28 38 48 58 68 78 88 109 48
58 59 50 51 52 53 54 55 56 57 8 18 28 38 48 58 68 78 88 109 58
68 69 60 61 62 63 64 65 66 67 8 18 28 38 48 58 68 78 88 109 68
78 79 70 71 72 73 74 75 76 77 8 18 28 38 48 58 68 78 88 109 78
88 89 80 81 82 83 84 85 86 87 8 18 28 38 48 58 68 78 88 109 88
109 100 101 102 103 104 105 106 107 108 8 18 28 38 48 58 68 78 88 109 109
9 0 1 2 3 4 5 6 7 8 9 19 29 39 49 59 69 79 89 99 9
19 10 11 12 13 14 15 16 17 18 9 19 29 39 49 59 69 79 89 99 19
29 20 21 22 23 24 25 26 27 28 9 19 29 39 49 59 69 79 89 99 29
39 30 31 32 33 34 35 36 37 38 9 19 29 39 49 59 69 79 89 99 39
49 40 41 42 43 44 45 46 47 48 9 19 29 39 49 59 69 79 89 99 49
59 50 51 52 53 54 55 56 57 58 9 19 29 39 49 59 69 79 89 99 59
69 60 61 62 63 64 65 66 67 68 9 19 29 39 49 59 69 79 89 99 69
79 70 71 72 73 74 75 76 77 78 9 19 29 39 49 59 69 79 89 99 79
89 80 81 82 83 84 85 86 87 88 9 19 29 39 49 59 69 79 89 99 89
99 90 91 92 93 94 95 96 97 98 9 19 29 39 49 59 69 79 89 99 99
