12 13 14 15 16 17 18 19 20 21 22 23 12 24 36 48 60 72 84 96 108 120 132 144 12
24 25 26 27 28 29 30 31 32 33 34 35 24 36 48 60 72 84 96 108 120 132 144 12 24
36 37 38 39 40 41 42 43 44 45 46 47 36 48 60 72 84 96 108 120 132 144 12 24 36
48 49 50 51 52 53 54 55 56 57 58 59 48 60 72 84 96 108 120 132 144 12 24 36 48
60 61 62 63 64 65 66 67 68 69 70 71 60 72 84 96 108 120 132 144 12 24 36 48 60
72 73 74 75 76 77 78 79 80 81 82 83 72 84 96 108 120 132 144 12 24 36 48 60 72
84 85 86 87 88 89 90 91 92 93 94 95 84 96 108 120 132 144 12 24 36 48 60 72 84
96 97 98 99 100 101 102 103 104 105 106 107 96 108 120 132 144 12 24 36 48 60 72 84 96
108 109 110 111 112 113 114 115 116 117 118 119 108 120 132 144 12 24 36 48 60 72 84 96 108
120 121 122 123 124 125 126 127 128 129 130 131 120 132 144 12 24 36 48 60 72 84 96 108 120
132 133 134 135 136 137 138 139 140 141 142 143 132 144 12 24 36 48 60 72 84 96 108 120 132
144 145 146 147 148 149 150 151 152 153 154 155 144 12 24 36 48 60 72 84 96 108 120 132 144
0 1 2 3 4 5 6 7 8 9 10 11 0 25 37 49 61 73 85 97 109 121 133 145 0
25 26 27 28 29 30 31 32 33 34 35 24 25 37 49 61 73 85 97 109 121 133 145 0 25
37 38 39 40 41 42 43 44 45 46 47 36 37 49 61 73 85 97 109 121 133 145 0 25 37
49 50 51 52 53 54 55 56 57 58 59 48 49 61 73 85 97 109 121 133 145 0 25 37 49
61 62 63 64 65 66 67 68 69 70 71 60 61 73 85 97 109 121 133 145 0 25 37 49 61
73 74 75 76 77 78 79 80 81 82 83 72 73 85 97 109 121 133 145 0 25 37 49 61 73
85 86 87 88 89 90 91 92 93 94 95 84 85 97 109 121 133 145 0 25 37 49 61 73 85
97 98 99 100 101 102 103 104 105 106 107 96 97 109 121 133 145 0 25 37 49 61 73 85 97
109 110 111 112 113 114 115 116 117 118 119 108 109 121 133 145 0 25 37 49 61 73 85 97 109
121 122 123 124 125 126 127 128 129 130 131 120 121 133 145 0 25 37 49 61 73 85 97 109 121
133 134 135 136 137 138 139 140 141 142 143 132 133 145 0 25 37 49 61 73 85 97 109 121 133
145 146 147 148 149 150 151 152 153 154 155 144 145 0 25 37 49 61 73 85 97 109 121 133 145
1 2 3 4 5 6 7 8 9 10 11 0 1 13 38 50 62 74 86 98 110 122 134 146 1
13 14 15 16 17 18 19 20 21 22 23 12 13 38 50 62 74 86 98 110 122 134 146 1 13
38 39 40 41 42 43 44 45 46 47 36 37 38 50 62 74 86 98 110 122 134 146 1 13 38
50 51 52 53 54 55 56 57 58 59 48 49 50 62 74 86 98 110 122 134 146 1 13 38 50
62 63 64 65 66 67 68 69 70 71 60 61 62 74 86 98 110 122 134 146 1 13 38 50 62
74 75 76 77 78 79 80 81 82 83 72 73 74 86 98 110 122 134 146 1 13 38 50 62 74
86 87 88 89 90 91 92 93 94 95 84 85 86 98 110 122 134 146 1 13 38 50 62 74 86
98 99 100 101 102 103 104 105 106 107 96 97 98 110 122 134 146 1 13 38 50 62 74 86 98
110 111 112 113 114 115 116 117 118 119 108 109 110 122 134 146 1 13 38 50 62 74 86 98 110
122 123 124 125 126 127 128 129 130 131 120 121 122 134 146 1 13 38 50 62 74 86 98 110 122
134 135 136 137 138 139 140 141 142 143 132 133 134 146 1 13 38 50 62 74 86 98 110 122 134
146 147 148 149 150 151 152 153 154 155 144 145 146 1 13 38 50 62 74 86 98 110 122 134 146
2 3 4 5 6 7 8 9 10 11 0 1 2 14 26 51 63 75 87 99 111 123 135 147 2
14 15 16 17 18 19 20 21 22 23 12 13 14 26 51 63 75 87 99 111 123 135 147 2 14
26 27 28 29 30 31 32 33 34 35 24 25 26 51 63 75 87 99 111 123 135 147 2 14 26
51 52 53 54 55 56 57 58 59 48 49 50 51 63 75 87 99 111 123 135 147 2 14 26 51
63 64 65 66 67 68 69 70 71 60 61 62 63 75 87 99 111 123 135 147 2 14 26 51 63
75 76 77 78 79 80 81 82 83 72 73 74 75 87 99 111 123 135 147 2 14 26 51 63 75
87 88 89 90 91 92 93 94 95 84 85 86 87 99 111 123 135 147 2 14 26 51 63 75 87
99 100 101 102 103 104 105 106 107 96 97 98 99 111 123 135 147 2 14 26 51 63 75 87 99
111 112 113 114 115 116 117 118 119 108 109 110 111 123 135 147 2 14 26 51 63 75 87 99 111
123 124 125 126 127 128 129 130 131 120 121 122 123 135 147 2 14 26 51 63 75 87 99 111 123
135 136 137 138 139 140 141 142 143 132 133 134 135 147 2 14 26 51 63 75 87 99 111 123 135
147 148 149 150 151 152 153 154 155 144 145 146 147 2 14 26 51 63 75 87 99 111 123 135 147
3 4 5 6 7 8 9 10 11 0 1 2 3 15 27 39 64 76 88 100 112 124 136 148 3
15 16 17 18 19 20 21 22 23 12 13 14 15 27 39 64 76 88 100 112 124 136 148 3 15
27 28 29 30 31 32 33 34 35 24 25 26 27 39 64 76 88 100 112 124 136 148 3 15 27
39 40 41 42 43 44 45 46 47 36 37 38 39 64 76 88 100 112 124 136 148 3 15 27 39
64 65 66 67 68 69 70 71 60 61 62 63 64 76 88 100 112 124 136 148 3 15 27 39 64
76 77 78 79 80 81 82 83 72 73 74 75 76 88 100 112 124 136 148 3 15 27 39 64 76
88 89 90 91 92 93 94 95 84 85 86 87 88 100 112 124 136 148 3 15 27 39 64 76 88
100 101 102 103 104 105 106 107 96 97 98 99 100 112 124 136 148 3 15 27 39 64 76 88 100
112 113 114 115 116 117 118 119 108 109 110 111 112 124 136 148 3 15 27 39 64 76 88 100 112
124 125 126 127 128 129 130 131 120 121 122 123 124 136 148 3 15 27 39 64 76 88 100 112 124
136 137 138 139 140 141 142 143 132 133 134 135 136 148 3 15 27 39 64 76 88 100 112 124 136
148 149 150 151 152 153 154 155 144 145 146 147 148 3 15 27 39 64 76 88 100 112 124 136 148
4 5 6 7 8 9 10 11 0 1 2 3 4 16 28 40 52 77 89 101 113 125 137 149 4
16 17 18 19 20 21 22 23 12 13 14 15 16 28 40 52 77 89 101 113 125 137 149 4 16
28 29 30 31 32 33 34 35 24 25 26 27 28 40 52 77 89 101 113 125 137 149 4 16 28
40 41 42 43 44 45 46 47 36 37 38 39 40 52 77 89 101 113 125 137 149 4 16 28 40
52 53 54 55 56 57 58 59 48 49 50 51 52 77 89 101 113 125 137 149 4 16 28 40 52
77 78 79 80 81 82 83 72 73 74 75 76 77 89 101 113 125 137 149 4 16 28 40 52 77
89 90 91 92 93 94 95 84 85 86 87 88 89 101 113 125 137 149 4 16 28 40 52 77 89
101 102 103 104 105 106 107 96 97 98 99 100 101 113 125 137 149 4 16 28 40 52 77 89 101
113 114 115 116 117 118 119 108 109 110 111 112 113 125 137 149 4 16 28 40 52 77 89 101 113
125 126 127 128 129 130 131 120 121 122 123 124 125 137 149 4 16 28 40 52 77 89 101 113 125
137 138 139 140 141 142 143 132 133 134 135 136 137 149 4 16 28 40 52 77 89 101 113 125 137
149 150 151 152 153 154 155 144 145 146 147 148 149 4 16 28 40 52 77 89 101 113 125 137 149
5 6 7 8 9 10 11 0 1 2 3 4 5 17 29 41 53 65 90 102 114 126 138 150 5
17 18 19 20 21 22 23 12 13 14 15 16 17 29 41 53 65 90 102 114 126 138 150 5 17
29 30 31 32 33 34 35 24 25 26 27 28 29 41 53 65 90 102 114 126 138 150 5 17 29
41 42 43 44 45 46 47 36 37 38 39 40 41 53 65 90 102 114 126 138 150 5 17 29 41
53 54 55 56 57 58 59 48 49 50 51 52 53 65 90 102 114 126 138 150 5 17 29 41 53
65 66 67 68 69 70 71 60 61 62 63 64 65 90 102 114 126 138 150 5 17 29 41 53 65
90 91 92 93 94 95 84 85 86 87 88 89 90 102 114 126 138 150 5 17 29 41 53 65 90
102 103 104 105 106 107 96 97 98 99 100 101 102 114 126 138 150 5 17 29 41 53 65 90 102
114 115 116 117 118 119 108 109 110 111 112 113 114 126 138 150 5 17 29 41 53 65 90 102 114
126 127 128 129 130 131 120 121 122 123 124 125 126 138 150 5 17 29 41 53 65 90 102 114 126
138 139 140 141 142 143 132 133 134 135 136 137 138 150 5 17 29 41 53 65 90 102 114 126 138
150 151 152 153 154 155 144 145 146 147 148 149 150 5 17 29 41 53 65 90 102 114 126 138 150
6 7 8 9 10 11 0 1 2 3 4 5 6 18 30 42 54 66 78 103 115 127 139 151 6
18 19 20 21 22 23 12 13 14 15 16 17 18 30 42 54 66 78 103 115 127 139 151 6 18
30 31 32 33 34 35 24 25 26 27 28 29 30 42 54 66 78 103 115 127 139 151 6 18 30
42 43 44 45 46 47 36 37 38 39 40 41 42 54 66 78 103 115 127 139 151 6 18 30 42
54 55 56 57 58 59 48 49 50 51 52 53 54 66 78 103 115 127 139 151 6 18 30 42 54
66 67 68 69 70 71 60 61 62 63 64 65 66 78 103 115 127 139 151 6 18 30 42 54 66
78 79 80 81 82 83 72 73 74 75 76 77 78 103 115 127 139 151 6 18 30 42 54 66 78
103 104 105 106 107 96 97 98 99 100 101 102 103 115 127 139 151 6 18 30 42 54 66 78 103
115 116 117 118 119 108 109 110 111 112 113 114 115 127 139 151 6 18 30 42 54 66 78 103 115
127 128 129 130 131 120 121 122 123 124 125 126 127 139 151 6 18 30 42 54 66 78 103 115 127
139 140 141 142 143 132 133 134 135 136 137 138 139 151 6 18 30 42 54 66 78 103 115 127 139
151 152 153 154 155 144 145 146 147 148 149 150 151 6 18 30 42 54 66 78 103 115 127 139 151
7 8 9 10 11 0 1 2 3 4 5 6 7 19 31 43 55 67 79 91 116 128 140 152 7
19 20 21 22 23 12 13 14 15 16 17 18 19 31 43 55 67 79 91 116 128 140 152 7 19
31 32 33 34 35 24 25 26 27 28 29 30 31 43 55 67 79 91 116 128 140 152 7 19 31
43 44 45 46 47 36 37 38 39 40 41 42 43 55 67 79 91 116 128 140 152 7 19 31 43
55 56 57 58 59 48 49 50 51 52 53 54 55 67 79 91 116 128 140 152 7 19 31 43 55
67 68 69 70 71 60 61 62 63 64 65 66 67 79 91 116 128 140 152 7 19 31 43 55 67
79 80 81 82 83 72 73 74 75 76 77 78 79 91 116 128 140 152 7 19 31 43 55 67 79
91 92 93 94 95 84 85 86 87 88 89 90 91 116 128 140 152 7 19 31 43 55 67 79 91
116 117 118 119 108 109 110 111 112 113 114 115 116 128 140 152 7 19 31 43 55 67 79 91 116
128 129 130 131 120 121 122 123 124 125 126 127 128 140 152 7 19 31 43 55 67 79 91 116 128
140 141 142 143 132 133 134 135 136 137 138 139 140 152 7 19 31 43 55 67 79 91 116 128 140
152 153 154 155 144 145 146 147 148 149 150 151 152 7 19 31 43 55 67 79 91 116 128 140 152
8 9 10 11 0 1 2 3 4 5 6 7 8 20 32 44 56 68 80 92 104 129 141 153 8
20 21 22 23 12 13 14 15 16 17 18 19 20 32 44 56 68 80 92 104 129 141 153 8 20
32 33 34 35 24 25 26 27 28 29 30 31 32 44 56 68 80 92 104 129 141 153 8 20 32
44 45 46 47 36 37 38 39 40 41 42 43 44 56 68 80 92 104 129 141 153 8 20 32 44
56 57 58 59 48 49 50 51 52 53 54 55 56 68 80 92 104 129 141 153 8 20 32 44 56
68 69 70 71 60 61 62 63 64 65 66 67 68 80 92 104 129 141 153 8 20 32 44 56 68
80 81 82 83 72 73 74 75 76 77 78 79 80 92 104 129 141 153 8 20 32 44 56 68 80
92 93 94 95 84 85 86 87 88 89 90 91 92 104 129 141 153 8 20 32 44 56 68 80 92
104 105 106 107 96 97 98 99 100 101 102 103 104 129 141 153 8 20 32 44 56 68 80 92 104
129 130 131 120 121 122 123 124 125 126 127 128 129 141 153 8 20 32 44 56 68 80 92 104 129
141 142 143 132 133 134 135 136 137 138 139 140 141 153 8 20 32 44 56 68 80 92 104 129 141
153 154 155 144 145 146 147 148 149 150 151 152 153 8 20 32 44 56 68 80 92 104 129 141 153
9 10 11 0 1 2 3 4 5 6 7 8 9 21 33 45 57 69 81 93 105 117 142 154 9
21 22 23 12 13 14 15 16 17 18 19 20 21 33 45 57 69 81 93 105 117 142 154 9 21
33 34 35 24 25 26 27 28 29 30 31 32 33 45 57 69 81 93 105 117 142 154 9 21 33
45 46 47 36 37 38 39 40 41 42 43 44 45 57 69 81 93 105 117 142 154 9 21 33 45
57 58 59 48 49 50 51 52 53 54 55 56 57 69 81 93 105 117 142 154 9 21 33 45 57
69 70 71 60 61 62 63 64 65 66 67 68 69 81 93 105 117 142 154 9 21 33 45 57 69
81 82 83 72 73 74 75 76 77 78 79 80 81 93 105 117 142 154 9 21 33 45 57 69 81
93 94 95 84 85 86 87 88 89 90 91 92 93 105 117 142 154 9 21 33 45 57 69 81 93
105 106 107 96 97 98 99 100 101 102 103 104 105 117 142 154 9 21 33 45 57 69 81 93 105
117 118 119 108 109 110 111 112 113 114 115 116 117 142 154 9 21 33 45 57 69 81 93 105 117
142 143 132 133 134 135 136 137 138 139 140 141 142 154 9 21 33 45 57 69 81 93 105 117 142
154 155 144 145 146 147 148 149 150 151 152 153 154 9 21 33 45 57 69 81 93 105 117 142 154
10 11 0 1 2 3 4 5 6 7 8 9 10 22 34 46 58 70 82 94 106 118 130 155 10
22 23 12 13 14 15 16 17 18 19 20 21 22 34 46 58 70 82 94 106 118 130 155 10 22
34 35 24 25 26 27 28 29 30 31 32 33 34 46 58 70 82 94 106 118 130 155 10 22 34
46 47 36 37 38 39 40 41 42 43 44 45 46 58 70 82 94 106 118 130 155 10 22 34 46
58 59 48 49 50 51 52 53 54 55 56 57 58 70 82 94 106 118 130 155 10 22 34 46 58
70 71 60 61 62 63 64 65 66 67 68 69 70 82 94 106 118 130 155 10 22 34 46 58 70
82 83 72 73 74 75 76 77 78 79 80 81 82 94 106 118 130 155 10 22 34 46 58 70 82
94 95 84 85 86 87 88 89 90 91 92 93 94 106 118 130 155 10 22 34 46 58 70 82 94
106 107 96 97 98 99 100 101 102 103 104 105 106 118 130 155 10 22 34 46 58 70 82 94 106
118 119 108 109 110 111 112 113 114 115 116 117 118 130 155 10 22 34 46 58 70 82 94 106 118
130 131 120 121 122 123 124 125 126 127 128 129 130 155 10 22 34 46 58 70 82 94 106 118 130
155 144 145 146 147 148 149 150 151 152 153 154 155 10 22 34 46 58 70 82 94 106 118 130 155
11 0 1 2 3 4 5 6 7 8 9 10 11 23 35 47 59 71 83 95 107 119 131 143 11
23 12 13 14 15 16 17 18 19 20 21 22 23 35 47 59 71 83 95 107 119 131 143 11 23
35 24 25 26 27 28 29 30 31 32 33 34 35 47 59 71 83 95 107 119 131 143 11 23 35
47 36 37 38 39 40 41 42 43 44 45 46 47 59 71 83 95 107 119 131 143 11 23 35 47
59 48 49 50 51 52 53 54 55 56 57 58 59 71 83 95 107 119 131 143 11 23 35 47 59
71 60 61 62 63 64 65 66 67 68 69 70 71 83 95 107 119 131 143 11 23 35 47 59 71
83 72 73 74 75 76 77 78 79 80 81 82 83 95 107 119 131 143 11 23 35 47 59 71 83
95 84 85 86 87 88 89 90 91 92 93 94 95 107 119 131 143 11 23 35 47 59 71 83 95
107 96 97 98 99 100 101 102 103 104 105 106 107 119 131 143 11 23 35 47 59 71 83 95 107
119 108 109 110 111 112 113 114 115 116 117 118 119 131 143 11 23 35 47 59 71 83 95 107 119
131 120 121 122 123 124 125 126 127 128 129 130 131 143 11 23 35 47 59 71 83 95 107 119 131
143 132 133 134 135 136 137 138 139 140 141 142 143 11 23 35 47 59 71 83 95 107 119 131 143
