13 14 15 16 17 18 19 20 21 22 23 24 25 13 26 39 52 65 78 91 104 117 130 143 156 169 13
26 27 28 29 30 31 32 33 34 35 36 37 38 13 26 39 52 65 78 91 104 117 130 143 156 169 26
39 40 41 42 43 44 45 46 47 48 49 50 51 13 26 39 52 65 78 91 104 117 130 143 156 169 39
52 53 54 55 56 57 58 59 60 61 62 63 64 13 26 39 52 65 78 91 104 117 130 143 156 169 52
65 66 67 68 69 70 71 72 73 74 75 76 77 13 26 39 52 65 78 91 104 117 130 143 156 169 65
78 79 80 81 82 83 84 85 86 87 88 89 90 13 26 39 52 65 78 91 104 117 130 143 156 169 78
91 92 93 94 95 96 97 98 99 100 101 102 103 13 26 39 52 65 78 91 104 117 130 143 156 169 91
104 105 106 107 108 109 110 111 112 113 114 115 116 13 26 39 52 65 78 91 104 117 130 143 156 169 104
117 118 119 120 121 122 123 124 125 126 127 128 129 13 26 39 52 65 78 91 104 117 130 143 156 169 117
130 131 132 133 134 135 136 137 138 139 140 141 142 13 26 39 52 65 78 91 104 117 130 143 156 169 130
143 144 145 146 147 148 149 150 151 152 153 154 155 13 26 39 52 65 78 91 104 117 130 143 156 169 143
156 157 158 159 160 161 162 163 164 165 166 167 168 13 26 39 52 65 78 91 104 117 130 143 156 169 156
169 170 171 172 173 174 175 176 177 178 179 180 181 13 26 39 52 65 78 91 104 117 130 143 156 169 169
0 1 2 3 4 5 6 7 8 9 10 11 12 0 27 40 53 66 79 92 105 118 131 144 157 170 0
27 28 29 30 31 32 33 34 35 36 37 38 26 0 27 40 53 66 79 92 105 118 131 144 157 170 27
40 41 42 43 44 45 46 47 48 49 50 51 39 0 27 40 53 66 79 92 105 118 131 144 157 170 40
53 54 55 56 57 58 59 60 61 62 63 64 52 0 27 40 53 66 79 92 105 118 131 144 157 170 53
66 67 68 69 70 71 72 73 74 75 76 77 65 0 27 40 53 66 79 92 105 118 131 144 157 170 66
79 80 81 82 83 84 85 86 87 88 89 90 78 0 27 40 53 66 79 92 105 118 131 144 157 170 79
92 93 94 95 96 97 98 99 100 101 102 103 91 0 27 40 53 66 79 92 105 118 131 144 157 170 92
105 106 107 108 109 110 111 112 113 114 115 116 104 0 27 40 53 66 79 92 105 118 131 144 157 170 105
118 119 120 121 122 123 124 125 126 127 128 129 117 0 27 40 53 66 79 92 105 118 131 144 157 170 118
131 132 133 134 135 136 137 138 139 140 141 142 130 0 27 40 53 66 79 92 105 118 131 144 157 170 131
144 145 146 147 148 149 150 151 152 153 154 155 143 0 27 40 53 66 79 92 105 118 131 144 157 170 144
157 158 159 160 161 162 163 164 165 166 167 168 156 0 27 40 53 66 79 92 105 118 131 144 157 170 157
170 171 172 173 174 175 176 177 178 179 180 181 169 0 27 40 53 66 79 92 105 118 131 144 157 170 170
1 2 3 4 5 6 7 8 9 10 11 12 0 1 14 41 54 67 80 93 106 119 132 145 158 171 1
14 15 16 17 18 19 20 21 22 23 24 25 13 1 14 41 54 67 80 93 106 119 132 145 158 171 14
41 42 43 44 45 46 47 48 49 50 51 39 40 1 14 41 54 67 80 93 106 119 132 145 158 171 41
54 55 56 57 58 59 60 61 62 63 64 52 53 1 14 41 54 67 80 93 106 119 132 145 158 171 54
67 68 69 70 71 72 73 74 75 76 77 65 66 1 14 41 54 67 80 93 106 119 132 145 158 171 67
80 81 82 83 84 85 86 87 88 89 90 78 79 1 14 41 54 67 80 93 106 119 132 145 158 171 80
93 94 95 96 97 98 99 100 101 102 103 91 92 1 14 41 54 67 80 93 106 119 132 145 158 171 93
106 107 108 109 110 111 112 113 114 115 116 104 105 1 14 41 54 67 80 93 106 119 132 145 158 171 106
119 120 121 122 123 124 125 126 127 128 129 117 118 1 14 41 54 67 80 93 106 119 132 145 158 171 119
132 133 134 135 136 137 138 139 140 141 142 130 131 1 14 41 54 67 80 93 106 119 132 145 158 171 132
145 146 147 148 149 150 151 152 153 154 155 143 144 1 14 41 54 67 80 93 106 119 132 145 158 171 145
158 159 160 161 162 163 164 165 166 167 168 156 157 1 14 41 54 67 80 93 106 119 132 145 158 171 158
171 172 173 174 175 176 177 178 179 180 181 169 170 1 14 41 54 67 80 93 106 119 132 145 158 171 171
2 3 4 5 6 7 8 9 10 11 12 0 1 2 15 28 55 68 81 94 107 120 133 146 159 172 2
15 16 17 18 19 20 21 22 23 24 25 13 14 2 15 28 55 68 81 94 107 120 133 146 159 172 15
28 29 30 31 32 33 34 35 36 37 38 26 27 2 15 28 55 68 81 94 107 120 133 146 159 172 28
55 56 57 58 59 60 61 62 63 64 52 53 54 2 15 28 55 68 81 94 107 120 133 146 159 172 55
68 69 70 71 72 73 74 75 76 77 65 66 67 2 15 28 55 68 81 94 107 120 133 146 159 172 68
81 82 83 84 85 86 87 88 89 90 78 79 80 2 15 28 55 68 81 94 107 120 133 146 159 172 81
94 95 96 97 98 99 100 101 102 103 91 92 93 2 15 28 55 68 81 94 107 120 133 146 159 172 94
107 108 109 110 111 112 113 114 115 116 104 105 106 2 15 28 55 68 81 94 107 120 133 146 159 172 107
120 121 122 123 124 125 126 127 128 129 117 118 119 2 15 28 55 68 81 94 107 120 133 146 159 172 120
133 134 135 136 137 138 139 140 141 142 130 131 132 2 15 28 55 68 81 94 107 120 133 146 159 172 133
146 147 148 149 150 151 152 153 154 155 143 144 145 2 15 28 55 68 81 94 107 120 133 146 159 172 146
159 160 161 162 163 164 165 166 167 168 156 157 158 2 15 28 55 68 81 94 107 120 133 146 159 172 159
172 173 174 175 176 177 178 179 180 181 169 170 171 2 15 28 55 68 81 94 107 120 133 146 159 172 172
3 4 5 6 7 8 9 10 11 12 0 1 2 3 16 29 42 69 82 95 108 121 134 147 160 173 3
16 17 18 19 20 21 22 23 24 25 13 14 15 3 16 29 42 69 82 95 108 121 134 147 160 173 16
29 30 31 32 33 34 35 36 37 38 26 27 28 3 16 29 42 69 82 95 108 121 134 147 160 173 29
42 43 44 45 46 47 48 49 50 51 39 40 41 3 16 29 42 69 82 95 108 121 134 147 160 173 42
69 70 71 72 73 74 75 76 77 65 66 67 68 3 16 29 42 69 82 95 108 121 134 147 160 173 69
82 83 84 85 86 87 88 89 90 78 79 80 81 3 16 29 42 69 82 95 108 121 134 147 160 173 82
95 96 97 98 99 100 101 102 103 91 92 93 94 3 16 29 42 69 82 95 108 121 134 147 160 173 95
108 109 110 111 112 113 114 115 116 104 105 106 107 3 16 29 42 69 82 95 108 121 134 147 160 173 108
121 122 123 124 125 126 127 128 129 117 118 119 120 3 16 29 42 69 82 95 108 121 134 147 160 173 121
134 135 136 137 138 139 140 141 142 130 131 132 133 3 16 29 42 69 82 95 108 121 134 147 160 173 134
147 148 149 150 151 152 153 154 155 143 144 145 146 3 16 29 42 69 82 95 108 121 134 147 160 173 147
160 161 162 163 164 165 166 167 168 156 157 158 159 3 16 29 42 69 82 95 108 121 134 147 160 173 160
173 174 175 176 177 178 179 180 181 169 170 171 172 3 16 29 42 69 82 95 108 121 134 147 160 173 173
4 5 6 7 8 9 10 11 12 0 1 2 3 4 17 30 43 56 83 96 109 122 135 148 161 174 4
17 18 19 20 21 22 23 24 25 13 14 15 16 4 17 30 43 56 83 96 109 122 135 148 161 174 17
30 31 32 33 34 35 36 37 38 26 27 28 29 4 17 30 43 56 83 96 109 122 135 148 161 174 30
43 44 45 46 47 48 49 50 51 39 40 41 42 4 17 30 43 56 83 96 109 122 135 148 161 174 43
56 57 58 59 60 61 62 63 64 52 53 54 55 4 17 30 43 56 83 96 109 122 135 148 161 174 56
83 84 85 86 87 88 89 90 78 79 80 81 82 4 17 30 43 56 83 96 109 122 135 148 161 174 83
96 97 98 99 100 101 102 103 91 92 93 94 95 4 17 30 43 56 83 96 109 122 135 148 161 174 96
109 110 111 112 113 114 115 116 104 105 106 107 108 4 17 30 43 56 83 96 109 122 135 148 161 174 109
122 123 124 125 126 127 128 129 117 118 119 120 121 4 17 30 43 56 83 96 109 122 135 148 161 174 122
135 136 137 138 139 140 141 142 130 131 132 133 134 4 17 30 43 56 83 96 109 122 135 148 161 174 135
148 149 150 151 152 153 154 155 143 144 145 146 147 4 17 30 43 56 83 96 109 122 135 148 161 174 148
161 162 163 164 165 166 167 168 156 157 158 159 160 4 17 30 43 56 83 96 109 122 135 148 161 174 161
174 175 176 177 178 179 180 181 169 170 171 172 173 4 17 30 43 56 83 96 109 122 135 148 161 174 174
5 6 7 8 9 10 11 12 0 1 2 3 4 5 18 31 44 57 70 97 110 123 136 149 162 175 5
18 19 20 21 22 23 24 25 13 14 15 16 17 5 18 31 44 57 70 97 110 123 136 149 162 175 18
31 32 33 34 35 36 37 38 26 27 28 29 30 5 18 31 44 57 70 97 110 123 136 149 162 175 31
44 45 46 47 48 49 50 51 39 40 41 42 43 5 18 31 44 57 70 97 110 123 136 149 162 175 44
57 58 59 60 61 62 63 64 52 53 54 55 56 5 18 31 44 57 70 97 110 123 136 149 162 175 57
70 71 72 73 74 75 76 77 65 66 67 68 69 5 18 31 44 57 70 97 110 123 136 149 162 175 70
97 98 99 100 101 102 103 91 92 93 94 95 96 5 18 31 44 57 70 97 110 123 136 149 162 175 97
110 111 112 113 114 115 116 104 105 106 107 108 109 5 18 31 44 57 70 97 110 123 136 149 162 175 110
123 124 125 126 127 128 129 117 118 119 120 121 122 5 18 31 44 57 70 97 110 123 136 149 162 175 123
136 137 138 139 140 141 142 130 131 132 133 134 135 5 18 31 44 57 70 97 110 123 136 149 162 175 136
149 150 151 152 153 154 155 143 144 145 146 147 148 5 18 31 44 57 70 97 110 123 136 149 162 175 149
162 163 164 165 166 167 168 156 157 158 159 160 161 5 18 31 44 57 70 97 110 123 136 149 162 175 162
175 176 177 178 179 180 181 169 170 171 172 173 174 5 18 31 44 57 70 97 110 123 136 149 162 175 175
6 7 8 9 10 11 12 0 1 2 3 4 5 6 19 32 45 58 71 84 111 124 137 150 163 176 6
19 20 21 22 23 24 25 13 14 15 16 17 18 6 19 32 45 58 71 84 111 124 137 150 163 176 19
32 33 34 35 36 37 38 26 27 28 29 30 31 6 19 32 45 58 71 84 111 124 137 150 163 176 32
45 46 47 48 49 50 51 39 40 41 42 43 44 6 19 32 45 58 71 84 111 124 137 150 163 176 45
58 59 60 61 62 63 64 52 53 54 55 56 57 6 19 32 45 58 71 84 111 124 137 150 163 176 58
71 72 73 74 75 76 77 65 66 67 68 69 70 6 19 32 45 58 71 84 111 124 137 150 163 176 71
84 85 86 87 88 89 90 78 79 80 81 82 83 6 19 32 45 58 71 84 111 124 137 150 163 176 84
111 112 113 114 115 116 104 105 106 107 108 109 110 6 19 32 45 58 71 84 111 124 137 150 163 176 111
124 125 126 127 128 129 117 118 119 120 121 122 123 6 19 32 45 58 71 84 111 124 137 150 163 176 124
137 138 139 140 141 142 130 131 132 133 134 135 136 6 19 32 45 58 71 84 111 124 137 150 163 176 137
150 151 152 153 154 155 143 144 145 146 147 148 149 6 19 32 45 58 71 84 111 124 137 150 163 176 150
163 164 165 166 167 168 156 157 158 159 160 161 162 6 19 32 45 58 71 84 111 124 137 150 163 176 163
176 177 178 179 180 181 169 170 171 172 173 174 175 6 19 32 45 58 71 84 111 124 137 150 163 176 176
7 8 9 10 11 12 0 1 2 3 4 5 6 7 20 33 46 59 72 85 98 125 138 151 164 177 7
20 21 22 23 24 25 13 14 15 16 17 18 19 7 20 33 46 59 72 85 98 125 138 151 164 177 20
33 34 35 36 37 38 26 27 28 29 30 31 32 7 20 33 46 59 72 85 98 125 138 151 164 177 33
46 47 48 49 50 51 39 40 41 42 43 44 45 7 20 33 46 59 72 85 98 125 138 151 164 177 46
59 60 61 62 63 64 52 53 54 55 56 57 58 7 20 33 46 59 72 85 98 125 138 151 164 177 59
72 73 74 75 76 77 65 66 67 68 69 70 71 7 20 33 46 59 72 85 98 125 138 151 164 177 72
85 86 87 88 89 90 78 79 80 81 82 83 84 7 20 33 46 59 72 85 98 125 138 151 164 177 85
98 99 100 101 102 103 91 92 93 94 95 96 97 7 20 33 46 59 72 85 98 125 138 151 164 177 98
125 126 127 128 129 117 118 119 120 121 122 123 124 7 20 33 46 59 72 85 98 125 138 151 164 177 125
138 139 140 141 142 130 131 132 133 134 135 136 137 7 20 33 46 59 72 85 98 125 138 151 164 177 138
151 152 153 154 155 143 144 145 146 147 148 149 150 7 20 33 46 59 72 85 98 125 138 151 164 177 151
164 165 166 167 168 156 157 158 159 160 161 162 163 7 20 33 46 59 72 85 98 125 138 151 164 177 164
177 178 179 180 181 169 170 171 172 173 174 175 176 7 20 33 46 59 72 85 98 125 138 151 164 177 177
8 9 10 11 12 0 1 2 3 4 5 6 7 8 21 34 47 60 73 86 99 112 139 152 165 178 8
21 22 23 24 25 13 14 15 16 17 18 19 20 8 21 34 47 60 73 86 99 112 139 152 165 178 21
34 35 36 37 38 26 27 28 29 30 31 32 33 8 21 34 47 60 73 86 99 112 139 152 165 178 34
47 48 49 50 51 39 40 41 42 43 44 45 46 8 21 34 47 60 73 86 99 112 139 152 165 178 47
60 61 62 63 64 52 53 54 55 56 57 58 59 8 21 34 47 60 73 86 99 112 139 152 165 178 60
73 74 75 76 77 65 66 67 68 69 70 71 72 8 21 34 47 60 73 86 99 112 139 152 165 178 73
86 87 88 89 90 78 79 80 81 82 83 84 85 8 21 34 47 60 73 86 99 112 139 152 165 178 86
99 100 101 102 103 91 92 93 94 95 96 97 98 8 21 34 47 60 73 86 99 112 139 152 165 178 99
112 113 114 115 116 104 105 106 107 108 109 110 111 8 21 34 47 60 73 86 99 112 139 152 165 178 112
139 140 141 142 130 131 132 133 134 135 136 137 138 8 21 34 47 60 73 86 99 112 139 152 165 178 139
152 153 154 155 143 144 145 146 147 148 149 150 151 8 21 34 47 60 73 86 99 112 139 152 165 178 152
165 166 167 168 156 157 158 159 160 161 162 163 164 8 21 34 47 60 73 86 99 112 139 152 165 178 165
178 179 180 181 169 170 171 172 173 174 175 176 177 8 21 34 47 60 73 86 99 112 139 152 165 178 178
9 10 11 12 0 1 2 3 4 5 6 7 8 9 22 35 48 61 74 87 100 113 126 153 166 179 9
22 23 24 25 13 14 15 16 17 18 19 20 21 9 22 35 48 61 74 87 100 113 126 153 166 179 22
35 36 37 38 26 27 28 29 30 31 32 33 34 9 22 35 48 61 74 87 100 113 126 153 166 179 35
48 49 50 51 39 40 41 42 43 44 45 46 47 9 22 35 48 61 74 87 100 113 126 153 166 179 48
61 62 63 64 52 53 54 55 56 57 58 59 60 9 22 35 48 61 74 87 100 113 126 153 166 179 61
74 75 76 77 65 66 67 68 69 70 71 72 73 9 22 35 48 61 74 87 100 113 126 153 166 179 74
87 88 89 90 78 79 80 81 82 83 84 85 86 9 22 35 48 61 74 87 100 113 126 153 166 179 87
100 101 102 103 91 92 93 94 95 96 97 98 99 9 22 35 48 61 74 87 100 113 126 153 166 179 100
113 114 115 116 104 105 106 107 108 109 110 111 112 9 22 35 48 61 74 87 100 113 126 153 166 179 113
126 127 128 129 117 118 119 120 121 122 123 124 125 9 22 35 48 61 74 87 100 113 126 153 166 179 126
153 154 155 143 144 145 146 147 148 149 150 151 152 9 22 35 48 61 74 87 100 113 126 153 166 179 153
166 167 168 156 157 158 159 160 161 162 163 164 165 9 22 35 48 61 74 87 100 113 126 153 166 179 166
179 180 181 169 170 171 172 173 174 175 176 177 178 9 22 35 48 61 74 87 100 113 126 153 166 179 179
10 11 12 0 1 2 3 4 5 6 7 8 9 10 23 36 49 62 75 88 101 114 127 140 167 180 10
23 24 25 13 14 15 16 17 18 19 20 21 22 10 23 36 49 62 75 88 101 114 127 140 167 180 23
36 37 38 26 27 28 29 30 31 32 33 34 35 10 23 36 49 62 75 88 101 114 127 140 167 180 36
49 50 51 39 40 41 42 43 44 45 46 47 48 10 23 36 49 62 75 88 101 114 127 140 167 180 49
62 63 64 52 53 54 55 56 57 58 59 60 61 10 23 36 49 62 75 88 101 114 127 140 167 180 62
75 76 77 65 66 67 68 69 70 71 72 73 74 10 23 36 49 62 75 88 101 114 127 140 167 180 75
88 89 90 78 79 80 81 82 83 84 85 86 87 10 23 36 49 62 75 88 101 114 127 140 167 180 88
101 102 103 91 92 93 94 95 96 97 98 99 100 10 23 36 49 62 75 88 101 114 127 140 167 180 101
114 115 116 104 105 106 107 108 109 110 111 112 113 10 23 36 49 62 75 88 101 114 127 140 167 180 114
127 128 129 117 118 119 120 121 122 123 124 125 126 10 23 36 49 62 75 88 101 114 127 140 167 180 127
140 141 142 130 131 132 133 134 135 136 137 138 139 10 23 36 49 62 75 88 101 114 127 140 167 180 140
167 168 156 157 158 159 160 161 162 163 164 165 166 10 23 36 49 62 75 88 101 114 127 140 167 180 167
180 181 169 170 171 172 173 174 175 176 177 178 179 10 23 36 49 62 75 88 101 114 127 140 167 180 180
11 12 0 1 2 3 4 5 6 7 8 9 10 11 24 37 50 63 76 89 102 115 128 141 154 181 11
24 25 13 14 15 16 17 18 19 20 21 22 23 11 24 37 50 63 76 89 102 115 128 141 154 181 24
37 38 26 27 28 29 30 31 32 33 34 35 36 11 24 37 50 63 76 89 102 115 128 141 154 181 37
50 51 39 40 41 42 43 44 45 46 47 48 49 11 24 37 50 63 76 89 102 115 128 141 154 181 50
63 64 52 53 54 55 56 57 58 59 60 61 62 11 24 37 50 63 76 89 102 115 128 141 154 181 63
76 77 65 66 67 68 69 70 71 72 73 74 75 11 24 37 50 63 76 89 102 115 128 141 154 181 76
89 90 78 79 80 81 82 83 84 85 86 87 88 11 24 37 50 63 76 89 102 115 128 141 154 181 89
102 103 91 92 93 94 95 96 97 98 99 100 101 11 24 37 50 63 76 89 102 115 128 141 154 181 102
115 116 104 105 106 107 108 109 110 111 112 113 114 11 24 37 50 63 76 89 102 115 128 141 154 181 115
128 129 117 118 119 120 121 122 123 124 125 126 127 11 24 37 50 63 76 89 102 115 128 141 154 181 128
141 142 130 131 132 133 134 135 136 137 138 139 140 11 24 37 50 63 76 89 102 115 128 141 154 181 141
154 155 143 144 145 146 147 148 149 150 151 152 153 11 24 37 50 63 76 89 102 115 128 141 154 181 154
181 169 170 171 172 173 174 175 176 177 178 179 180 11 24 37 50 63 76 89 102 115 128 141 154 181 181
12 0 1 2 3 4 5 6 7 8 9 10 11 12 25 38 51 64 77 90 103 116 129 142 155 168 12
25 13 14 15 16 17 18 19 20 21 22 23 24 12 25 38 51 64 77 90 103 116 129 142 155 168 25
38 26 27 28 29 30 31 32 33 34 35 36 37 12 25 38 51 64 77 90 103 116 129 142 155 168 38
51 39 40 41 42 43 44 45 46 47 48 49 50 12 25 38 51 64 77 90 103 116 129 142 155 168 51
64 52 53 54 55 56 57 58 59 60 61 62 63 12 25 38 51 64 77 90 103 116 129 142 155 168 64
77 65 66 67 68 69 70 71 72 73 74 75 76 12 25 38 51 64 77 90 103 116 129 142 155 168 77
90 78 79 80 81 82 83 84 85 86 87 88 89 12 25 38 51 64 77 90 103 116 129 142 155 168 90
103 91 92 93 94 95 96 97 98 99 100 101 102 12 25 38 51 64 77 90 103 116 129 142 155 168 103
116 104 105 106 107 108 109 110 111 112 113 114 115 12 25 38 51 64 77 90 103 116 129 142 155 168 116
129 117 118 119 120 121 122 123 124 125 126 127 128 12 25 38 51 64 77 90 103 116 129 142 155 168 129
142 130 131 132 133 134 135 136 137 138 139 140 141 12 25 38 51 64 77 90 103 116 129 142 155 168 142
155 143 144 145 146 147 148 149 150 151 152 153 154 12 25 38 51 64 77 90 103 116 129 142 155 168 155
168 156 157 158 159 160 161 162 163 164 165 166 167 12 25 38 51 64 77 90 103 116 129 142 155 168 168
