5 6 7 8 9 5 10 15 20 25 5
10 11 12 13 14 5 10 15 20 25 10
15 16 17 18 19 5 10 15 20 25 15
20 21 22 23 24 5 10 15 20 25 20
25 26 27 28 29 5 10 15 20 25 25
0 1 2 3 4 0 11 16 21 26 0
11 12 13 14 10 0 11 16 21 26 11
16 17 18 19 15 0 11 16 21 26 16
21 22 23 24 20 0 11 16 21 26 21
26 27 28 29 25 0 11 16 21 26 26
1 2 3 4 0 1 6 17 22 27 1
6 7 8 9 5 1 6 17 22 27 6
17 18 19 15 16 1 6 17 22 27 17
22 23 24 20 21 1 6 17 22 27 22
27 28 29 25 26 1 6 17 22 27 27
2 3 4 0 1 2 7 12 23 28 2
7 8 9 5 6 2 7 12 23 28 7
12 13 14 10 11 2 7 12 23 28 12
23 24 20 21 22 2 7 12 23 28 23
28 29 25 26 27 2 7 12 23 28 28
3 4 0 1 2 3 8 13 18 29 3
8 9 5 6 7 3 8 13 18 29 8
13 14 10 11 12 3 8 13 18 29 13
18 19 15 16 17 3 8 13 18 29 18
29 25 26 27 28 3 8 13 18 29 29
4 0 1 2 3 4 9 14 19 24 4
9 5 6 7 8 4 9 14 19 24 9
14 10 11 12 13 4 9 14 19 24 14
19 15 16 17 18 4 9 14 19 24 19
24 20 21 22 23 4 9 14 19 24 24
