6 7 8 9 10 11 6 12 18 24 30 36 6
12 13 14 15 16 17 6 12 18 24 30 36 12
18 19 20 21 22 23 6 12 18 24 30 36 18
24 25 26 27 28 29 6 12 18 24 30 36 24
30 31 32 33 34 35 6 12 18 24 30 36 30
36 37 38 39 40 41 6 12 18 24 30 36 36
0 1 2 3 4 5 0 13 19 25 31 37 0
13 14 15 16 17 12 0 13 19 25 31 37 13
19 20 21 22 23 18 0 13 19 25 31 37 19
25 26 27 28 29 24 0 13 19 25 31 37 25
31 32 33 34 35 30 0 13 19 25 31 37 31
37 38 39 40 41 36 0 13 19 25 31 37 37
1 2 3 4 5 0 1 7 20 26 32 38 1
7 8 9 10 11 6 1 7 20 26 32 38 7
20 21 22 23 18 19 1 7 20 26 32 38 20
26 27 28 29 24 25 1 7 20 26 32 38 26
32 33 34 35 30 31 1 7 20 26 32 38 32
38 39 40 41 36 37 1 7 20 26 32 38 38
2 3 4 5 0 1 2 8 14 27 33 39 2
8 9 10 11 6 7 2 8 14 27 33 39 8
14 15 16 17 12 13 2 8 14 27 33 39 14
27 28 29 24 25 26 2 8 14 27 33 39 27
33 34 35 30 31 32 2 8 14 27 33 39 33
39 40 41 36 37 38 2 8 14 27 33 39 39
3 4 5 0 1 2 3 9 15 21 34 40 3
9 10 11 6 7 8 3 9 15 21 34 40 9
15 16 17 12 13 14 3 9 15 21 34 40 15
21 22 23 18 19 20 3 9 15 21 34 40 21
34 35 30 31 32 33 3 9 15 21 34 40 34
40 41 36 37 38 39 3 9 15 21 34 40 40
4 5 0 1 2 3 4 10 16 22 28 41 4
10 11 6 7 8 9 4 10 16 22 28 41 10
16 17 12 13 14 15 4 10 16 22 28 41 16
22 23 18 19 20 21 4 10 16 22 28 41 22
28 29 24 25 26 27 4 10 16 22 28 41 28
41 36 37 38 39 40 4 10 16 22 28 41 41
5 0 1 2 3 4 5 11 17 23 29 35 5
11 6 7 8 9 10 5 11 17 23 29 35 11
17 12 13 14 15 16 5 11 17 23 29 35 17
23 18 19 20 21 22 5 11 17 23 29 35 23
29 24 25 26 27 28 5 11 17 23 29 35 29
35 30 31 32 33 34 5 11 17 23 29 35 35
