9 10 11 12 13 14 15 16 17 9 18 27 36 45 54 63 72 81 9
18 19 20 21 22 23 24 25 26 9 18 27 36 45 54 63 72 81 18
27 28 29 30 31 32 33 34 35 9 18 27 36 45 54 63 72 81 27
36 37 38 39 40 41 42 43 44 9 18 27 36 45 54 63 72 81 36
45 46 47 48 49 50 51 52 53 9 18 27 36 45 54 63 72 81 45
54 55 56 57 58 59 60 61 62 9 18 27 36 45 54 63 72 81 54
63 64 65 66 67 68 69 70 71 9 18 27 36 45 54 63 72 81 63
72 73 74 75 76 77 78 79 80 9 18 27 36 45 54 63 72 81 72
81 82 83 84 85 86 87 88 89 9 18 27 36 45 54 63 72 81 81
0 1 2 3 4 5 6 7 8 0 19 28 37 46 55 64 73 82 0
19 20 21 22 23 24 25 26 18 0 19 28 37 46 55 64 73 82 19
28 29 30 31 32 33 34 35 27 0 19 28 37 46 55 64 73 82 28
37 38 39 40 41 42 43 44 36 0 19 28 37 46 55 64 73 82 37
46 47 48 49 50 51 52 53 45 0 19 28 37 46 55 64 73 82 46
55 56 57 58 59 60 61 62 54 0 19 28 37 46 55 64 73 82 55
64 65 66 67 68 69 70 71 63 0 19 28 37 46 55 64 73 82 64
73 74 75 76 77 78 79 80 72 0 19 28 37 46 55 64 73 82 73
82 83 84 85 86 87 88 89 81 0 19 28 37 46 55 64 73 82 82
1 2 3 4 5 6 7 8 0 1 10 29 38 47 56 65 74 83 1
10 11 12 13 14 15 16 17 9 1 10 29 38 47 56 65 74 83 10
29 30 31 32 33 34 35 27 28 1 10 29 38 47 56 65 74 83 29
38 39 40 41 42 43 44 36 37 1 10 29 38 47 56 65 74 83 38
47 48 49 50 51 52 53 45 46 1 10 29 38 47 56 65 74 83 47
56 57 58 59 60 61 62 54 55 1 10 29 38 47 56 65 74 83 56
65 66 67 68 69 70 71 63 64 1 10 29 38 47 56 65 74 83 65
74 75 76 77 78 79 80 72 73 1 10 29 38 47 56 65 74 83 74
83 84 85 86 87 88 89 81 82 1 10 29 38 47 56 65 74 83 83
2 3 4 5 6 7 8 0 1 2 11 20 39 48 57 66 75 84 2
11 12 13 14 15 16 17 9 10 2 11 20 39 48 57 66 75 84 11
20 21 22 23 24 25 26 18 19 2 11 20 39 48 57 66 75 84 20
39 40 41 42 43 44 36 37 38 2 11 20 39 48 57 66 75 84 39
48 49 50 51 52 53 45 46 47 2 11 20 39 48 57 66 75 84 48
57 58 59 60 61 62 54 55 56 2 11 20 39 48 57 66 75 84 57
66 67 68 69 70 71 63 64 65 2 11 20 39 48 57 66 75 84 66
75 76 77 78 79 80 72 73 74 2 11 20 39 48 57 66 75 84 75
84 85 86 87 88 89 81 82 83 2 11 20 39 48 57 66 75 84 84
3 4 5 6 7 8 0 1 2 3 12 21 30 49 58 67 76 85 3
12 13 14 15 16 17 9 10 11 3 12 21 30 49 58 67 76 85 12
21 22 23 24 25 26 18 19 20 3 12 21 30 49 58 67 76 85 21
30 31 32 33 34 35 27 28 29 3 12 21 30 49 58 67 76 85 30
49 50 51 52 53 45 46 47 48 3 12 21 30 49 58 67 76 85 49
58 59 60 61 62 54 55 56 57 3 12 21 30 49 58 67 76 85 58
67 68 69 70 71 63 64 65 66 3 12 21 30 49 58 67 76 85 67
76 77 78 79 80 72 73 74 75 3 12 21 30 49 58 67 76 85 76
85 86 87 88 89 81 82 83 84 3 12 21 30 49 58 67 76 85 85
4 5 6 7 8 0 1 2 3 4 13 22 31 40 59 68 77 86 4
13 14 15 16 17 9 10 11 12 4 13 22 31 40 59 68 77 86 13
22 23 24 25 26 18 19 20 21 4 13 22 31 40 59 68 77 86 22
31 32 33 34 35 27 28 29 30 4 13 22 31 40 59 68 77 86 31
40 41 42 43 44 36 37 38 39 4 13 22 31 40 59 68 77 86 40
59 60 61 62 54 55 56 57 58 4 13 22 31 40 59 68 77 86 59
68 69 70 71 63 64 65 66 67 4 13 22 31 40 59 68 77 86 68
77 78 79 80 72 73 74 75 76 4 13 22 31 40 59 68 77 86 77
86 87 88 89 81 82 83 84 85 4 13 22 31 40 59 68 77 86 86
5 6 7 8 0 1 2 3 4 5 14 23 32 41 50 69 78 87 5
14 15 16 17 9 10 11 12 13 5 14 23 32 41 50 69 78 87 14
23 24 25 26 18 19 20 21 22 5 14 23 32 41 50 69 78 87 23
32 33 34 35 27 28 29 30 31 5 14 23 32 41 50 69 78 87 32
41 42 43 44 36 37 38 39 40 5 14 23 32 41 50 69 78 87 41
50 51 52 53 45 46 47 48 49 5 14 23 32 41 50 69 78 87 50
69 70 71 63 64 65 66 67 68 5 14 23 32 41 50 69 78 87 69
78 79 80 72 73 74 75 76 77 5 14 23 32 41 50 69 78 87 78
87 88 89 81 82 83 84 85 86 5 14 23 32 41 50 69 78 87 87
6 7 8 0 1 2 3 4 5 6 15 24 33 42 51 60 79 88 6
15 16 17 9 10 11 12 13 14 6 15 24 33 42 51 60 79 88 15
24 25 26 18 19 20 21 22 23 6 15 24 33 42 51 60 79 88 24
33 34 35 27 28 29 30 31 32 6 15 24 33 42 51 60 79 88 33
42 43 44 36 37 38 39 40 41 6 15 24 33 42 51 60 79 88 42
51 52 53 45 46 47 48 49 50 6 15 24 33 42 51 60 79 88 51
60 61 62 54 55 56 57 58 59 6 15 24 33 42 51 60 79 88 60
79 80 72 73 74 75 76 77 78 6 15 24 33 42 51 60 79 88 79
88 89 81 82 83 84 85 86 87 6 15 24 33 42 51 60 79 88 88
7 8 0 1 2 3 4 5 6 7 16 25 34 43 52 61 70 89 7
16 17 9 10 11 12 13 14 15 7 16 25 34 43 52 61 70 89 16
25 26 18 19 20 21 22 23 24 7 16 25 34 43 52 61 70 89 25
34 35 27 28 29 30 31 32 33 7 16 25 34 43 52 61 70 89 34
43 44 36 37 38 39 40 41 42 7 16 25 34 43 52 61 70 89 43
52 53 45 46 47 48 49 50 51 7 16 25 34 43 52 61 70 89 52
61 62 54 55 56 57 58 59 60 7 16 25 34 43 52 61 70 89 61
70 71 63 64 65 66 67 68 69 7 16 25 34 43 52 61 70 89 70
89 81 82 83 84 85 86 87 88 7 16 25 34 43 52 61 70 89 89
8 0 1 2 3 4 5 6 7 8 17 26 35 44 53 62 71 80 8
17 9 10 11 12 13 14 15 16 8 17 26 35 44 53 62 71 80 17
26 18 19 20 21 22 23 24 25 8 17 26 35 44 53 62 71 80 26
35 27 28 29 30 31 32 33 34 8 17 26 35 44 53 62 71 80 35
44 36 37 38 39 40 41 42 43 8 17 26 35 44 53 62 71 80 44
53 45 46 47 48 49 50 51 52 8 17 26 35 44 53 62 71 80 53
62 54 55 56 57 58 59 60 61 8 17 26 35 44 53 62 71 80 62
71 63 64 65 66 67 68 69 70 8 17 26 35 44 53 62 71 80 71
80 72 73 74 75 76 77 78 79 8 17 26 35 44 53 62 71 80 80
