0:	12 24 36 48 60 72 84 96 108 120 132 144 
1:	24 36 48 60 72 84 96 108 120 132 144 12 
2:	36 48 60 72 84 96 108 120 132 144 12 24 
3:	48 60 72 84 96 108 120 132 144 12 24 36 
4:	60 72 84 96 108 120 132 144 12 24 36 48 
5:	72 84 96 108 120 132 144 12 24 36 48 60 
6:	84 96 108 120 132 144 12 24 36 48 60 72 
7:	96 108 120 132 144 12 24 36 48 60 72 84 
8:	108 120 132 144 12 24 36 48 60 72 84 96 
9:	120 132 144 12 24 36 48 60 72 84 96 108 
10:	132 144 12 24 36 48 60 72 84 96 108 120 
11:	144 12 24 36 48 60 72 84 96 108 120 132 
12:	0 25 37 49 61 73 85 97 109 121 133 145 
13:	25 37 49 61 73 85 97 109 121 133 145 0 
14:	37 49 61 73 85 97 109 121 133 145 0 25 
15:	49 61 73 85 97 109 121 133 145 0 25 37 
16:	61 73 85 97 109 121 133 145 0 25 37 49 
17:	73 85 97 109 121 133 145 0 25 37 49 61 
18:	85 97 109 121 133 145 0 25 37 49 61 73 
19:	97 109 121 133 145 0 25 37 49 61 73 85 
20:	109 121 133 145 0 25 37 49 61 73 85 97 
21:	121 133 145 0 25 37 49 61 73 85 97 109 
22:	133 145 0 25 37 49 61 73 85 97 109 121 
23:	145 0 25 37 49 61 73 85 97 109 121 133 
24:	1 13 38 50 62 74 86 98 110 122 134 146 
25:	13 38 50 62 74 86 98 110 122 134 146 1 
26:	38 50 62 74 86 98 110 122 134 146 1 13 
27:	50 62 74 86 98 110 122 134 146 1 13 38 
28:	62 74 86 98 110 122 134 146 1 13 38 50 
29:	74 86 98 110 122 134 146 1 13 38 50 62 
30:	86 98 110 122 134 146 1 13 38 50 62 74 
31:	98 110 122 134 146 1 13 38 50 62 74 86 
32:	110 122 134 146 1 13 38 50 62 74 86 98 
33:	122 134 146 1 13 38 50 62 74 86 98 110 
34:	134 146 1 13 38 50 62 74 86 98 110 122 
35:	146 1 13 38 50 62 74 86 98 110 122 134 
36:	2 14 26 51 63 75 87 99 111 123 135 147 
37:	14 26 51 63 75 87 99 111 123 135 147 2 
38:	26 51 63 75 87 99 111 123 135 147 2 14 
39:	51 63 75 87 99 111 123 135 147 2 14 26 
40:	63 75 87 99 111 123 135 147 2 14 26 51 
41:	75 87 99 111 123 135 147 2 14 26 51 63 
42:	87 99 111 123 135 147 2 14 26 51 63 75 
43:	99 111 123 135 147 2 14 26 51 63 75 87 
44:	111 123 135 147 2 14 26 51 63 75 87 99 
45:	123 135 147 2 14 26 51 63 75 87 99 111 
46:	135 147 2 14 26 51 63 75 87 99 111 123 
47:	147 2 14 26 51 63 75 87 99 111 123 135 
48:	3 15 27 39 64 76 88 100 112 124 136 148 
49:	15 27 39 64 76 88 100 112 124 136 148 3 
50:	27 39 64 76 88 100 112 124 136 148 3 15 
51:	39 64 76 88 100 112 124 136 148 3 15 27 
52:	64 76 88 100 112 124 136 148 3 15 27 39 
53:	76 88 100 112 124 136 148 3 15 27 39 64 
54:	88 100 112 124 136 148 3 15 27 39 64 76 
55:	100 112 124 136 148 3 15 27 39 64 76 88 
56:	112 124 136 148 3 15 27 39 64 76 88 100 
57:	124 136 148 3 15 27 39 64 76 88 100 112 
58:	136 148 3 15 27 39 64 76 88 100 112 124 
59:	148 3 15 27 39 64 76 88 100 112 124 136 
60:	4 16 28 40 52 77 89 101 113 125 137 149 
61:	16 28 40 52 77 89 101 113 125 137 149 4 
62:	28 40 52 77 89 101 113 125 137 149 4 16 
63:	40 52 77 89 101 113 125 137 149 4 16 28 
64:	52 77 89 101 113 125 137 149 4 16 28 40 
65:	77 89 101 113 125 137 149 4 16 28 40 52 
66:	89 101 113 125 137 149 4 16 28 40 52 77 
67:	101 113 125 137 149 4 16 28 40 52 77 89 
68:	113 125 137 149 4 16 28 40 52 77 89 101 
69:	125 137 149 4 16 28 40 52 77 89 101 113 
70:	137 149 4 16 28 40 52 77 89 101 113 125 
71:	149 4 16 28 40 52 77 89 101 113 125 137 
72:	5 17 29 41 53 65 90 102 114 126 138 150 
73:	17 29 41 53 65 90 102 114 126 138 150 5 
74:	29 41 53 65 90 102 114 126 138 150 5 17 
75:	41 53 65 90 102 114 126 138 150 5 17 29 
76:	53 65 90 102 114 126 138 150 5 17 29 41 
77:	65 90 102 114 126 138 150 5 17 29 41 53 
78:	90 102 114 126 138 150 5 17 29 41 53 65 
79:	102 114 126 138 150 5 17 29 41 53 65 90 
80:	114 126 138 150 5 17 29 41 53 65 90 102 
81:	126 138 150 5 17 29 41 53 65 90 102 114 
82:	138 150 5 17 29 41 53 65 90 102 114 126 
83:	150 5 17 29 41 53 65 90 102 114 126 138 
84:	6 18 30 42 54 66 78 103 115 127 139 151 
85:	18 30 42 54 66 78 103 115 127 139 151 6 
86:	30 42 54 66 78 103 115 127 139 151 6 18 
87:	42 54 66 78 103 115 127 139 151 6 18 30 
88:	54 66 78 103 115 127 139 151 6 18 30 42 
89:	66 78 103 115 127 139 151 6 18 30 42 54 
90:	78 103 115 127 139 151 6 18 30 42 54 66 
91:	103 115 127 139 151 6 18 30 42 54 66 78 
92:	115 127 139 151 6 18 30 42 54 66 78 103 
93:	127 139 151 6 18 30 42 54 66 78 103 115 
94:	139 151 6 18 30 42 54 66 78 103 115 127 
95:	151 6 18 30 42 54 66 78 103 115 127 139 
96:	7 19 31 43 55 67 79 91 116 128 140 152 
97:	19 31 43 55 67 79 91 116 128 140 152 7 
98:	31 43 55 67 79 91 116 128 140 152 7 19 
99:	43 55 67 79 91 116 128 140 152 7 19 31 
100:	55 67 79 91 116 128 140 152 7 19 31 43 
101:	67 79 91 116 128 140 152 7 19 31 43 55 
102:	79 91 116 128 140 152 7 19 31 43 55 67 
103:	91 116 128 140 152 7 19 31 43 55 67 79 
104:	116 128 140 152 7 19 31 43 55 67 79 91 
105:	128 140 152 7 19 31 43 55 67 79 91 116 
106:	140 152 7 19 31 43 55 67 79 91 116 128 
107:	152 7 19 31 43 55 67 79 91 116 128 140 
108:	8 20 32 44 56 68 80 92 104 129 141 153 
109:	20 32 44 56 68 80 92 104 129 141 153 8 
110:	32 44 56 68 80 92 104 129 141 153 8 20 
111:	44 56 68 80 92 104 129 141 153 8 20 32 
112:	56 68 80 92 104 129 141 153 8 20 32 44 
113:	68 80 92 104 129 141 153 8 20 32 44 56 
114:	80 92 104 129 141 153 8 20 32 44 56 68 
115:	92 104 129 141 153 8 20 32 44 56 68 80 
116:	104 129 141 153 8 20 32 44 56 68 80 92 
117:	129 141 153 8 20 32 44 56 68 80 92 104 
118:	141 153 8 20 32 44 56 68 80 92 104 129 
119:	153 8 20 32 44 56 68 80 92 104 129 141 
120:	9 21 33 45 57 69 81 93 105 117 142 154 
121:	21 33 45 57 69 81 93 105 117 142 154 9 
122:	33 45 57 69 81 93 105 117 142 154 9 21 
123:	45 57 69 81 93 105 117 142 154 9 21 33 
124:	57 69 81 93 105 117 142 154 9 21 33 45 
125:	69 81 93 105 117 142 154 9 21 33 45 57 
126:	81 93 105 117 142 154 9 21 33 45 57 69 
127:	93 105 117 142 154 9 21 33 45 57 69 81 
128:	105 117 142 154 9 21 33 45 57 69 81 93 
129:	117 142 154 9 21 33 45 57 69 81 93 105 
130:	142 154 9 21 33 45 57 69 81 93 105 117 
131:	154 9 21 33 45 57 69 81 93 105 117 142 
132:	10 22 34 46 58 70 82 94 106 118 130 155 
133:	22 34 46 58 70 82 94 106 118 130 155 10 
134:	34 46 58 70 82 94 106 118 130 155 10 22 
135:	46 58 70 82 94 106 118 130 155 10 22 34 
136:	58 70 82 94 106 118 130 155 10 22 34 46 
137:	70 82 94 106 118 130 155 10 22 34 46 58 
138:	82 94 106 118 130 155 10 22 34 46 58 70 
139:	94 106 118 130 155 10 22 34 46 58 70 82 
140:	106 118 130 155 10 22 34 46 58 70 82 94 
141:	118 130 155 10 22 34 46 58 70 82 94 106 
142:	130 155 10 22 34 46 58 70 82 94 106 118 
143:	155 10 22 34 46 58 70 82 94 106 118 130 
144:	11 23 35 47 59 71 83 95 107 119 131 143 
145:	23 35 47 59 71 83 95 107 119 131 143 11 
146:	35 47 59 71 83 95 107 119 131 143 11 23 
147:	47 59 71 83 95 107 119 131 143 11 23 35 
148:	59 71 83 95 107 119 131 143 11 23 35 47 
149:	71 83 95 107 119 131 143 11 23 35 47 59 
150:	83 95 107 119 131 143 11 23 35 47 59 71 
151:	95 107 119 131 143 11 23 35 47 59 71 83 
152:	107 119 131 143 11 23 35 47 59 71 83 95 
153:	119 131 143 11 23 35 47 59 71 83 95 107 
154:	131 143 11 23 35 47 59 71 83 95 107 119 
155:	143 11 23 35 47 59 71 83 95 107 119 131 
0	12	24	36	48	60	72	84	96	108	120	132	144	25	37	49	61	73	85	97	109	121	133	145	1	13	38	50	62	74	86	98	110	122	134	146	2	14	26	51	63	75	87	99	111	123	135	147	3	15	27	39	64	76	88	100	112	124	136	148	4	16	28	40	52	77	89	101	113	125	137	149	5	17	29	41	53	65	90	102	114	126	138	150	6	18	30	42	54	66	78	103	115	127	139	151	7	19	31	43	55	67	79	91	116	128	140	152	8	20	32	44	56	68	80	92	104	129	141	153	9	21	33	45	57	69	81	93	105	117	142	154	10	22	34	46	58	70	82	94	106	118	130	155	11	23	35	47	59	71	83	95	107	119	131	143	
1	24	36	48	60	72	84	96	108	120	132	144	12	13	38	50	62	74	86	98	110	122	134	146	2	14	26	51	63	75	87	99	111	123	135	147	3	15	27	39	64	76	88	100	112	124	136	148	4	16	28	40	52	77	89	101	113	125	137	149	5	17	29	41	53	65	90	102	114	126	138	150	6	18	30	42	54	66	78	103	115	127	139	151	7	19	31	43	55	67	79	91	116	128	140	152	8	20	32	44	56	68	80	92	104	129	141	153	9	21	33	45	57	69	81	93	105	117	142	154	10	22	34	46	58	70	82	94	106	118	130	155	11	23	35	47	59	71	83	95	107	119	131	143	0	25	37	49	61	73	85	97	109	121	133	145	
2	36	48	60	72	84	96	108	120	132	144	12	24	14	26	51	63	75	87	99	111	123	135	147	3	15	27	39	64	76	88	100	112	124	136	148	4	16	28	40	52	77	89	101	113	125	137	149	5	17	29	41	53	65	90	102	114	126	138	150	6	18	30	42	54	66	78	103	115	127	139	151	7	19	31	43	55	67	79	91	116	128	140	152	8	20	32	44	56	68	80	92	104	129	141	153	9	21	33	45	57	69	81	93	105	117	142	154	10	22	34	46	58	70	82	94	106	118	130	155	11	23	35	47	59	71	83	95	107	119	131	143	0	25	37	49	61	73	85	97	109	121	133	145	1	13	38	50	62	74	86	98	110	122	134	146	
3	48	60	72	84	96	108	120	132	144	12	24	36	15	27	39	64	76	88	100	112	124	136	148	4	16	28	40	52	77	89	101	113	125	137	149	5	17	29	41	53	65	90	102	114	126	138	150	6	18	30	42	54	66	78	103	115	127	139	151	7	19	31	43	55	67	79	91	116	128	140	152	8	20	32	44	56	68	80	92	104	129	141	153	9	21	33	45	57	69	81	93	105	117	142	154	10	22	34	46	58	70	82	94	106	118	130	155	11	23	35	47	59	71	83	95	107	119	131	143	0	25	37	49	61	73	85	97	109	121	133	145	1	13	38	50	62	74	86	98	110	122	134	146	2	14	26	51	63	75	87	99	111	123	135	147	
4	60	72	84	96	108	120	132	144	12	24	36	48	16	28	40	52	77	89	101	113	125	137	149	5	17	29	41	53	65	90	102	114	126	138	150	6	18	30	42	54	66	78	103	115	127	139	151	7	19	31	43	55	67	79	91	116	128	140	152	8	20	32	44	56	68	80	92	104	129	141	153	9	21	33	45	57	69	81	93	105	117	142	154	10	22	34	46	58	70	82	94	106	118	130	155	11	23	35	47	59	71	83	95	107	119	131	143	0	25	37	49	61	73	85	97	109	121	133	145	1	13	38	50	62	74	86	98	110	122	134	146	2	14	26	51	63	75	87	99	111	123	135	147	3	15	27	39	64	76	88	100	112	124	136	148	
5	72	84	96	108	120	132	144	12	24	36	48	60	17	29	41	53	65	90	102	114	126	138	150	6	18	30	42	54	66	78	103	115	127	139	151	7	19	31	43	55	67	79	91	116	128	140	152	8	20	32	44	56	68	80	92	104	129	141	153	9	21	33	45	57	69	81	93	105	117	142	154	10	22	34	46	58	70	82	94	106	118	130	155	11	23	35	47	59	71	83	95	107	119	131	143	0	25	37	49	61	73	85	97	109	121	133	145	1	13	38	50	62	74	86	98	110	122	134	146	2	14	26	51	63	75	87	99	111	123	135	147	3	15	27	39	64	76	88	100	112	124	136	148	4	16	28	40	52	77	89	101	113	125	137	149	
6	84	96	108	120	132	144	12	24	36	48	60	72	18	30	42	54	66	78	103	115	127	139	151	7	19	31	43	55	67	79	91	116	128	140	152	8	20	32	44	56	68	80	92	104	129	141	153	9	21	33	45	57	69	81	93	105	117	142	154	10	22	34	46	58	70	82	94	106	118	130	155	11	23	35	47	59	71	83	95	107	119	131	143	0	25	37	49	61	73	85	97	109	121	133	145	1	13	38	50	62	74	86	98	110	122	134	146	2	14	26	51	63	75	87	99	111	123	135	147	3	15	27	39	64	76	88	100	112	124	136	148	4	16	28	40	52	77	89	101	113	125	137	149	5	17	29	41	53	65	90	102	114	126	138	150	
7	96	108	120	132	144	12	24	36	48	60	72	84	19	31	43	55	67	79	91	116	128	140	152	8	20	32	44	56	68	80	92	104	129	141	153	9	21	33	45	57	69	81	93	105	117	142	154	10	22	34	46	58	70	82	94	106	118	130	155	11	23	35	47	59	71	83	95	107	119	131	143	0	25	37	49	61	73	85	97	109	121	133	145	1	13	38	50	62	74	86	98	110	122	134	146	2	14	26	51	63	75	87	99	111	123	135	147	3	15	27	39	64	76	88	100	112	124	136	148	4	16	28	40	52	77	89	101	113	125	137	149	5	17	29	41	53	65	90	102	114	126	138	150	6	18	30	42	54	66	78	103	115	127	139	151	
8	108	120	132	144	12	24	36	48	60	72	84	96	20	32	44	56	68	80	92	104	129	141	153	9	21	33	45	57	69	81	93	105	117	142	154	10	22	34	46	58	70	82	94	106	118	130	155	11	23	35	47	59	71	83	95	107	119	131	143	0	25	37	49	61	73	85	97	109	121	133	145	1	13	38	50	62	74	86	98	110	122	134	146	2	14	26	51	63	75	87	99	111	123	135	147	3	15	27	39	64	76	88	100	112	124	136	148	4	16	28	40	52	77	89	101	113	125	137	149	5	17	29	41	53	65	90	102	114	126	138	150	6	18	30	42	54	66	78	103	115	127	139	151	7	19	31	43	55	67	79	91	116	128	140	152	
9	120	132	144	12	24	36	48	60	72	84	96	108	21	33	45	57	69	81	93	105	117	142	154	10	22	34	46	58	70	82	94	106	118	130	155	11	23	35	47	59	71	83	95	107	119	131	143	0	25	37	49	61	73	85	97	109	121	133	145	1	13	38	50	62	74	86	98	110	122	134	146	2	14	26	51	63	75	87	99	111	123	135	147	3	15	27	39	64	76	88	100	112	124	136	148	4	16	28	40	52	77	89	101	113	125	137	149	5	17	29	41	53	65	90	102	114	126	138	150	6	18	30	42	54	66	78	103	115	127	139	151	7	19	31	43	55	67	79	91	116	128	140	152	8	20	32	44	56	68	80	92	104	129	141	153	
10	132	144	12	24	36	48	60	72	84	96	108	120	22	34	46	58	70	82	94	106	118	130	155	11	23	35	47	59	71	83	95	107	119	131	143	0	25	37	49	61	73	85	97	109	121	133	145	1	13	38	50	62	74	86	98	110	122	134	146	2	14	26	51	63	75	87	99	111	123	135	147	3	15	27	39	64	76	88	100	112	124	136	148	4	16	28	40	52	77	89	101	113	125	137	149	5	17	29	41	53	65	90	102	114	126	138	150	6	18	30	42	54	66	78	103	115	127	139	151	7	19	31	43	55	67	79	91	116	128	140	152	8	20	32	44	56	68	80	92	104	129	141	153	9	21	33	45	57	69	81	93	105	117	142	154	
11	144	12	24	36	48	60	72	84	96	108	120	132	23	35	47	59	71	83	95	107	119	131	143	0	25	37	49	61	73	85	97	109	121	133	145	1	13	38	50	62	74	86	98	110	122	134	146	2	14	26	51	63	75	87	99	111	123	135	147	3	15	27	39	64	76	88	100	112	124	136	148	4	16	28	40	52	77	89	101	113	125	137	149	5	17	29	41	53	65	90	102	114	126	138	150	6	18	30	42	54	66	78	103	115	127	139	151	7	19	31	43	55	67	79	91	116	128	140	152	8	20	32	44	56	68	80	92	104	129	141	153	9	21	33	45	57	69	81	93	105	117	142	154	10	22	34	46	58	70	82	94	106	118	130	155	
12	0	25	37	49	61	73	85	97	109	121	133	145	24	36	48	60	72	84	96	108	120	132	144	13	38	50	62	74	86	98	110	122	134	146	1	14	26	51	63	75	87	99	111	123	135	147	2	15	27	39	64	76	88	100	112	124	136	148	3	16	28	40	52	77	89	101	113	125	137	149	4	17	29	41	53	65	90	102	114	126	138	150	5	18	30	42	54	66	78	103	115	127	139	151	6	19	31	43	55	67	79	91	116	128	140	152	7	20	32	44	56	68	80	92	104	129	141	153	8	21	33	45	57	69	81	93	105	117	142	154	9	22	34	46	58	70	82	94	106	118	130	155	10	23	35	47	59	71	83	95	107	119	131	143	11	
13	25	37	49	61	73	85	97	109	121	133	145	0	38	50	62	74	86	98	110	122	134	146	1	14	26	51	63	75	87	99	111	123	135	147	2	15	27	39	64	76	88	100	112	124	136	148	3	16	28	40	52	77	89	101	113	125	137	149	4	17	29	41	53	65	90	102	114	126	138	150	5	18	30	42	54	66	78	103	115	127	139	151	6	19	31	43	55	67	79	91	116	128	140	152	7	20	32	44	56	68	80	92	104	129	141	153	8	21	33	45	57	69	81	93	105	117	142	154	9	22	34	46	58	70	82	94	106	118	130	155	10	23	35	47	59	71	83	95	107	119	131	143	11	12	24	36	48	60	72	84	96	108	120	132	144	
14	37	49	61	73	85	97	109	121	133	145	0	25	26	51	63	75	87	99	111	123	135	147	2	15	27	39	64	76	88	100	112	124	136	148	3	16	28	40	52	77	89	101	113	125	137	149	4	17	29	41	53	65	90	102	114	126	138	150	5	18	30	42	54	66	78	103	115	127	139	151	6	19	31	43	55	67	79	91	116	128	140	152	7	20	32	44	56	68	80	92	104	129	141	153	8	21	33	45	57	69	81	93	105	117	142	154	9	22	34	46	58	70	82	94	106	118	130	155	10	23	35	47	59	71	83	95	107	119	131	143	11	12	24	36	48	60	72	84	96	108	120	132	144	13	38	50	62	74	86	98	110	122	134	146	1	
15	49	61	73	85	97	109	121	133	145	0	25	37	27	39	64	76	88	100	112	124	136	148	3	16	28	40	52	77	89	101	113	125	137	149	4	17	29	41	53	65	90	102	114	126	138	150	5	18	30	42	54	66	78	103	115	127	139	151	6	19	31	43	55	67	79	91	116	128	140	152	7	20	32	44	56	68	80	92	104	129	141	153	8	21	33	45	57	69	81	93	105	117	142	154	9	22	34	46	58	70	82	94	106	118	130	155	10	23	35	47	59	71	83	95	107	119	131	143	11	12	24	36	48	60	72	84	96	108	120	132	144	13	38	50	62	74	86	98	110	122	134	146	1	14	26	51	63	75	87	99	111	123	135	147	2	
16	61	73	85	97	109	121	133	145	0	25	37	49	28	40	52	77	89	101	113	125	137	149	4	17	29	41	53	65	90	102	114	126	138	150	5	18	30	42	54	66	78	103	115	127	139	151	6	19	31	43	55	67	79	91	116	128	140	152	7	20	32	44	56	68	80	92	104	129	141	153	8	21	33	45	57	69	81	93	105	117	142	154	9	22	34	46	58	70	82	94	106	118	130	155	10	23	35	47	59	71	83	95	107	119	131	143	11	12	24	36	48	60	72	84	96	108	120	132	144	13	38	50	62	74	86	98	110	122	134	146	1	14	26	51	63	75	87	99	111	123	135	147	2	15	27	39	64	76	88	100	112	124	136	148	3	
17	73	85	97	109	121	133	145	0	25	37	49	61	29	41	53	65	90	102	114	126	138	150	5	18	30	42	54	66	78	103	115	127	139	151	6	19	31	43	55	67	79	91	116	128	140	152	7	20	32	44	56	68	80	92	104	129	141	153	8	21	33	45	57	69	81	93	105	117	142	154	9	22	34	46	58	70	82	94	106	118	130	155	10	23	35	47	59	71	83	95	107	119	131	143	11	12	24	36	48	60	72	84	96	108	120	132	144	13	38	50	62	74	86	98	110	122	134	146	1	14	26	51	63	75	87	99	111	123	135	147	2	15	27	39	64	76	88	100	112	124	136	148	3	16	28	40	52	77	89	101	113	125	137	149	4	
18	85	97	109	121	133	145	0	25	37	49	61	73	30	42	54	66	78	103	115	127	139	151	6	19	31	43	55	67	79	91	116	128	140	152	7	20	32	44	56	68	80	92	104	129	141	153	8	21	33	45	57	69	81	93	105	117	142	154	9	22	34	46	58	70	82	94	106	118	130	155	10	23	35	47	59	71	83	95	107	119	131	143	11	12	24	36	48	60	72	84	96	108	120	132	144	13	38	50	62	74	86	98	110	122	134	146	1	14	26	51	63	75	87	99	111	123	135	147	2	15	27	39	64	76	88	100	112	124	136	148	3	16	28	40	52	77	89	101	113	125	137	149	4	17	29	41	53	65	90	102	114	126	138	150	5	
19	97	109	121	133	145	0	25	37	49	61	73	85	31	43	55	67	79	91	116	128	140	152	7	20	32	44	56	68	80	92	104	129	141	153	8	21	33	45	57	69	81	93	105	117	142	154	9	22	34	46	58	70	82	94	106	118	130	155	10	23	35	47	59	71	83	95	107	119	131	143	11	12	24	36	48	60	72	84	96	108	120	132	144	13	38	50	62	74	86	98	110	122	134	146	1	14	26	51	63	75	87	99	111	123	135	147	2	15	27	39	64	76	88	100	112	124	136	148	3	16	28	40	52	77	89	101	113	125	137	149	4	17	29	41	53	65	90	102	114	126	138	150	5	18	30	42	54	66	78	103	115	127	139	151	6	
20	109	121	133	145	0	25	37	49	61	73	85	97	32	44	56	68	80	92	104	129	141	153	8	21	33	45	57	69	81	93	105	117	142	154	9	22	34	46	58	70	82	94	106	118	130	155	10	23	35	47	59	71	83	95	107	119	131	143	11	12	24	36	48	60	72	84	96	108	120	132	144	13	38	50	62	74	86	98	110	122	134	146	1	14	26	51	63	75	87	99	111	123	135	147	2	15	27	39	64	76	88	100	112	124	136	148	3	16	28	40	52	77	89	101	113	125	137	149	4	17	29	41	53	65	90	102	114	126	138	150	5	18	30	42	54	66	78	103	115	127	139	151	6	19	31	43	55	67	79	91	116	128	140	152	7	
21	121	133	145	0	25	37	49	61	73	85	97	109	33	45	57	69	81	93	105	117	142	154	9	22	34	46	58	70	82	94	106	118	130	155	10	23	35	47	59	71	83	95	107	119	131	143	11	12	24	36	48	60	72	84	96	108	120	132	144	13	38	50	62	74	86	98	110	122	134	146	1	14	26	51	63	75	87	99	111	123	135	147	2	15	27	39	64	76	88	100	112	124	136	148	3	16	28	40	52	77	89	101	113	125	137	149	4	17	29	41	53	65	90	102	114	126	138	150	5	18	30	42	54	66	78	103	115	127	139	151	6	19	31	43	55	67	79	91	116	128	140	152	7	20	32	44	56	68	80	92	104	129	141	153	8	
22	133	145	0	25	37	49	61	73	85	97	109	121	34	46	58	70	82	94	106	118	130	155	10	23	35	47	59	71	83	95	107	119	131	143	11	12	24	36	48	60	72	84	96	108	120	132	144	13	38	50	62	74	86	98	110	122	134	146	1	14	26	51	63	75	87	99	111	123	135	147	2	15	27	39	64	76	88	100	112	124	136	148	3	16	28	40	52	77	89	101	113	125	137	149	4	17	29	41	53	65	90	102	114	126	138	150	5	18	30	42	54	66	78	103	115	127	139	151	6	19	31	43	55	67	79	91	116	128	140	152	7	20	32	44	56	68	80	92	104	129	141	153	8	21	33	45	57	69	81	93	105	117	142	154	9	
23	145	0	25	37	49	61	73	85	97	109	121	133	35	47	59	71	83	95	107	119	131	143	11	12	24	36	48	60	72	84	96	108	120	132	144	13	38	50	62	74	86	98	110	122	134	146	1	14	26	51	63	75	87	99	111	123	135	147	2	15	27	39	64	76	88	100	112	124	136	148	3	16	28	40	52	77	89	101	113	125	137	149	4	17	29	41	53	65	90	102	114	126	138	150	5	18	30	42	54	66	78	103	115	127	139	151	6	19	31	43	55	67	79	91	116	128	140	152	7	20	32	44	56	68	80	92	104	129	141	153	8	21	33	45	57	69	81	93	105	117	142	154	9	22	34	46	58	70	82	94	106	118	130	155	10	
24	1	13	38	50	62	74	86	98	110	122	134	146	36	48	60	72	84	96	108	120	132	144	12	25	37	49	61	73	85	97	109	121	133	145	0	26	51	63	75	87	99	111	123	135	147	2	14	27	39	64	76	88	100	112	124	136	148	3	15	28	40	52	77	89	101	113	125	137	149	4	16	29	41	53	65	90	102	114	126	138	150	5	17	30	42	54	66	78	103	115	127	139	151	6	18	31	43	55	67	79	91	116	128	140	152	7	19	32	44	56	68	80	92	104	129	141	153	8	20	33	45	57	69	81	93	105	117	142	154	9	21	34	46	58	70	82	94	106	118	130	155	10	22	35	47	59	71	83	95	107	119	131	143	11	23	
25	13	38	50	62	74	86	98	110	122	134	146	1	37	49	61	73	85	97	109	121	133	145	0	26	51	63	75	87	99	111	123	135	147	2	14	27	39	64	76	88	100	112	124	136	148	3	15	28	40	52	77	89	101	113	125	137	149	4	16	29	41	53	65	90	102	114	126	138	150	5	17	30	42	54	66	78	103	115	127	139	151	6	18	31	43	55	67	79	91	116	128	140	152	7	19	32	44	56	68	80	92	104	129	141	153	8	20	33	45	57	69	81	93	105	117	142	154	9	21	34	46	58	70	82	94	106	118	130	155	10	22	35	47	59	71	83	95	107	119	131	143	11	23	24	36	48	60	72	84	96	108	120	132	144	12	
26	38	50	62	74	86	98	110	122	134	146	1	13	51	63	75	87	99	111	123	135	147	2	14	27	39	64	76	88	100	112	124	136	148	3	15	28	40	52	77	89	101	113	125	137	149	4	16	29	41	53	65	90	102	114	126	138	150	5	17	30	42	54	66	78	103	115	127	139	151	6	18	31	43	55	67	79	91	116	128	140	152	7	19	32	44	56	68	80	92	104	129	141	153	8	20	33	45	57	69	81	93	105	117	142	154	9	21	34	46	58	70	82	94	106	118	130	155	10	22	35	47	59	71	83	95	107	119	131	143	11	23	24	36	48	60	72	84	96	108	120	132	144	12	25	37	49	61	73	85	97	109	121	133	145	0	
27	50	62	74	86	98	110	122	134	146	1	13	38	39	64	76	88	100	112	124	136	148	3	15	28	40	52	77	89	101	113	125	137	149	4	16	29	41	53	65	90	102	114	126	138	150	5	17	30	42	54	66	78	103	115	127	139	151	6	18	31	43	55	67	79	91	116	128	140	152	7	19	32	44	56	68	80	92	104	129	141	153	8	20	33	45	57	69	81	93	105	117	142	154	9	21	34	46	58	70	82	94	106	118	130	155	10	22	35	47	59	71	83	95	107	119	131	143	11	23	24	36	48	60	72	84	96	108	120	132	144	12	25	37	49	61	73	85	97	109	121	133	145	0	26	51	63	75	87	99	111	123	135	147	2	14	
28	62	74	86	98	110	122	134	146	1	13	38	50	40	52	77	89	101	113	125	137	149	4	16	29	41	53	65	90	102	114	126	138	150	5	17	30	42	54	66	78	103	115	127	139	151	6	18	31	43	55	67	79	91	116	128	140	152	7	19	32	44	56	68	80	92	104	129	141	153	8	20	33	45	57	69	81	93	105	117	142	154	9	21	34	46	58	70	82	94	106	118	130	155	10	22	35	47	59	71	83	95	107	119	131	143	11	23	24	36	48	60	72	84	96	108	120	132	144	12	25	37	49	61	73	85	97	109	121	133	145	0	26	51	63	75	87	99	111	123	135	147	2	14	27	39	64	76	88	100	112	124	136	148	3	15	
29	74	86	98	110	122	134	146	1	13	38	50	62	41	53	65	90	102	114	126	138	150	5	17	30	42	54	66	78	103	115	127	139	151	6	18	31	43	55	67	79	91	116	128	140	152	7	19	32	44	56	68	80	92	104	129	141	153	8	20	33	45	57	69	81	93	105	117	142	154	9	21	34	46	58	70	82	94	106	118	130	155	10	22	35	47	59	71	83	95	107	119	131	143	11	23	24	36	48	60	72	84	96	108	120	132	144	12	25	37	49	61	73	85	97	109	121	133	145	0	26	51	63	75	87	99	111	123	135	147	2	14	27	39	64	76	88	100	112	124	136	148	3	15	28	40	52	77	89	101	113	125	137	149	4	16	
30	86	98	110	122	134	146	1	13	38	50	62	74	42	54	66	78	103	115	127	139	151	6	18	31	43	55	67	79	91	116	128	140	152	7	19	32	44	56	68	80	92	104	129	141	153	8	20	33	45	57	69	81	93	105	117	142	154	9	21	34	46	58	70	82	94	106	118	130	155	10	22	35	47	59	71	83	95	107	119	131	143	11	23	24	36	48	60	72	84	96	108	120	132	144	12	25	37	49	61	73	85	97	109	121	133	145	0	26	51	63	75	87	99	111	123	135	147	2	14	27	39	64	76	88	100	112	124	136	148	3	15	28	40	52	77	89	101	113	125	137	149	4	16	29	41	53	65	90	102	114	126	138	150	5	17	
31	98	110	122	134	146	1	13	38	50	62	74	86	43	55	67	79	91	116	128	140	152	7	19	32	44	56	68	80	92	104	129	141	153	8	20	33	45	57	69	81	93	105	117	142	154	9	21	34	46	58	70	82	94	106	118	130	155	10	22	35	47	59	71	83	95	107	119	131	143	11	23	24	36	48	60	72	84	96	108	120	132	144	12	25	37	49	61	73	85	97	109	121	133	145	0	26	51	63	75	87	99	111	123	135	147	2	14	27	39	64	76	88	100	112	124	136	148	3	15	28	40	52	77	89	101	113	125	137	149	4	16	29	41	53	65	90	102	114	126	138	150	5	17	30	42	54	66	78	103	115	127	139	151	6	18	
32	110	122	134	146	1	13	38	50	62	74	86	98	44	56	68	80	92	104	129	141	153	8	20	33	45	57	69	81	93	105	117	142	154	9	21	34	46	58	70	82	94	106	118	130	155	10	22	35	47	59	71	83	95	107	119	131	143	11	23	24	36	48	60	72	84	96	108	120	132	144	12	25	37	49	61	73	85	97	109	121	133	145	0	26	51	63	75	87	99	111	123	135	147	2	14	27	39	64	76	88	100	112	124	136	148	3	15	28	40	52	77	89	101	113	125	137	149	4	16	29	41	53	65	90	102	114	126	138	150	5	17	30	42	54	66	78	103	115	127	139	151	6	18	31	43	55	67	79	91	116	128	140	152	7	19	
33	122	134	146	1	13	38	50	62	74	86	98	110	45	57	69	81	93	105	117	142	154	9	21	34	46	58	70	82	94	106	118	130	155	10	22	35	47	59	71	83	95	107	119	131	143	11	23	24	36	48	60	72	84	96	108	120	132	144	12	25	37	49	61	73	85	97	109	121	133	145	0	26	51	63	75	87	99	111	123	135	147	2	14	27	39	64	76	88	100	112	124	136	148	3	15	28	40	52	77	89	101	113	125	137	149	4	16	29	41	53	65	90	102	114	126	138	150	5	17	30	42	54	66	78	103	115	127	139	151	6	18	31	43	55	67	79	91	116	128	140	152	7	19	32	44	56	68	80	92	104	129	141	153	8	20	
34	134	146	1	13	38	50	62	74	86	98	110	122	46	58	70	82	94	106	118	130	155	10	22	35	47	59	71	83	95	107	119	131	143	11	23	24	36	48	60	72	84	96	108	120	132	144	12	25	37	49	61	73	85	97	109	121	133	145	0	26	51	63	75	87	99	111	123	135	147	2	14	27	39	64	76	88	100	112	124	136	148	3	15	28	40	52	77	89	101	113	125	137	149	4	16	29	41	53	65	90	102	114	126	138	150	5	17	30	42	54	66	78	103	115	127	139	151	6	18	31	43	55	67	79	91	116	128	140	152	7	19	32	44	56	68	80	92	104	129	141	153	8	20	33	45	57	69	81	93	105	117	142	154	9	21	
35	146	1	13	38	50	62	74	86	98	110	122	134	47	59	71	83	95	107	119	131	143	11	23	24	36	48	60	72	84	96	108	120	132	144	12	25	37	49	61	73	85	97	109	121	133	145	0	26	51	63	75	87	99	111	123	135	147	2	14	27	39	64	76	88	100	112	124	136	148	3	15	28	40	52	77	89	101	113	125	137	149	4	16	29	41	53	65	90	102	114	126	138	150	5	17	30	42	54	66	78	103	115	127	139	151	6	18	31	43	55	67	79	91	116	128	140	152	7	19	32	44	56	68	80	92	104	129	141	153	8	20	33	45	57	69	81	93	105	117	142	154	9	21	34	46	58	70	82	94	106	118	130	155	10	22	
36	2	14	26	51	63	75	87	99	111	123	135	147	48	60	72	84	96	108	120	132	144	12	24	37	49	61	73	85	97	109	121	133	145	0	25	38	50	62	74	86	98	110	122	134	146	1	13	39	64	76	88	100	112	124	136	148	3	15	27	40	52	77	89	101	113	125	137	149	4	16	28	41	53	65	90	102	114	126	138	150	5	17	29	42	54	66	78	103	115	127	139	151	6	18	30	43	55	67	79	91	116	128	140	152	7	19	31	44	56	68	80	92	104	129	141	153	8	20	32	45	57	69	81	93	105	117	142	154	9	21	33	46	58	70	82	94	106	118	130	155	10	22	34	47	59	71	83	95	107	119	131	143	11	23	35	
37	14	26	51	63	75	87	99	111	123	135	147	2	49	61	73	85	97	109	121	133	145	0	25	38	50	62	74	86	98	110	122	134	146	1	13	39	64	76	88	100	112	124	136	148	3	15	27	40	52	77	89	101	113	125	137	149	4	16	28	41	53	65	90	102	114	126	138	150	5	17	29	42	54	66	78	103	115	127	139	151	6	18	30	43	55	67	79	91	116	128	140	152	7	19	31	44	56	68	80	92	104	129	141	153	8	20	32	45	57	69	81	93	105	117	142	154	9	21	33	46	58	70	82	94	106	118	130	155	10	22	34	47	59	71	83	95	107	119	131	143	11	23	35	36	48	60	72	84	96	108	120	132	144	12	24	
38	26	51	63	75	87	99	111	123	135	147	2	14	50	62	74	86	98	110	122	134	146	1	13	39	64	76	88	100	112	124	136	148	3	15	27	40	52	77	89	101	113	125	137	149	4	16	28	41	53	65	90	102	114	126	138	150	5	17	29	42	54	66	78	103	115	127	139	151	6	18	30	43	55	67	79	91	116	128	140	152	7	19	31	44	56	68	80	92	104	129	141	153	8	20	32	45	57	69	81	93	105	117	142	154	9	21	33	46	58	70	82	94	106	118	130	155	10	22	34	47	59	71	83	95	107	119	131	143	11	23	35	36	48	60	72	84	96	108	120	132	144	12	24	37	49	61	73	85	97	109	121	133	145	0	25	
39	51	63	75	87	99	111	123	135	147	2	14	26	64	76	88	100	112	124	136	148	3	15	27	40	52	77	89	101	113	125	137	149	4	16	28	41	53	65	90	102	114	126	138	150	5	17	29	42	54	66	78	103	115	127	139	151	6	18	30	43	55	67	79	91	116	128	140	152	7	19	31	44	56	68	80	92	104	129	141	153	8	20	32	45	57	69	81	93	105	117	142	154	9	21	33	46	58	70	82	94	106	118	130	155	10	22	34	47	59	71	83	95	107	119	131	143	11	23	35	36	48	60	72	84	96	108	120	132	144	12	24	37	49	61	73	85	97	109	121	133	145	0	25	38	50	62	74	86	98	110	122	134	146	1	13	
40	63	75	87	99	111	123	135	147	2	14	26	51	52	77	89	101	113	125	137	149	4	16	28	41	53	65	90	102	114	126	138	150	5	17	29	42	54	66	78	103	115	127	139	151	6	18	30	43	55	67	79	91	116	128	140	152	7	19	31	44	56	68	80	92	104	129	141	153	8	20	32	45	57	69	81	93	105	117	142	154	9	21	33	46	58	70	82	94	106	118	130	155	10	22	34	47	59	71	83	95	107	119	131	143	11	23	35	36	48	60	72	84	96	108	120	132	144	12	24	37	49	61	73	85	97	109	121	133	145	0	25	38	50	62	74	86	98	110	122	134	146	1	13	39	64	76	88	100	112	124	136	148	3	15	27	
41	75	87	99	111	123	135	147	2	14	26	51	63	53	65	90	102	114	126	138	150	5	17	29	42	54	66	78	103	115	127	139	151	6	18	30	43	55	67	79	91	116	128	140	152	7	19	31	44	56	68	80	92	104	129	141	153	8	20	32	45	57	69	81	93	105	117	142	154	9	21	33	46	58	70	82	94	106	118	130	155	10	22	34	47	59	71	83	95	107	119	131	143	11	23	35	36	48	60	72	84	96	108	120	132	144	12	24	37	49	61	73	85	97	109	121	133	145	0	25	38	50	62	74	86	98	110	122	134	146	1	13	39	64	76	88	100	112	124	136	148	3	15	27	40	52	77	89	101	113	125	137	149	4	16	28	
42	87	99	111	123	135	147	2	14	26	51	63	75	54	66	78	103	115	127	139	151	6	18	30	43	55	67	79	91	116	128	140	152	7	19	31	44	56	68	80	92	104	129	141	153	8	20	32	45	57	69	81	93	105	117	142	154	9	21	33	46	58	70	82	94	106	118	130	155	10	22	34	47	59	71	83	95	107	119	131	143	11	23	35	36	48	60	72	84	96	108	120	132	144	12	24	37	49	61	73	85	97	109	121	133	145	0	25	38	50	62	74	86	98	110	122	134	146	1	13	39	64	76	88	100	112	124	136	148	3	15	27	40	52	77	89	101	113	125	137	149	4	16	28	41	53	65	90	102	114	126	138	150	5	17	29	
43	99	111	123	135	147	2	14	26	51	63	75	87	55	67	79	91	116	128	140	152	7	19	31	44	56	68	80	92	104	129	141	153	8	20	32	45	57	69	81	93	105	117	142	154	9	21	33	46	58	70	82	94	106	118	130	155	10	22	34	47	59	71	83	95	107	119	131	143	11	23	35	36	48	60	72	84	96	108	120	132	144	12	24	37	49	61	73	85	97	109	121	133	145	0	25	38	50	62	74	86	98	110	122	134	146	1	13	39	64	76	88	100	112	124	136	148	3	15	27	40	52	77	89	101	113	125	137	149	4	16	28	41	53	65	90	102	114	126	138	150	5	17	29	42	54	66	78	103	115	127	139	151	6	18	30	
44	111	123	135	147	2	14	26	51	63	75	87	99	56	68	80	92	104	129	141	153	8	20	32	45	57	69	81	93	105	117	142	154	9	21	33	46	58	70	82	94	106	118	130	155	10	22	34	47	59	71	83	95	107	119	131	143	11	23	35	36	48	60	72	84	96	108	120	132	144	12	24	37	49	61	73	85	97	109	121	133	145	0	25	38	50	62	74	86	98	110	122	134	146	1	13	39	64	76	88	100	112	124	136	148	3	15	27	40	52	77	89	101	113	125	137	149	4	16	28	41	53	65	90	102	114	126	138	150	5	17	29	42	54	66	78	103	115	127	139	151	6	18	30	43	55	67	79	91	116	128	140	152	7	19	31	
45	123	135	147	2	14	26	51	63	75	87	99	111	57	69	81	93	105	117	142	154	9	21	33	46	58	70	82	94	106	118	130	155	10	22	34	47	59	71	83	95	107	119	131	143	11	23	35	36	48	60	72	84	96	108	120	132	144	12	24	37	49	61	73	85	97	109	121	133	145	0	25	38	50	62	74	86	98	110	122	134	146	1	13	39	64	76	88	100	112	124	136	148	3	15	27	40	52	77	89	101	113	125	137	149	4	16	28	41	53	65	90	102	114	126	138	150	5	17	29	42	54	66	78	103	115	127	139	151	6	18	30	43	55	67	79	91	116	128	140	152	7	19	31	44	56	68	80	92	104	129	141	153	8	20	32	
46	135	147	2	14	26	51	63	75	87	99	111	123	58	70	82	94	106	118	130	155	10	22	34	47	59	71	83	95	107	119	131	143	11	23	35	36	48	60	72	84	96	108	120	132	144	12	24	37	49	61	73	85	97	109	121	133	145	0	25	38	50	62	74	86	98	110	122	134	146	1	13	39	64	76	88	100	112	124	136	148	3	15	27	40	52	77	89	101	113	125	137	149	4	16	28	41	53	65	90	102	114	126	138	150	5	17	29	42	54	66	78	103	115	127	139	151	6	18	30	43	55	67	79	91	116	128	140	152	7	19	31	44	56	68	80	92	104	129	141	153	8	20	32	45	57	69	81	93	105	117	142	154	9	21	33	
47	147	2	14	26	51	63	75	87	99	111	123	135	59	71	83	95	107	119	131	143	11	23	35	36	48	60	72	84	96	108	120	132	144	12	24	37	49	61	73	85	97	109	121	133	145	0	25	38	50	62	74	86	98	110	122	134	146	1	13	39	64	76	88	100	112	124	136	148	3	15	27	40	52	77	89	101	113	125	137	149	4	16	28	41	53	65	90	102	114	126	138	150	5	17	29	42	54	66	78	103	115	127	139	151	6	18	30	43	55	67	79	91	116	128	140	152	7	19	31	44	56	68	80	92	104	129	141	153	8	20	32	45	57	69	81	93	105	117	142	154	9	21	33	46	58	70	82	94	106	118	130	155	10	22	34	
48	3	15	27	39	64	76	88	100	112	124	136	148	60	72	84	96	108	120	132	144	12	24	36	49	61	73	85	97	109	121	133	145	0	25	37	50	62	74	86	98	110	122	134	146	1	13	38	51	63	75	87	99	111	123	135	147	2	14	26	52	77	89	101	113	125	137	149	4	16	28	40	53	65	90	102	114	126	138	150	5	17	29	41	54	66	78	103	115	127	139	151	6	18	30	42	55	67	79	91	116	128	140	152	7	19	31	43	56	68	80	92	104	129	141	153	8	20	32	44	57	69	81	93	105	117	142	154	9	21	33	45	58	70	82	94	106	118	130	155	10	22	34	46	59	71	83	95	107	119	131	143	11	23	35	47	
49	15	27	39	64	76	88	100	112	124	136	148	3	61	73	85	97	109	121	133	145	0	25	37	50	62	74	86	98	110	122	134	146	1	13	38	51	63	75	87	99	111	123	135	147	2	14	26	52	77	89	101	113	125	137	149	4	16	28	40	53	65	90	102	114	126	138	150	5	17	29	41	54	66	78	103	115	127	139	151	6	18	30	42	55	67	79	91	116	128	140	152	7	19	31	43	56	68	80	92	104	129	141	153	8	20	32	44	57	69	81	93	105	117	142	154	9	21	33	45	58	70	82	94	106	118	130	155	10	22	34	46	59	71	83	95	107	119	131	143	11	23	35	47	48	60	72	84	96	108	120	132	144	12	24	36	
50	27	39	64	76	88	100	112	124	136	148	3	15	62	74	86	98	110	122	134	146	1	13	38	51	63	75	87	99	111	123	135	147	2	14	26	52	77	89	101	113	125	137	149	4	16	28	40	53	65	90	102	114	126	138	150	5	17	29	41	54	66	78	103	115	127	139	151	6	18	30	42	55	67	79	91	116	128	140	152	7	19	31	43	56	68	80	92	104	129	141	153	8	20	32	44	57	69	81	93	105	117	142	154	9	21	33	45	58	70	82	94	106	118	130	155	10	22	34	46	59	71	83	95	107	119	131	143	11	23	35	47	48	60	72	84	96	108	120	132	144	12	24	36	49	61	73	85	97	109	121	133	145	0	25	37	
51	39	64	76	88	100	112	124	136	148	3	15	27	63	75	87	99	111	123	135	147	2	14	26	52	77	89	101	113	125	137	149	4	16	28	40	53	65	90	102	114	126	138	150	5	17	29	41	54	66	78	103	115	127	139	151	6	18	30	42	55	67	79	91	116	128	140	152	7	19	31	43	56	68	80	92	104	129	141	153	8	20	32	44	57	69	81	93	105	117	142	154	9	21	33	45	58	70	82	94	106	118	130	155	10	22	34	46	59	71	83	95	107	119	131	143	11	23	35	47	48	60	72	84	96	108	120	132	144	12	24	36	49	61	73	85	97	109	121	133	145	0	25	37	50	62	74	86	98	110	122	134	146	1	13	38	
52	64	76	88	100	112	124	136	148	3	15	27	39	77	89	101	113	125	137	149	4	16	28	40	53	65	90	102	114	126	138	150	5	17	29	41	54	66	78	103	115	127	139	151	6	18	30	42	55	67	79	91	116	128	140	152	7	19	31	43	56	68	80	92	104	129	141	153	8	20	32	44	57	69	81	93	105	117	142	154	9	21	33	45	58	70	82	94	106	118	130	155	10	22	34	46	59	71	83	95	107	119	131	143	11	23	35	47	48	60	72	84	96	108	120	132	144	12	24	36	49	61	73	85	97	109	121	133	145	0	25	37	50	62	74	86	98	110	122	134	146	1	13	38	51	63	75	87	99	111	123	135	147	2	14	26	
53	76	88	100	112	124	136	148	3	15	27	39	64	65	90	102	114	126	138	150	5	17	29	41	54	66	78	103	115	127	139	151	6	18	30	42	55	67	79	91	116	128	140	152	7	19	31	43	56	68	80	92	104	129	141	153	8	20	32	44	57	69	81	93	105	117	142	154	9	21	33	45	58	70	82	94	106	118	130	155	10	22	34	46	59	71	83	95	107	119	131	143	11	23	35	47	48	60	72	84	96	108	120	132	144	12	24	36	49	61	73	85	97	109	121	133	145	0	25	37	50	62	74	86	98	110	122	134	146	1	13	38	51	63	75	87	99	111	123	135	147	2	14	26	52	77	89	101	113	125	137	149	4	16	28	40	
54	88	100	112	124	136	148	3	15	27	39	64	76	66	78	103	115	127	139	151	6	18	30	42	55	67	79	91	116	128	140	152	7	19	31	43	56	68	80	92	104	129	141	153	8	20	32	44	57	69	81	93	105	117	142	154	9	21	33	45	58	70	82	94	106	118	130	155	10	22	34	46	59	71	83	95	107	119	131	143	11	23	35	47	48	60	72	84	96	108	120	132	144	12	24	36	49	61	73	85	97	109	121	133	145	0	25	37	50	62	74	86	98	110	122	134	146	1	13	38	51	63	75	87	99	111	123	135	147	2	14	26	52	77	89	101	113	125	137	149	4	16	28	40	53	65	90	102	114	126	138	150	5	17	29	41	
55	100	112	124	136	148	3	15	27	39	64	76	88	67	79	91	116	128	140	152	7	19	31	43	56	68	80	92	104	129	141	153	8	20	32	44	57	69	81	93	105	117	142	154	9	21	33	45	58	70	82	94	106	118	130	155	10	22	34	46	59	71	83	95	107	119	131	143	11	23	35	47	48	60	72	84	96	108	120	132	144	12	24	36	49	61	73	85	97	109	121	133	145	0	25	37	50	62	74	86	98	110	122	134	146	1	13	38	51	63	75	87	99	111	123	135	147	2	14	26	52	77	89	101	113	125	137	149	4	16	28	40	53	65	90	102	114	126	138	150	5	17	29	41	54	66	78	103	115	127	139	151	6	18	30	42	
56	112	124	136	148	3	15	27	39	64	76	88	100	68	80	92	104	129	141	153	8	20	32	44	57	69	81	93	105	117	142	154	9	21	33	45	58	70	82	94	106	118	130	155	10	22	34	46	59	71	83	95	107	119	131	143	11	23	35	47	48	60	72	84	96	108	120	132	144	12	24	36	49	61	73	85	97	109	121	133	145	0	25	37	50	62	74	86	98	110	122	134	146	1	13	38	51	63	75	87	99	111	123	135	147	2	14	26	52	77	89	101	113	125	137	149	4	16	28	40	53	65	90	102	114	126	138	150	5	17	29	41	54	66	78	103	115	127	139	151	6	18	30	42	55	67	79	91	116	128	140	152	7	19	31	43	
57	124	136	148	3	15	27	39	64	76	88	100	112	69	81	93	105	117	142	154	9	21	33	45	58	70	82	94	106	118	130	155	10	22	34	46	59	71	83	95	107	119	131	143	11	23	35	47	48	60	72	84	96	108	120	132	144	12	24	36	49	61	73	85	97	109	121	133	145	0	25	37	50	62	74	86	98	110	122	134	146	1	13	38	51	63	75	87	99	111	123	135	147	2	14	26	52	77	89	101	113	125	137	149	4	16	28	40	53	65	90	102	114	126	138	150	5	17	29	41	54	66	78	103	115	127	139	151	6	18	30	42	55	67	79	91	116	128	140	152	7	19	31	43	56	68	80	92	104	129	141	153	8	20	32	44	
58	136	148	3	15	27	39	64	76	88	100	112	124	70	82	94	106	118	130	155	10	22	34	46	59	71	83	95	107	119	131	143	11	23	35	47	48	60	72	84	96	108	120	132	144	12	24	36	49	61	73	85	97	109	121	133	145	0	25	37	50	62	74	86	98	110	122	134	146	1	13	38	51	63	75	87	99	111	123	135	147	2	14	26	52	77	89	101	113	125	137	149	4	16	28	40	53	65	90	102	114	126	138	150	5	17	29	41	54	66	78	103	115	127	139	151	6	18	30	42	55	67	79	91	116	128	140	152	7	19	31	43	56	68	80	92	104	129	141	153	8	20	32	44	57	69	81	93	105	117	142	154	9	21	33	45	
59	148	3	15	27	39	64	76	88	100	112	124	136	71	83	95	107	119	131	143	11	23	35	47	48	60	72	84	96	108	120	132	144	12	24	36	49	61	73	85	97	109	121	133	145	0	25	37	50	62	74	86	98	110	122	134	146	1	13	38	51	63	75	87	99	111	123	135	147	2	14	26	52	77	89	101	113	125	137	149	4	16	28	40	53	65	90	102	114	126	138	150	5	17	29	41	54	66	78	103	115	127	139	151	6	18	30	42	55	67	79	91	116	128	140	152	7	19	31	43	56	68	80	92	104	129	141	153	8	20	32	44	57	69	81	93	105	117	142	154	9	21	33	45	58	70	82	94	106	118	130	155	10	22	34	46	
60	4	16	28	40	52	77	89	101	113	125	137	149	72	84	96	108	120	132	144	12	24	36	48	61	73	85	97	109	121	133	145	0	25	37	49	62	74	86	98	110	122	134	146	1	13	38	50	63	75	87	99	111	123	135	147	2	14	26	51	64	76	88	100	112	124	136	148	3	15	27	39	65	90	102	114	126	138	150	5	17	29	41	53	66	78	103	115	127	139	151	6	18	30	42	54	67	79	91	116	128	140	152	7	19	31	43	55	68	80	92	104	129	141	153	8	20	32	44	56	69	81	93	105	117	142	154	9	21	33	45	57	70	82	94	106	118	130	155	10	22	34	46	58	71	83	95	107	119	131	143	11	23	35	47	59	
61	16	28	40	52	77	89	101	113	125	137	149	4	73	85	97	109	121	133	145	0	25	37	49	62	74	86	98	110	122	134	146	1	13	38	50	63	75	87	99	111	123	135	147	2	14	26	51	64	76	88	100	112	124	136	148	3	15	27	39	65	90	102	114	126	138	150	5	17	29	41	53	66	78	103	115	127	139	151	6	18	30	42	54	67	79	91	116	128	140	152	7	19	31	43	55	68	80	92	104	129	141	153	8	20	32	44	56	69	81	93	105	117	142	154	9	21	33	45	57	70	82	94	106	118	130	155	10	22	34	46	58	71	83	95	107	119	131	143	11	23	35	47	59	60	72	84	96	108	120	132	144	12	24	36	48	
62	28	40	52	77	89	101	113	125	137	149	4	16	74	86	98	110	122	134	146	1	13	38	50	63	75	87	99	111	123	135	147	2	14	26	51	64	76	88	100	112	124	136	148	3	15	27	39	65	90	102	114	126	138	150	5	17	29	41	53	66	78	103	115	127	139	151	6	18	30	42	54	67	79	91	116	128	140	152	7	19	31	43	55	68	80	92	104	129	141	153	8	20	32	44	56	69	81	93	105	117	142	154	9	21	33	45	57	70	82	94	106	118	130	155	10	22	34	46	58	71	83	95	107	119	131	143	11	23	35	47	59	60	72	84	96	108	120	132	144	12	24	36	48	61	73	85	97	109	121	133	145	0	25	37	49	
63	40	52	77	89	101	113	125	137	149	4	16	28	75	87	99	111	123	135	147	2	14	26	51	64	76	88	100	112	124	136	148	3	15	27	39	65	90	102	114	126	138	150	5	17	29	41	53	66	78	103	115	127	139	151	6	18	30	42	54	67	79	91	116	128	140	152	7	19	31	43	55	68	80	92	104	129	141	153	8	20	32	44	56	69	81	93	105	117	142	154	9	21	33	45	57	70	82	94	106	118	130	155	10	22	34	46	58	71	83	95	107	119	131	143	11	23	35	47	59	60	72	84	96	108	120	132	144	12	24	36	48	61	73	85	97	109	121	133	145	0	25	37	49	62	74	86	98	110	122	134	146	1	13	38	50	
64	52	77	89	101	113	125	137	149	4	16	28	40	76	88	100	112	124	136	148	3	15	27	39	65	90	102	114	126	138	150	5	17	29	41	53	66	78	103	115	127	139	151	6	18	30	42	54	67	79	91	116	128	140	152	7	19	31	43	55	68	80	92	104	129	141	153	8	20	32	44	56	69	81	93	105	117	142	154	9	21	33	45	57	70	82	94	106	118	130	155	10	22	34	46	58	71	83	95	107	119	131	143	11	23	35	47	59	60	72	84	96	108	120	132	144	12	24	36	48	61	73	85	97	109	121	133	145	0	25	37	49	62	74	86	98	110	122	134	146	1	13	38	50	63	75	87	99	111	123	135	147	2	14	26	51	
65	77	89	101	113	125	137	149	4	16	28	40	52	90	102	114	126	138	150	5	17	29	41	53	66	78	103	115	127	139	151	6	18	30	42	54	67	79	91	116	128	140	152	7	19	31	43	55	68	80	92	104	129	141	153	8	20	32	44	56	69	81	93	105	117	142	154	9	21	33	45	57	70	82	94	106	118	130	155	10	22	34	46	58	71	83	95	107	119	131	143	11	23	35	47	59	60	72	84	96	108	120	132	144	12	24	36	48	61	73	85	97	109	121	133	145	0	25	37	49	62	74	86	98	110	122	134	146	1	13	38	50	63	75	87	99	111	123	135	147	2	14	26	51	64	76	88	100	112	124	136	148	3	15	27	39	
66	89	101	113	125	137	149	4	16	28	40	52	77	78	103	115	127	139	151	6	18	30	42	54	67	79	91	116	128	140	152	7	19	31	43	55	68	80	92	104	129	141	153	8	20	32	44	56	69	81	93	105	117	142	154	9	21	33	45	57	70	82	94	106	118	130	155	10	22	34	46	58	71	83	95	107	119	131	143	11	23	35	47	59	60	72	84	96	108	120	132	144	12	24	36	48	61	73	85	97	109	121	133	145	0	25	37	49	62	74	86	98	110	122	134	146	1	13	38	50	63	75	87	99	111	123	135	147	2	14	26	51	64	76	88	100	112	124	136	148	3	15	27	39	65	90	102	114	126	138	150	5	17	29	41	53	
67	101	113	125	137	149	4	16	28	40	52	77	89	79	91	116	128	140	152	7	19	31	43	55	68	80	92	104	129	141	153	8	20	32	44	56	69	81	93	105	117	142	154	9	21	33	45	57	70	82	94	106	118	130	155	10	22	34	46	58	71	83	95	107	119	131	143	11	23	35	47	59	60	72	84	96	108	120	132	144	12	24	36	48	61	73	85	97	109	121	133	145	0	25	37	49	62	74	86	98	110	122	134	146	1	13	38	50	63	75	87	99	111	123	135	147	2	14	26	51	64	76	88	100	112	124	136	148	3	15	27	39	65	90	102	114	126	138	150	5	17	29	41	53	66	78	103	115	127	139	151	6	18	30	42	54	
68	113	125	137	149	4	16	28	40	52	77	89	101	80	92	104	129	141	153	8	20	32	44	56	69	81	93	105	117	142	154	9	21	33	45	57	70	82	94	106	118	130	155	10	22	34	46	58	71	83	95	107	119	131	143	11	23	35	47	59	60	72	84	96	108	120	132	144	12	24	36	48	61	73	85	97	109	121	133	145	0	25	37	49	62	74	86	98	110	122	134	146	1	13	38	50	63	75	87	99	111	123	135	147	2	14	26	51	64	76	88	100	112	124	136	148	3	15	27	39	65	90	102	114	126	138	150	5	17	29	41	53	66	78	103	115	127	139	151	6	18	30	42	54	67	79	91	116	128	140	152	7	19	31	43	55	
69	125	137	149	4	16	28	40	52	77	89	101	113	81	93	105	117	142	154	9	21	33	45	57	70	82	94	106	118	130	155	10	22	34	46	58	71	83	95	107	119	131	143	11	23	35	47	59	60	72	84	96	108	120	132	144	12	24	36	48	61	73	85	97	109	121	133	145	0	25	37	49	62	74	86	98	110	122	134	146	1	13	38	50	63	75	87	99	111	123	135	147	2	14	26	51	64	76	88	100	112	124	136	148	3	15	27	39	65	90	102	114	126	138	150	5	17	29	41	53	66	78	103	115	127	139	151	6	18	30	42	54	67	79	91	116	128	140	152	7	19	31	43	55	68	80	92	104	129	141	153	8	20	32	44	56	
70	137	149	4	16	28	40	52	77	89	101	113	125	82	94	106	118	130	155	10	22	34	46	58	71	83	95	107	119	131	143	11	23	35	47	59	60	72	84	96	108	120	132	144	12	24	36	48	61	73	85	97	109	121	133	145	0	25	37	49	62	74	86	98	110	122	134	146	1	13	38	50	63	75	87	99	111	123	135	147	2	14	26	51	64	76	88	100	112	124	136	148	3	15	27	39	65	90	102	114	126	138	150	5	17	29	41	53	66	78	103	115	127	139	151	6	18	30	42	54	67	79	91	116	128	140	152	7	19	31	43	55	68	80	92	104	129	141	153	8	20	32	44	56	69	81	93	105	117	142	154	9	21	33	45	57	
71	149	4	16	28	40	52	77	89	101	113	125	137	83	95	107	119	131	143	11	23	35	47	59	60	72	84	96	108	120	132	144	12	24	36	48	61	73	85	97	109	121	133	145	0	25	37	49	62	74	86	98	110	122	134	146	1	13	38	50	63	75	87	99	111	123	135	147	2	14	26	51	64	76	88	100	112	124	136	148	3	15	27	39	65	90	102	114	126	138	150	5	17	29	41	53	66	78	103	115	127	139	151	6	18	30	42	54	67	79	91	116	128	140	152	7	19	31	43	55	68	80	92	104	129	141	153	8	20	32	44	56	69	81	93	105	117	142	154	9	21	33	45	57	70	82	94	106	118	130	155	10	22	34	46	58	
72	5	17	29	41	53	65	90	102	114	126	138	150	84	96	108	120	132	144	12	24	36	48	60	73	85	97	109	121	133	145	0	25	37	49	61	74	86	98	110	122	134	146	1	13	38	50	62	75	87	99	111	123	135	147	2	14	26	51	63	76	88	100	112	124	136	148	3	15	27	39	64	77	89	101	113	125	137	149	4	16	28	40	52	78	103	115	127	139	151	6	18	30	42	54	66	79	91	116	128	140	152	7	19	31	43	55	67	80	92	104	129	141	153	8	20	32	44	56	68	81	93	105	117	142	154	9	21	33	45	57	69	82	94	106	118	130	155	10	22	34	46	58	70	83	95	107	119	131	143	11	23	35	47	59	71	
73	17	29	41	53	65	90	102	114	126	138	150	5	85	97	109	121	133	145	0	25	37	49	61	74	86	98	110	122	134	146	1	13	38	50	62	75	87	99	111	123	135	147	2	14	26	51	63	76	88	100	112	124	136	148	3	15	27	39	64	77	89	101	113	125	137	149	4	16	28	40	52	78	103	115	127	139	151	6	18	30	42	54	66	79	91	116	128	140	152	7	19	31	43	55	67	80	92	104	129	141	153	8	20	32	44	56	68	81	93	105	117	142	154	9	21	33	45	57	69	82	94	106	118	130	155	10	22	34	46	58	70	83	95	107	119	131	143	11	23	35	47	59	71	72	84	96	108	120	132	144	12	24	36	48	60	
74	29	41	53	65	90	102	114	126	138	150	5	17	86	98	110	122	134	146	1	13	38	50	62	75	87	99	111	123	135	147	2	14	26	51	63	76	88	100	112	124	136	148	3	15	27	39	64	77	89	101	113	125	137	149	4	16	28	40	52	78	103	115	127	139	151	6	18	30	42	54	66	79	91	116	128	140	152	7	19	31	43	55	67	80	92	104	129	141	153	8	20	32	44	56	68	81	93	105	117	142	154	9	21	33	45	57	69	82	94	106	118	130	155	10	22	34	46	58	70	83	95	107	119	131	143	11	23	35	47	59	71	72	84	96	108	120	132	144	12	24	36	48	60	73	85	97	109	121	133	145	0	25	37	49	61	
75	41	53	65	90	102	114	126	138	150	5	17	29	87	99	111	123	135	147	2	14	26	51	63	76	88	100	112	124	136	148	3	15	27	39	64	77	89	101	113	125	137	149	4	16	28	40	52	78	103	115	127	139	151	6	18	30	42	54	66	79	91	116	128	140	152	7	19	31	43	55	67	80	92	104	129	141	153	8	20	32	44	56	68	81	93	105	117	142	154	9	21	33	45	57	69	82	94	106	118	130	155	10	22	34	46	58	70	83	95	107	119	131	143	11	23	35	47	59	71	72	84	96	108	120	132	144	12	24	36	48	60	73	85	97	109	121	133	145	0	25	37	49	61	74	86	98	110	122	134	146	1	13	38	50	62	
76	53	65	90	102	114	126	138	150	5	17	29	41	88	100	112	124	136	148	3	15	27	39	64	77	89	101	113	125	137	149	4	16	28	40	52	78	103	115	127	139	151	6	18	30	42	54	66	79	91	116	128	140	152	7	19	31	43	55	67	80	92	104	129	141	153	8	20	32	44	56	68	81	93	105	117	142	154	9	21	33	45	57	69	82	94	106	118	130	155	10	22	34	46	58	70	83	95	107	119	131	143	11	23	35	47	59	71	72	84	96	108	120	132	144	12	24	36	48	60	73	85	97	109	121	133	145	0	25	37	49	61	74	86	98	110	122	134	146	1	13	38	50	62	75	87	99	111	123	135	147	2	14	26	51	63	
77	65	90	102	114	126	138	150	5	17	29	41	53	89	101	113	125	137	149	4	16	28	40	52	78	103	115	127	139	151	6	18	30	42	54	66	79	91	116	128	140	152	7	19	31	43	55	67	80	92	104	129	141	153	8	20	32	44	56	68	81	93	105	117	142	154	9	21	33	45	57	69	82	94	106	118	130	155	10	22	34	46	58	70	83	95	107	119	131	143	11	23	35	47	59	71	72	84	96	108	120	132	144	12	24	36	48	60	73	85	97	109	121	133	145	0	25	37	49	61	74	86	98	110	122	134	146	1	13	38	50	62	75	87	99	111	123	135	147	2	14	26	51	63	76	88	100	112	124	136	148	3	15	27	39	64	
78	90	102	114	126	138	150	5	17	29	41	53	65	103	115	127	139	151	6	18	30	42	54	66	79	91	116	128	140	152	7	19	31	43	55	67	80	92	104	129	141	153	8	20	32	44	56	68	81	93	105	117	142	154	9	21	33	45	57	69	82	94	106	118	130	155	10	22	34	46	58	70	83	95	107	119	131	143	11	23	35	47	59	71	72	84	96	108	120	132	144	12	24	36	48	60	73	85	97	109	121	133	145	0	25	37	49	61	74	86	98	110	122	134	146	1	13	38	50	62	75	87	99	111	123	135	147	2	14	26	51	63	76	88	100	112	124	136	148	3	15	27	39	64	77	89	101	113	125	137	149	4	16	28	40	52	
79	102	114	126	138	150	5	17	29	41	53	65	90	91	116	128	140	152	7	19	31	43	55	67	80	92	104	129	141	153	8	20	32	44	56	68	81	93	105	117	142	154	9	21	33	45	57	69	82	94	106	118	130	155	10	22	34	46	58	70	83	95	107	119	131	143	11	23	35	47	59	71	72	84	96	108	120	132	144	12	24	36	48	60	73	85	97	109	121	133	145	0	25	37	49	61	74	86	98	110	122	134	146	1	13	38	50	62	75	87	99	111	123	135	147	2	14	26	51	63	76	88	100	112	124	136	148	3	15	27	39	64	77	89	101	113	125	137	149	4	16	28	40	52	78	103	115	127	139	151	6	18	30	42	54	66	
80	114	126	138	150	5	17	29	41	53	65	90	102	92	104	129	141	153	8	20	32	44	56	68	81	93	105	117	142	154	9	21	33	45	57	69	82	94	106	118	130	155	10	22	34	46	58	70	83	95	107	119	131	143	11	23	35	47	59	71	72	84	96	108	120	132	144	12	24	36	48	60	73	85	97	109	121	133	145	0	25	37	49	61	74	86	98	110	122	134	146	1	13	38	50	62	75	87	99	111	123	135	147	2	14	26	51	63	76	88	100	112	124	136	148	3	15	27	39	64	77	89	101	113	125	137	149	4	16	28	40	52	78	103	115	127	139	151	6	18	30	42	54	66	79	91	116	128	140	152	7	19	31	43	55	67	
81	126	138	150	5	17	29	41	53	65	90	102	114	93	105	117	142	154	9	21	33	45	57	69	82	94	106	118	130	155	10	22	34	46	58	70	83	95	107	119	131	143	11	23	35	47	59	71	72	84	96	108	120	132	144	12	24	36	48	60	73	85	97	109	121	133	145	0	25	37	49	61	74	86	98	110	122	134	146	1	13	38	50	62	75	87	99	111	123	135	147	2	14	26	51	63	76	88	100	112	124	136	148	3	15	27	39	64	77	89	101	113	125	137	149	4	16	28	40	52	78	103	115	127	139	151	6	18	30	42	54	66	79	91	116	128	140	152	7	19	31	43	55	67	80	92	104	129	141	153	8	20	32	44	56	68	
82	138	150	5	17	29	41	53	65	90	102	114	126	94	106	118	130	155	10	22	34	46	58	70	83	95	107	119	131	143	11	23	35	47	59	71	72	84	96	108	120	132	144	12	24	36	48	60	73	85	97	109	121	133	145	0	25	37	49	61	74	86	98	110	122	134	146	1	13	38	50	62	75	87	99	111	123	135	147	2	14	26	51	63	76	88	100	112	124	136	148	3	15	27	39	64	77	89	101	113	125	137	149	4	16	28	40	52	78	103	115	127	139	151	6	18	30	42	54	66	79	91	116	128	140	152	7	19	31	43	55	67	80	92	104	129	141	153	8	20	32	44	56	68	81	93	105	117	142	154	9	21	33	45	57	69	
83	150	5	17	29	41	53	65	90	102	114	126	138	95	107	119	131	143	11	23	35	47	59	71	72	84	96	108	120	132	144	12	24	36	48	60	73	85	97	109	121	133	145	0	25	37	49	61	74	86	98	110	122	134	146	1	13	38	50	62	75	87	99	111	123	135	147	2	14	26	51	63	76	88	100	112	124	136	148	3	15	27	39	64	77	89	101	113	125	137	149	4	16	28	40	52	78	103	115	127	139	151	6	18	30	42	54	66	79	91	116	128	140	152	7	19	31	43	55	67	80	92	104	129	141	153	8	20	32	44	56	68	81	93	105	117	142	154	9	21	33	45	57	69	82	94	106	118	130	155	10	22	34	46	58	70	
84	6	18	30	42	54	66	78	103	115	127	139	151	96	108	120	132	144	12	24	36	48	60	72	85	97	109	121	133	145	0	25	37	49	61	73	86	98	110	122	134	146	1	13	38	50	62	74	87	99	111	123	135	147	2	14	26	51	63	75	88	100	112	124	136	148	3	15	27	39	64	76	89	101	113	125	137	149	4	16	28	40	52	77	90	102	114	126	138	150	5	17	29	41	53	65	91	116	128	140	152	7	19	31	43	55	67	79	92	104	129	141	153	8	20	32	44	56	68	80	93	105	117	142	154	9	21	33	45	57	69	81	94	106	118	130	155	10	22	34	46	58	70	82	95	107	119	131	143	11	23	35	47	59	71	83	
85	18	30	42	54	66	78	103	115	127	139	151	6	97	109	121	133	145	0	25	37	49	61	73	86	98	110	122	134	146	1	13	38	50	62	74	87	99	111	123	135	147	2	14	26	51	63	75	88	100	112	124	136	148	3	15	27	39	64	76	89	101	113	125	137	149	4	16	28	40	52	77	90	102	114	126	138	150	5	17	29	41	53	65	91	116	128	140	152	7	19	31	43	55	67	79	92	104	129	141	153	8	20	32	44	56	68	80	93	105	117	142	154	9	21	33	45	57	69	81	94	106	118	130	155	10	22	34	46	58	70	82	95	107	119	131	143	11	23	35	47	59	71	83	84	96	108	120	132	144	12	24	36	48	60	72	
86	30	42	54	66	78	103	115	127	139	151	6	18	98	110	122	134	146	1	13	38	50	62	74	87	99	111	123	135	147	2	14	26	51	63	75	88	100	112	124	136	148	3	15	27	39	64	76	89	101	113	125	137	149	4	16	28	40	52	77	90	102	114	126	138	150	5	17	29	41	53	65	91	116	128	140	152	7	19	31	43	55	67	79	92	104	129	141	153	8	20	32	44	56	68	80	93	105	117	142	154	9	21	33	45	57	69	81	94	106	118	130	155	10	22	34	46	58	70	82	95	107	119	131	143	11	23	35	47	59	71	83	84	96	108	120	132	144	12	24	36	48	60	72	85	97	109	121	133	145	0	25	37	49	61	73	
87	42	54	66	78	103	115	127	139	151	6	18	30	99	111	123	135	147	2	14	26	51	63	75	88	100	112	124	136	148	3	15	27	39	64	76	89	101	113	125	137	149	4	16	28	40	52	77	90	102	114	126	138	150	5	17	29	41	53	65	91	116	128	140	152	7	19	31	43	55	67	79	92	104	129	141	153	8	20	32	44	56	68	80	93	105	117	142	154	9	21	33	45	57	69	81	94	106	118	130	155	10	22	34	46	58	70	82	95	107	119	131	143	11	23	35	47	59	71	83	84	96	108	120	132	144	12	24	36	48	60	72	85	97	109	121	133	145	0	25	37	49	61	73	86	98	110	122	134	146	1	13	38	50	62	74	
88	54	66	78	103	115	127	139	151	6	18	30	42	100	112	124	136	148	3	15	27	39	64	76	89	101	113	125	137	149	4	16	28	40	52	77	90	102	114	126	138	150	5	17	29	41	53	65	91	116	128	140	152	7	19	31	43	55	67	79	92	104	129	141	153	8	20	32	44	56	68	80	93	105	117	142	154	9	21	33	45	57	69	81	94	106	118	130	155	10	22	34	46	58	70	82	95	107	119	131	143	11	23	35	47	59	71	83	84	96	108	120	132	144	12	24	36	48	60	72	85	97	109	121	133	145	0	25	37	49	61	73	86	98	110	122	134	146	1	13	38	50	62	74	87	99	111	123	135	147	2	14	26	51	63	75	
89	66	78	103	115	127	139	151	6	18	30	42	54	101	113	125	137	149	4	16	28	40	52	77	90	102	114	126	138	150	5	17	29	41	53	65	91	116	128	140	152	7	19	31	43	55	67	79	92	104	129	141	153	8	20	32	44	56	68	80	93	105	117	142	154	9	21	33	45	57	69	81	94	106	118	130	155	10	22	34	46	58	70	82	95	107	119	131	143	11	23	35	47	59	71	83	84	96	108	120	132	144	12	24	36	48	60	72	85	97	109	121	133	145	0	25	37	49	61	73	86	98	110	122	134	146	1	13	38	50	62	74	87	99	111	123	135	147	2	14	26	51	63	75	88	100	112	124	136	148	3	15	27	39	64	76	
90	78	103	115	127	139	151	6	18	30	42	54	66	102	114	126	138	150	5	17	29	41	53	65	91	116	128	140	152	7	19	31	43	55	67	79	92	104	129	141	153	8	20	32	44	56	68	80	93	105	117	142	154	9	21	33	45	57	69	81	94	106	118	130	155	10	22	34	46	58	70	82	95	107	119	131	143	11	23	35	47	59	71	83	84	96	108	120	132	144	12	24	36	48	60	72	85	97	109	121	133	145	0	25	37	49	61	73	86	98	110	122	134	146	1	13	38	50	62	74	87	99	111	123	135	147	2	14	26	51	63	75	88	100	112	124	136	148	3	15	27	39	64	76	89	101	113	125	137	149	4	16	28	40	52	77	
91	103	115	127	139	151	6	18	30	42	54	66	78	116	128	140	152	7	19	31	43	55	67	79	92	104	129	141	153	8	20	32	44	56	68	80	93	105	117	142	154	9	21	33	45	57	69	81	94	106	118	130	155	10	22	34	46	58	70	82	95	107	119	131	143	11	23	35	47	59	71	83	84	96	108	120	132	144	12	24	36	48	60	72	85	97	109	121	133	145	0	25	37	49	61	73	86	98	110	122	134	146	1	13	38	50	62	74	87	99	111	123	135	147	2	14	26	51	63	75	88	100	112	124	136	148	3	15	27	39	64	76	89	101	113	125	137	149	4	16	28	40	52	77	90	102	114	126	138	150	5	17	29	41	53	65	
92	115	127	139	151	6	18	30	42	54	66	78	103	104	129	141	153	8	20	32	44	56	68	80	93	105	117	142	154	9	21	33	45	57	69	81	94	106	118	130	155	10	22	34	46	58	70	82	95	107	119	131	143	11	23	35	47	59	71	83	84	96	108	120	132	144	12	24	36	48	60	72	85	97	109	121	133	145	0	25	37	49	61	73	86	98	110	122	134	146	1	13	38	50	62	74	87	99	111	123	135	147	2	14	26	51	63	75	88	100	112	124	136	148	3	15	27	39	64	76	89	101	113	125	137	149	4	16	28	40	52	77	90	102	114	126	138	150	5	17	29	41	53	65	91	116	128	140	152	7	19	31	43	55	67	79	
93	127	139	151	6	18	30	42	54	66	78	103	115	105	117	142	154	9	21	33	45	57	69	81	94	106	118	130	155	10	22	34	46	58	70	82	95	107	119	131	143	11	23	35	47	59	71	83	84	96	108	120	132	144	12	24	36	48	60	72	85	97	109	121	133	145	0	25	37	49	61	73	86	98	110	122	134	146	1	13	38	50	62	74	87	99	111	123	135	147	2	14	26	51	63	75	88	100	112	124	136	148	3	15	27	39	64	76	89	101	113	125	137	149	4	16	28	40	52	77	90	102	114	126	138	150	5	17	29	41	53	65	91	116	128	140	152	7	19	31	43	55	67	79	92	104	129	141	153	8	20	32	44	56	68	80	
94	139	151	6	18	30	42	54	66	78	103	115	127	106	118	130	155	10	22	34	46	58	70	82	95	107	119	131	143	11	23	35	47	59	71	83	84	96	108	120	132	144	12	24	36	48	60	72	85	97	109	121	133	145	0	25	37	49	61	73	86	98	110	122	134	146	1	13	38	50	62	74	87	99	111	123	135	147	2	14	26	51	63	75	88	100	112	124	136	148	3	15	27	39	64	76	89	101	113	125	137	149	4	16	28	40	52	77	90	102	114	126	138	150	5	17	29	41	53	65	91	116	128	140	152	7	19	31	43	55	67	79	92	104	129	141	153	8	20	32	44	56	68	80	93	105	117	142	154	9	21	33	45	57	69	81	
95	151	6	18	30	42	54	66	78	103	115	127	139	107	119	131	143	11	23	35	47	59	71	83	84	96	108	120	132	144	12	24	36	48	60	72	85	97	109	121	133	145	0	25	37	49	61	73	86	98	110	122	134	146	1	13	38	50	62	74	87	99	111	123	135	147	2	14	26	51	63	75	88	100	112	124	136	148	3	15	27	39	64	76	89	101	113	125	137	149	4	16	28	40	52	77	90	102	114	126	138	150	5	17	29	41	53	65	91	116	128	140	152	7	19	31	43	55	67	79	92	104	129	141	153	8	20	32	44	56	68	80	93	105	117	142	154	9	21	33	45	57	69	81	94	106	118	130	155	10	22	34	46	58	70	82	
96	7	19	31	43	55	67	79	91	116	128	140	152	108	120	132	144	12	24	36	48	60	72	84	97	109	121	133	145	0	25	37	49	61	73	85	98	110	122	134	146	1	13	38	50	62	74	86	99	111	123	135	147	2	14	26	51	63	75	87	100	112	124	136	148	3	15	27	39	64	76	88	101	113	125	137	149	4	16	28	40	52	77	89	102	114	126	138	150	5	17	29	41	53	65	90	103	115	127	139	151	6	18	30	42	54	66	78	104	129	141	153	8	20	32	44	56	68	80	92	105	117	142	154	9	21	33	45	57	69	81	93	106	118	130	155	10	22	34	46	58	70	82	94	107	119	131	143	11	23	35	47	59	71	83	95	
97	19	31	43	55	67	79	91	116	128	140	152	7	109	121	133	145	0	25	37	49	61	73	85	98	110	122	134	146	1	13	38	50	62	74	86	99	111	123	135	147	2	14	26	51	63	75	87	100	112	124	136	148	3	15	27	39	64	76	88	101	113	125	137	149	4	16	28	40	52	77	89	102	114	126	138	150	5	17	29	41	53	65	90	103	115	127	139	151	6	18	30	42	54	66	78	104	129	141	153	8	20	32	44	56	68	80	92	105	117	142	154	9	21	33	45	57	69	81	93	106	118	130	155	10	22	34	46	58	70	82	94	107	119	131	143	11	23	35	47	59	71	83	95	96	108	120	132	144	12	24	36	48	60	72	84	
98	31	43	55	67	79	91	116	128	140	152	7	19	110	122	134	146	1	13	38	50	62	74	86	99	111	123	135	147	2	14	26	51	63	75	87	100	112	124	136	148	3	15	27	39	64	76	88	101	113	125	137	149	4	16	28	40	52	77	89	102	114	126	138	150	5	17	29	41	53	65	90	103	115	127	139	151	6	18	30	42	54	66	78	104	129	141	153	8	20	32	44	56	68	80	92	105	117	142	154	9	21	33	45	57	69	81	93	106	118	130	155	10	22	34	46	58	70	82	94	107	119	131	143	11	23	35	47	59	71	83	95	96	108	120	132	144	12	24	36	48	60	72	84	97	109	121	133	145	0	25	37	49	61	73	85	
99	43	55	67	79	91	116	128	140	152	7	19	31	111	123	135	147	2	14	26	51	63	75	87	100	112	124	136	148	3	15	27	39	64	76	88	101	113	125	137	149	4	16	28	40	52	77	89	102	114	126	138	150	5	17	29	41	53	65	90	103	115	127	139	151	6	18	30	42	54	66	78	104	129	141	153	8	20	32	44	56	68	80	92	105	117	142	154	9	21	33	45	57	69	81	93	106	118	130	155	10	22	34	46	58	70	82	94	107	119	131	143	11	23	35	47	59	71	83	95	96	108	120	132	144	12	24	36	48	60	72	84	97	109	121	133	145	0	25	37	49	61	73	85	98	110	122	134	146	1	13	38	50	62	74	86	
100	55	67	79	91	116	128	140	152	7	19	31	43	112	124	136	148	3	15	27	39	64	76	88	101	113	125	137	149	4	16	28	40	52	77	89	102	114	126	138	150	5	17	29	41	53	65	90	103	115	127	139	151	6	18	30	42	54	66	78	104	129	141	153	8	20	32	44	56	68	80	92	105	117	142	154	9	21	33	45	57	69	81	93	106	118	130	155	10	22	34	46	58	70	82	94	107	119	131	143	11	23	35	47	59	71	83	95	96	108	120	132	144	12	24	36	48	60	72	84	97	109	121	133	145	0	25	37	49	61	73	85	98	110	122	134	146	1	13	38	50	62	74	86	99	111	123	135	147	2	14	26	51	63	75	87	
101	67	79	91	116	128	140	152	7	19	31	43	55	113	125	137	149	4	16	28	40	52	77	89	102	114	126	138	150	5	17	29	41	53	65	90	103	115	127	139	151	6	18	30	42	54	66	78	104	129	141	153	8	20	32	44	56	68	80	92	105	117	142	154	9	21	33	45	57	69	81	93	106	118	130	155	10	22	34	46	58	70	82	94	107	119	131	143	11	23	35	47	59	71	83	95	96	108	120	132	144	12	24	36	48	60	72	84	97	109	121	133	145	0	25	37	49	61	73	85	98	110	122	134	146	1	13	38	50	62	74	86	99	111	123	135	147	2	14	26	51	63	75	87	100	112	124	136	148	3	15	27	39	64	76	88	
102	79	91	116	128	140	152	7	19	31	43	55	67	114	126	138	150	5	17	29	41	53	65	90	103	115	127	139	151	6	18	30	42	54	66	78	104	129	141	153	8	20	32	44	56	68	80	92	105	117	142	154	9	21	33	45	57	69	81	93	106	118	130	155	10	22	34	46	58	70	82	94	107	119	131	143	11	23	35	47	59	71	83	95	96	108	120	132	144	12	24	36	48	60	72	84	97	109	121	133	145	0	25	37	49	61	73	85	98	110	122	134	146	1	13	38	50	62	74	86	99	111	123	135	147	2	14	26	51	63	75	87	100	112	124	136	148	3	15	27	39	64	76	88	101	113	125	137	149	4	16	28	40	52	77	89	
103	91	116	128	140	152	7	19	31	43	55	67	79	115	127	139	151	6	18	30	42	54	66	78	104	129	141	153	8	20	32	44	56	68	80	92	105	117	142	154	9	21	33	45	57	69	81	93	106	118	130	155	10	22	34	46	58	70	82	94	107	119	131	143	11	23	35	47	59	71	83	95	96	108	120	132	144	12	24	36	48	60	72	84	97	109	121	133	145	0	25	37	49	61	73	85	98	110	122	134	146	1	13	38	50	62	74	86	99	111	123	135	147	2	14	26	51	63	75	87	100	112	124	136	148	3	15	27	39	64	76	88	101	113	125	137	149	4	16	28	40	52	77	89	102	114	126	138	150	5	17	29	41	53	65	90	
104	116	128	140	152	7	19	31	43	55	67	79	91	129	141	153	8	20	32	44	56	68	80	92	105	117	142	154	9	21	33	45	57	69	81	93	106	118	130	155	10	22	34	46	58	70	82	94	107	119	131	143	11	23	35	47	59	71	83	95	96	108	120	132	144	12	24	36	48	60	72	84	97	109	121	133	145	0	25	37	49	61	73	85	98	110	122	134	146	1	13	38	50	62	74	86	99	111	123	135	147	2	14	26	51	63	75	87	100	112	124	136	148	3	15	27	39	64	76	88	101	113	125	137	149	4	16	28	40	52	77	89	102	114	126	138	150	5	17	29	41	53	65	90	103	115	127	139	151	6	18	30	42	54	66	78	
105	128	140	152	7	19	31	43	55	67	79	91	116	117	142	154	9	21	33	45	57	69	81	93	106	118	130	155	10	22	34	46	58	70	82	94	107	119	131	143	11	23	35	47	59	71	83	95	96	108	120	132	144	12	24	36	48	60	72	84	97	109	121	133	145	0	25	37	49	61	73	85	98	110	122	134	146	1	13	38	50	62	74	86	99	111	123	135	147	2	14	26	51	63	75	87	100	112	124	136	148	3	15	27	39	64	76	88	101	113	125	137	149	4	16	28	40	52	77	89	102	114	126	138	150	5	17	29	41	53	65	90	103	115	127	139	151	6	18	30	42	54	66	78	104	129	141	153	8	20	32	44	56	68	80	92	
106	140	152	7	19	31	43	55	67	79	91	116	128	118	130	155	10	22	34	46	58	70	82	94	107	119	131	143	11	23	35	47	59	71	83	95	96	108	120	132	144	12	24	36	48	60	72	84	97	109	121	133	145	0	25	37	49	61	73	85	98	110	122	134	146	1	13	38	50	62	74	86	99	111	123	135	147	2	14	26	51	63	75	87	100	112	124	136	148	3	15	27	39	64	76	88	101	113	125	137	149	4	16	28	40	52	77	89	102	114	126	138	150	5	17	29	41	53	65	90	103	115	127	139	151	6	18	30	42	54	66	78	104	129	141	153	8	20	32	44	56	68	80	92	105	117	142	154	9	21	33	45	57	69	81	93	
107	152	7	19	31	43	55	67	79	91	116	128	140	119	131	143	11	23	35	47	59	71	83	95	96	108	120	132	144	12	24	36	48	60	72	84	97	109	121	133	145	0	25	37	49	61	73	85	98	110	122	134	146	1	13	38	50	62	74	86	99	111	123	135	147	2	14	26	51	63	75	87	100	112	124	136	148	3	15	27	39	64	76	88	101	113	125	137	149	4	16	28	40	52	77	89	102	114	126	138	150	5	17	29	41	53	65	90	103	115	127	139	151	6	18	30	42	54	66	78	104	129	141	153	8	20	32	44	56	68	80	92	105	117	142	154	9	21	33	45	57	69	81	93	106	118	130	155	10	22	34	46	58	70	82	94	
108	8	20	32	44	56	68	80	92	104	129	141	153	120	132	144	12	24	36	48	60	72	84	96	109	121	133	145	0	25	37	49	61	73	85	97	110	122	134	146	1	13	38	50	62	74	86	98	111	123	135	147	2	14	26	51	63	75	87	99	112	124	136	148	3	15	27	39	64	76	88	100	113	125	137	149	4	16	28	40	52	77	89	101	114	126	138	150	5	17	29	41	53	65	90	102	115	127	139	151	6	18	30	42	54	66	78	103	116	128	140	152	7	19	31	43	55	67	79	91	117	142	154	9	21	33	45	57	69	81	93	105	118	130	155	10	22	34	46	58	70	82	94	106	119	131	143	11	23	35	47	59	71	83	95	107	
109	20	32	44	56	68	80	92	104	129	141	153	8	121	133	145	0	25	37	49	61	73	85	97	110	122	134	146	1	13	38	50	62	74	86	98	111	123	135	147	2	14	26	51	63	75	87	99	112	124	136	148	3	15	27	39	64	76	88	100	113	125	137	149	4	16	28	40	52	77	89	101	114	126	138	150	5	17	29	41	53	65	90	102	115	127	139	151	6	18	30	42	54	66	78	103	116	128	140	152	7	19	31	43	55	67	79	91	117	142	154	9	21	33	45	57	69	81	93	105	118	130	155	10	22	34	46	58	70	82	94	106	119	131	143	11	23	35	47	59	71	83	95	107	108	120	132	144	12	24	36	48	60	72	84	96	
110	32	44	56	68	80	92	104	129	141	153	8	20	122	134	146	1	13	38	50	62	74	86	98	111	123	135	147	2	14	26	51	63	75	87	99	112	124	136	148	3	15	27	39	64	76	88	100	113	125	137	149	4	16	28	40	52	77	89	101	114	126	138	150	5	17	29	41	53	65	90	102	115	127	139	151	6	18	30	42	54	66	78	103	116	128	140	152	7	19	31	43	55	67	79	91	117	142	154	9	21	33	45	57	69	81	93	105	118	130	155	10	22	34	46	58	70	82	94	106	119	131	143	11	23	35	47	59	71	83	95	107	108	120	132	144	12	24	36	48	60	72	84	96	109	121	133	145	0	25	37	49	61	73	85	97	
111	44	56	68	80	92	104	129	141	153	8	20	32	123	135	147	2	14	26	51	63	75	87	99	112	124	136	148	3	15	27	39	64	76	88	100	113	125	137	149	4	16	28	40	52	77	89	101	114	126	138	150	5	17	29	41	53	65	90	102	115	127	139	151	6	18	30	42	54	66	78	103	116	128	140	152	7	19	31	43	55	67	79	91	117	142	154	9	21	33	45	57	69	81	93	105	118	130	155	10	22	34	46	58	70	82	94	106	119	131	143	11	23	35	47	59	71	83	95	107	108	120	132	144	12	24	36	48	60	72	84	96	109	121	133	145	0	25	37	49	61	73	85	97	110	122	134	146	1	13	38	50	62	74	86	98	
112	56	68	80	92	104	129	141	153	8	20	32	44	124	136	148	3	15	27	39	64	76	88	100	113	125	137	149	4	16	28	40	52	77	89	101	114	126	138	150	5	17	29	41	53	65	90	102	115	127	139	151	6	18	30	42	54	66	78	103	116	128	140	152	7	19	31	43	55	67	79	91	117	142	154	9	21	33	45	57	69	81	93	105	118	130	155	10	22	34	46	58	70	82	94	106	119	131	143	11	23	35	47	59	71	83	95	107	108	120	132	144	12	24	36	48	60	72	84	96	109	121	133	145	0	25	37	49	61	73	85	97	110	122	134	146	1	13	38	50	62	74	86	98	111	123	135	147	2	14	26	51	63	75	87	99	
113	68	80	92	104	129	141	153	8	20	32	44	56	125	137	149	4	16	28	40	52	77	89	101	114	126	138	150	5	17	29	41	53	65	90	102	115	127	139	151	6	18	30	42	54	66	78	103	116	128	140	152	7	19	31	43	55	67	79	91	117	142	154	9	21	33	45	57	69	81	93	105	118	130	155	10	22	34	46	58	70	82	94	106	119	131	143	11	23	35	47	59	71	83	95	107	108	120	132	144	12	24	36	48	60	72	84	96	109	121	133	145	0	25	37	49	61	73	85	97	110	122	134	146	1	13	38	50	62	74	86	98	111	123	135	147	2	14	26	51	63	75	87	99	112	124	136	148	3	15	27	39	64	76	88	100	
114	80	92	104	129	141	153	8	20	32	44	56	68	126	138	150	5	17	29	41	53	65	90	102	115	127	139	151	6	18	30	42	54	66	78	103	116	128	140	152	7	19	31	43	55	67	79	91	117	142	154	9	21	33	45	57	69	81	93	105	118	130	155	10	22	34	46	58	70	82	94	106	119	131	143	11	23	35	47	59	71	83	95	107	108	120	132	144	12	24	36	48	60	72	84	96	109	121	133	145	0	25	37	49	61	73	85	97	110	122	134	146	1	13	38	50	62	74	86	98	111	123	135	147	2	14	26	51	63	75	87	99	112	124	136	148	3	15	27	39	64	76	88	100	113	125	137	149	4	16	28	40	52	77	89	101	
115	92	104	129	141	153	8	20	32	44	56	68	80	127	139	151	6	18	30	42	54	66	78	103	116	128	140	152	7	19	31	43	55	67	79	91	117	142	154	9	21	33	45	57	69	81	93	105	118	130	155	10	22	34	46	58	70	82	94	106	119	131	143	11	23	35	47	59	71	83	95	107	108	120	132	144	12	24	36	48	60	72	84	96	109	121	133	145	0	25	37	49	61	73	85	97	110	122	134	146	1	13	38	50	62	74	86	98	111	123	135	147	2	14	26	51	63	75	87	99	112	124	136	148	3	15	27	39	64	76	88	100	113	125	137	149	4	16	28	40	52	77	89	101	114	126	138	150	5	17	29	41	53	65	90	102	
116	104	129	141	153	8	20	32	44	56	68	80	92	128	140	152	7	19	31	43	55	67	79	91	117	142	154	9	21	33	45	57	69	81	93	105	118	130	155	10	22	34	46	58	70	82	94	106	119	131	143	11	23	35	47	59	71	83	95	107	108	120	132	144	12	24	36	48	60	72	84	96	109	121	133	145	0	25	37	49	61	73	85	97	110	122	134	146	1	13	38	50	62	74	86	98	111	123	135	147	2	14	26	51	63	75	87	99	112	124	136	148	3	15	27	39	64	76	88	100	113	125	137	149	4	16	28	40	52	77	89	101	114	126	138	150	5	17	29	41	53	65	90	102	115	127	139	151	6	18	30	42	54	66	78	103	
117	129	141	153	8	20	32	44	56	68	80	92	104	142	154	9	21	33	45	57	69	81	93	105	118	130	155	10	22	34	46	58	70	82	94	106	119	131	143	11	23	35	47	59	71	83	95	107	108	120	132	144	12	24	36	48	60	72	84	96	109	121	133	145	0	25	37	49	61	73	85	97	110	122	134	146	1	13	38	50	62	74	86	98	111	123	135	147	2	14	26	51	63	75	87	99	112	124	136	148	3	15	27	39	64	76	88	100	113	125	137	149	4	16	28	40	52	77	89	101	114	126	138	150	5	17	29	41	53	65	90	102	115	127	139	151	6	18	30	42	54	66	78	103	116	128	140	152	7	19	31	43	55	67	79	91	
118	141	153	8	20	32	44	56	68	80	92	104	129	130	155	10	22	34	46	58	70	82	94	106	119	131	143	11	23	35	47	59	71	83	95	107	108	120	132	144	12	24	36	48	60	72	84	96	109	121	133	145	0	25	37	49	61	73	85	97	110	122	134	146	1	13	38	50	62	74	86	98	111	123	135	147	2	14	26	51	63	75	87	99	112	124	136	148	3	15	27	39	64	76	88	100	113	125	137	149	4	16	28	40	52	77	89	101	114	126	138	150	5	17	29	41	53	65	90	102	115	127	139	151	6	18	30	42	54	66	78	103	116	128	140	152	7	19	31	43	55	67	79	91	117	142	154	9	21	33	45	57	69	81	93	105	
119	153	8	20	32	44	56	68	80	92	104	129	141	131	143	11	23	35	47	59	71	83	95	107	108	120	132	144	12	24	36	48	60	72	84	96	109	121	133	145	0	25	37	49	61	73	85	97	110	122	134	146	1	13	38	50	62	74	86	98	111	123	135	147	2	14	26	51	63	75	87	99	112	124	136	148	3	15	27	39	64	76	88	100	113	125	137	149	4	16	28	40	52	77	89	101	114	126	138	150	5	17	29	41	53	65	90	102	115	127	139	151	6	18	30	42	54	66	78	103	116	128	140	152	7	19	31	43	55	67	79	91	117	142	154	9	21	33	45	57	69	81	93	105	118	130	155	10	22	34	46	58	70	82	94	106	
120	9	21	33	45	57	69	81	93	105	117	142	154	132	144	12	24	36	48	60	72	84	96	108	121	133	145	0	25	37	49	61	73	85	97	109	122	134	146	1	13	38	50	62	74	86	98	110	123	135	147	2	14	26	51	63	75	87	99	111	124	136	148	3	15	27	39	64	76	88	100	112	125	137	149	4	16	28	40	52	77	89	101	113	126	138	150	5	17	29	41	53	65	90	102	114	127	139	151	6	18	30	42	54	66	78	103	115	128	140	152	7	19	31	43	55	67	79	91	116	129	141	153	8	20	32	44	56	68	80	92	104	130	155	10	22	34	46	58	70	82	94	106	118	131	143	11	23	35	47	59	71	83	95	107	119	
121	21	33	45	57	69	81	93	105	117	142	154	9	133	145	0	25	37	49	61	73	85	97	109	122	134	146	1	13	38	50	62	74	86	98	110	123	135	147	2	14	26	51	63	75	87	99	111	124	136	148	3	15	27	39	64	76	88	100	112	125	137	149	4	16	28	40	52	77	89	101	113	126	138	150	5	17	29	41	53	65	90	102	114	127	139	151	6	18	30	42	54	66	78	103	115	128	140	152	7	19	31	43	55	67	79	91	116	129	141	153	8	20	32	44	56	68	80	92	104	130	155	10	22	34	46	58	70	82	94	106	118	131	143	11	23	35	47	59	71	83	95	107	119	120	132	144	12	24	36	48	60	72	84	96	108	
122	33	45	57	69	81	93	105	117	142	154	9	21	134	146	1	13	38	50	62	74	86	98	110	123	135	147	2	14	26	51	63	75	87	99	111	124	136	148	3	15	27	39	64	76	88	100	112	125	137	149	4	16	28	40	52	77	89	101	113	126	138	150	5	17	29	41	53	65	90	102	114	127	139	151	6	18	30	42	54	66	78	103	115	128	140	152	7	19	31	43	55	67	79	91	116	129	141	153	8	20	32	44	56	68	80	92	104	130	155	10	22	34	46	58	70	82	94	106	118	131	143	11	23	35	47	59	71	83	95	107	119	120	132	144	12	24	36	48	60	72	84	96	108	121	133	145	0	25	37	49	61	73	85	97	109	
123	45	57	69	81	93	105	117	142	154	9	21	33	135	147	2	14	26	51	63	75	87	99	111	124	136	148	3	15	27	39	64	76	88	100	112	125	137	149	4	16	28	40	52	77	89	101	113	126	138	150	5	17	29	41	53	65	90	102	114	127	139	151	6	18	30	42	54	66	78	103	115	128	140	152	7	19	31	43	55	67	79	91	116	129	141	153	8	20	32	44	56	68	80	92	104	130	155	10	22	34	46	58	70	82	94	106	118	131	143	11	23	35	47	59	71	83	95	107	119	120	132	144	12	24	36	48	60	72	84	96	108	121	133	145	0	25	37	49	61	73	85	97	109	122	134	146	1	13	38	50	62	74	86	98	110	
124	57	69	81	93	105	117	142	154	9	21	33	45	136	148	3	15	27	39	64	76	88	100	112	125	137	149	4	16	28	40	52	77	89	101	113	126	138	150	5	17	29	41	53	65	90	102	114	127	139	151	6	18	30	42	54	66	78	103	115	128	140	152	7	19	31	43	55	67	79	91	116	129	141	153	8	20	32	44	56	68	80	92	104	130	155	10	22	34	46	58	70	82	94	106	118	131	143	11	23	35	47	59	71	83	95	107	119	120	132	144	12	24	36	48	60	72	84	96	108	121	133	145	0	25	37	49	61	73	85	97	109	122	134	146	1	13	38	50	62	74	86	98	110	123	135	147	2	14	26	51	63	75	87	99	111	
125	69	81	93	105	117	142	154	9	21	33	45	57	137	149	4	16	28	40	52	77	89	101	113	126	138	150	5	17	29	41	53	65	90	102	114	127	139	151	6	18	30	42	54	66	78	103	115	128	140	152	7	19	31	43	55	67	79	91	116	129	141	153	8	20	32	44	56	68	80	92	104	130	155	10	22	34	46	58	70	82	94	106	118	131	143	11	23	35	47	59	71	83	95	107	119	120	132	144	12	24	36	48	60	72	84	96	108	121	133	145	0	25	37	49	61	73	85	97	109	122	134	146	1	13	38	50	62	74	86	98	110	123	135	147	2	14	26	51	63	75	87	99	111	124	136	148	3	15	27	39	64	76	88	100	112	
126	81	93	105	117	142	154	9	21	33	45	57	69	138	150	5	17	29	41	53	65	90	102	114	127	139	151	6	18	30	42	54	66	78	103	115	128	140	152	7	19	31	43	55	67	79	91	116	129	141	153	8	20	32	44	56	68	80	92	104	130	155	10	22	34	46	58	70	82	94	106	118	131	143	11	23	35	47	59	71	83	95	107	119	120	132	144	12	24	36	48	60	72	84	96	108	121	133	145	0	25	37	49	61	73	85	97	109	122	134	146	1	13	38	50	62	74	86	98	110	123	135	147	2	14	26	51	63	75	87	99	111	124	136	148	3	15	27	39	64	76	88	100	112	125	137	149	4	16	28	40	52	77	89	101	113	
127	93	105	117	142	154	9	21	33	45	57	69	81	139	151	6	18	30	42	54	66	78	103	115	128	140	152	7	19	31	43	55	67	79	91	116	129	141	153	8	20	32	44	56	68	80	92	104	130	155	10	22	34	46	58	70	82	94	106	118	131	143	11	23	35	47	59	71	83	95	107	119	120	132	144	12	24	36	48	60	72	84	96	108	121	133	145	0	25	37	49	61	73	85	97	109	122	134	146	1	13	38	50	62	74	86	98	110	123	135	147	2	14	26	51	63	75	87	99	111	124	136	148	3	15	27	39	64	76	88	100	112	125	137	149	4	16	28	40	52	77	89	101	113	126	138	150	5	17	29	41	53	65	90	102	114	
128	105	117	142	154	9	21	33	45	57	69	81	93	140	152	7	19	31	43	55	67	79	91	116	129	141	153	8	20	32	44	56	68	80	92	104	130	155	10	22	34	46	58	70	82	94	106	118	131	143	11	23	35	47	59	71	83	95	107	119	120	132	144	12	24	36	48	60	72	84	96	108	121	133	145	0	25	37	49	61	73	85	97	109	122	134	146	1	13	38	50	62	74	86	98	110	123	135	147	2	14	26	51	63	75	87	99	111	124	136	148	3	15	27	39	64	76	88	100	112	125	137	149	4	16	28	40	52	77	89	101	113	126	138	150	5	17	29	41	53	65	90	102	114	127	139	151	6	18	30	42	54	66	78	103	115	
129	117	142	154	9	21	33	45	57	69	81	93	105	141	153	8	20	32	44	56	68	80	92	104	130	155	10	22	34	46	58	70	82	94	106	118	131	143	11	23	35	47	59	71	83	95	107	119	120	132	144	12	24	36	48	60	72	84	96	108	121	133	145	0	25	37	49	61	73	85	97	109	122	134	146	1	13	38	50	62	74	86	98	110	123	135	147	2	14	26	51	63	75	87	99	111	124	136	148	3	15	27	39	64	76	88	100	112	125	137	149	4	16	28	40	52	77	89	101	113	126	138	150	5	17	29	41	53	65	90	102	114	127	139	151	6	18	30	42	54	66	78	103	115	128	140	152	7	19	31	43	55	67	79	91	116	
130	142	154	9	21	33	45	57	69	81	93	105	117	155	10	22	34	46	58	70	82	94	106	118	131	143	11	23	35	47	59	71	83	95	107	119	120	132	144	12	24	36	48	60	72	84	96	108	121	133	145	0	25	37	49	61	73	85	97	109	122	134	146	1	13	38	50	62	74	86	98	110	123	135	147	2	14	26	51	63	75	87	99	111	124	136	148	3	15	27	39	64	76	88	100	112	125	137	149	4	16	28	40	52	77	89	101	113	126	138	150	5	17	29	41	53	65	90	102	114	127	139	151	6	18	30	42	54	66	78	103	115	128	140	152	7	19	31	43	55	67	79	91	116	129	141	153	8	20	32	44	56	68	80	92	104	
131	154	9	21	33	45	57	69	81	93	105	117	142	143	11	23	35	47	59	71	83	95	107	119	120	132	144	12	24	36	48	60	72	84	96	108	121	133	145	0	25	37	49	61	73	85	97	109	122	134	146	1	13	38	50	62	74	86	98	110	123	135	147	2	14	26	51	63	75	87	99	111	124	136	148	3	15	27	39	64	76	88	100	112	125	137	149	4	16	28	40	52	77	89	101	113	126	138	150	5	17	29	41	53	65	90	102	114	127	139	151	6	18	30	42	54	66	78	103	115	128	140	152	7	19	31	43	55	67	79	91	116	129	141	153	8	20	32	44	56	68	80	92	104	130	155	10	22	34	46	58	70	82	94	106	118	
132	10	22	34	46	58	70	82	94	106	118	130	155	144	12	24	36	48	60	72	84	96	108	120	133	145	0	25	37	49	61	73	85	97	109	121	134	146	1	13	38	50	62	74	86	98	110	122	135	147	2	14	26	51	63	75	87	99	111	123	136	148	3	15	27	39	64	76	88	100	112	124	137	149	4	16	28	40	52	77	89	101	113	125	138	150	5	17	29	41	53	65	90	102	114	126	139	151	6	18	30	42	54	66	78	103	115	127	140	152	7	19	31	43	55	67	79	91	116	128	141	153	8	20	32	44	56	68	80	92	104	129	142	154	9	21	33	45	57	69	81	93	105	117	143	11	23	35	47	59	71	83	95	107	119	131	
133	22	34	46	58	70	82	94	106	118	130	155	10	145	0	25	37	49	61	73	85	97	109	121	134	146	1	13	38	50	62	74	86	98	110	122	135	147	2	14	26	51	63	75	87	99	111	123	136	148	3	15	27	39	64	76	88	100	112	124	137	149	4	16	28	40	52	77	89	101	113	125	138	150	5	17	29	41	53	65	90	102	114	126	139	151	6	18	30	42	54	66	78	103	115	127	140	152	7	19	31	43	55	67	79	91	116	128	141	153	8	20	32	44	56	68	80	92	104	129	142	154	9	21	33	45	57	69	81	93	105	117	143	11	23	35	47	59	71	83	95	107	119	131	132	144	12	24	36	48	60	72	84	96	108	120	
134	34	46	58	70	82	94	106	118	130	155	10	22	146	1	13	38	50	62	74	86	98	110	122	135	147	2	14	26	51	63	75	87	99	111	123	136	148	3	15	27	39	64	76	88	100	112	124	137	149	4	16	28	40	52	77	89	101	113	125	138	150	5	17	29	41	53	65	90	102	114	126	139	151	6	18	30	42	54	66	78	103	115	127	140	152	7	19	31	43	55	67	79	91	116	128	141	153	8	20	32	44	56	68	80	92	104	129	142	154	9	21	33	45	57	69	81	93	105	117	143	11	23	35	47	59	71	83	95	107	119	131	132	144	12	24	36	48	60	72	84	96	108	120	133	145	0	25	37	49	61	73	85	97	109	121	
135	46	58	70	82	94	106	118	130	155	10	22	34	147	2	14	26	51	63	75	87	99	111	123	136	148	3	15	27	39	64	76	88	100	112	124	137	149	4	16	28	40	52	77	89	101	113	125	138	150	5	17	29	41	53	65	90	102	114	126	139	151	6	18	30	42	54	66	78	103	115	127	140	152	7	19	31	43	55	67	79	91	116	128	141	153	8	20	32	44	56	68	80	92	104	129	142	154	9	21	33	45	57	69	81	93	105	117	143	11	23	35	47	59	71	83	95	107	119	131	132	144	12	24	36	48	60	72	84	96	108	120	133	145	0	25	37	49	61	73	85	97	109	121	134	146	1	13	38	50	62	74	86	98	110	122	
136	58	70	82	94	106	118	130	155	10	22	34	46	148	3	15	27	39	64	76	88	100	112	124	137	149	4	16	28	40	52	77	89	101	113	125	138	150	5	17	29	41	53	65	90	102	114	126	139	151	6	18	30	42	54	66	78	103	115	127	140	152	7	19	31	43	55	67	79	91	116	128	141	153	8	20	32	44	56	68	80	92	104	129	142	154	9	21	33	45	57	69	81	93	105	117	143	11	23	35	47	59	71	83	95	107	119	131	132	144	12	24	36	48	60	72	84	96	108	120	133	145	0	25	37	49	61	73	85	97	109	121	134	146	1	13	38	50	62	74	86	98	110	122	135	147	2	14	26	51	63	75	87	99	111	123	
137	70	82	94	106	118	130	155	10	22	34	46	58	149	4	16	28	40	52	77	89	101	113	125	138	150	5	17	29	41	53	65	90	102	114	126	139	151	6	18	30	42	54	66	78	103	115	127	140	152	7	19	31	43	55	67	79	91	116	128	141	153	8	20	32	44	56	68	80	92	104	129	142	154	9	21	33	45	57	69	81	93	105	117	143	11	23	35	47	59	71	83	95	107	119	131	132	144	12	24	36	48	60	72	84	96	108	120	133	145	0	25	37	49	61	73	85	97	109	121	134	146	1	13	38	50	62	74	86	98	110	122	135	147	2	14	26	51	63	75	87	99	111	123	136	148	3	15	27	39	64	76	88	100	112	124	
138	82	94	106	118	130	155	10	22	34	46	58	70	150	5	17	29	41	53	65	90	102	114	126	139	151	6	18	30	42	54	66	78	103	115	127	140	152	7	19	31	43	55	67	79	91	116	128	141	153	8	20	32	44	56	68	80	92	104	129	142	154	9	21	33	45	57	69	81	93	105	117	143	11	23	35	47	59	71	83	95	107	119	131	132	144	12	24	36	48	60	72	84	96	108	120	133	145	0	25	37	49	61	73	85	97	109	121	134	146	1	13	38	50	62	74	86	98	110	122	135	147	2	14	26	51	63	75	87	99	111	123	136	148	3	15	27	39	64	76	88	100	112	124	137	149	4	16	28	40	52	77	89	101	113	125	
139	94	106	118	130	155	10	22	34	46	58	70	82	151	6	18	30	42	54	66	78	103	115	127	140	152	7	19	31	43	55	67	79	91	116	128	141	153	8	20	32	44	56	68	80	92	104	129	142	154	9	21	33	45	57	69	81	93	105	117	143	11	23	35	47	59	71	83	95	107	119	131	132	144	12	24	36	48	60	72	84	96	108	120	133	145	0	25	37	49	61	73	85	97	109	121	134	146	1	13	38	50	62	74	86	98	110	122	135	147	2	14	26	51	63	75	87	99	111	123	136	148	3	15	27	39	64	76	88	100	112	124	137	149	4	16	28	40	52	77	89	101	113	125	138	150	5	17	29	41	53	65	90	102	114	126	
140	106	118	130	155	10	22	34	46	58	70	82	94	152	7	19	31	43	55	67	79	91	116	128	141	153	8	20	32	44	56	68	80	92	104	129	142	154	9	21	33	45	57	69	81	93	105	117	143	11	23	35	47	59	71	83	95	107	119	131	132	144	12	24	36	48	60	72	84	96	108	120	133	145	0	25	37	49	61	73	85	97	109	121	134	146	1	13	38	50	62	74	86	98	110	122	135	147	2	14	26	51	63	75	87	99	111	123	136	148	3	15	27	39	64	76	88	100	112	124	137	149	4	16	28	40	52	77	89	101	113	125	138	150	5	17	29	41	53	65	90	102	114	126	139	151	6	18	30	42	54	66	78	103	115	127	
141	118	130	155	10	22	34	46	58	70	82	94	106	153	8	20	32	44	56	68	80	92	104	129	142	154	9	21	33	45	57	69	81	93	105	117	143	11	23	35	47	59	71	83	95	107	119	131	132	144	12	24	36	48	60	72	84	96	108	120	133	145	0	25	37	49	61	73	85	97	109	121	134	146	1	13	38	50	62	74	86	98	110	122	135	147	2	14	26	51	63	75	87	99	111	123	136	148	3	15	27	39	64	76	88	100	112	124	137	149	4	16	28	40	52	77	89	101	113	125	138	150	5	17	29	41	53	65	90	102	114	126	139	151	6	18	30	42	54	66	78	103	115	127	140	152	7	19	31	43	55	67	79	91	116	128	
142	130	155	10	22	34	46	58	70	82	94	106	118	154	9	21	33	45	57	69	81	93	105	117	143	11	23	35	47	59	71	83	95	107	119	131	132	144	12	24	36	48	60	72	84	96	108	120	133	145	0	25	37	49	61	73	85	97	109	121	134	146	1	13	38	50	62	74	86	98	110	122	135	147	2	14	26	51	63	75	87	99	111	123	136	148	3	15	27	39	64	76	88	100	112	124	137	149	4	16	28	40	52	77	89	101	113	125	138	150	5	17	29	41	53	65	90	102	114	126	139	151	6	18	30	42	54	66	78	103	115	127	140	152	7	19	31	43	55	67	79	91	116	128	141	153	8	20	32	44	56	68	80	92	104	129	
143	155	10	22	34	46	58	70	82	94	106	118	130	11	23	35	47	59	71	83	95	107	119	131	132	144	12	24	36	48	60	72	84	96	108	120	133	145	0	25	37	49	61	73	85	97	109	121	134	146	1	13	38	50	62	74	86	98	110	122	135	147	2	14	26	51	63	75	87	99	111	123	136	148	3	15	27	39	64	76	88	100	112	124	137	149	4	16	28	40	52	77	89	101	113	125	138	150	5	17	29	41	53	65	90	102	114	126	139	151	6	18	30	42	54	66	78	103	115	127	140	152	7	19	31	43	55	67	79	91	116	128	141	153	8	20	32	44	56	68	80	92	104	129	142	154	9	21	33	45	57	69	81	93	105	117	
144	11	23	35	47	59	71	83	95	107	119	131	143	12	24	36	48	60	72	84	96	108	120	132	145	0	25	37	49	61	73	85	97	109	121	133	146	1	13	38	50	62	74	86	98	110	122	134	147	2	14	26	51	63	75	87	99	111	123	135	148	3	15	27	39	64	76	88	100	112	124	136	149	4	16	28	40	52	77	89	101	113	125	137	150	5	17	29	41	53	65	90	102	114	126	138	151	6	18	30	42	54	66	78	103	115	127	139	152	7	19	31	43	55	67	79	91	116	128	140	153	8	20	32	44	56	68	80	92	104	129	141	154	9	21	33	45	57	69	81	93	105	117	142	155	10	22	34	46	58	70	82	94	106	118	130	
145	23	35	47	59	71	83	95	107	119	131	143	11	0	25	37	49	61	73	85	97	109	121	133	146	1	13	38	50	62	74	86	98	110	122	134	147	2	14	26	51	63	75	87	99	111	123	135	148	3	15	27	39	64	76	88	100	112	124	136	149	4	16	28	40	52	77	89	101	113	125	137	150	5	17	29	41	53	65	90	102	114	126	138	151	6	18	30	42	54	66	78	103	115	127	139	152	7	19	31	43	55	67	79	91	116	128	140	153	8	20	32	44	56	68	80	92	104	129	141	154	9	21	33	45	57	69	81	93	105	117	142	155	10	22	34	46	58	70	82	94	106	118	130	144	12	24	36	48	60	72	84	96	108	120	132	
146	35	47	59	71	83	95	107	119	131	143	11	23	1	13	38	50	62	74	86	98	110	122	134	147	2	14	26	51	63	75	87	99	111	123	135	148	3	15	27	39	64	76	88	100	112	124	136	149	4	16	28	40	52	77	89	101	113	125	137	150	5	17	29	41	53	65	90	102	114	126	138	151	6	18	30	42	54	66	78	103	115	127	139	152	7	19	31	43	55	67	79	91	116	128	140	153	8	20	32	44	56	68	80	92	104	129	141	154	9	21	33	45	57	69	81	93	105	117	142	155	10	22	34	46	58	70	82	94	106	118	130	144	12	24	36	48	60	72	84	96	108	120	132	145	0	25	37	49	61	73	85	97	109	121	133	
147	47	59	71	83	95	107	119	131	143	11	23	35	2	14	26	51	63	75	87	99	111	123	135	148	3	15	27	39	64	76	88	100	112	124	136	149	4	16	28	40	52	77	89	101	113	125	137	150	5	17	29	41	53	65	90	102	114	126	138	151	6	18	30	42	54	66	78	103	115	127	139	152	7	19	31	43	55	67	79	91	116	128	140	153	8	20	32	44	56	68	80	92	104	129	141	154	9	21	33	45	57	69	81	93	105	117	142	155	10	22	34	46	58	70	82	94	106	118	130	144	12	24	36	48	60	72	84	96	108	120	132	145	0	25	37	49	61	73	85	97	109	121	133	146	1	13	38	50	62	74	86	98	110	122	134	
148	59	71	83	95	107	119	131	143	11	23	35	47	3	15	27	39	64	76	88	100	112	124	136	149	4	16	28	40	52	77	89	101	113	125	137	150	5	17	29	41	53	65	90	102	114	126	138	151	6	18	30	42	54	66	78	103	115	127	139	152	7	19	31	43	55	67	79	91	116	128	140	153	8	20	32	44	56	68	80	92	104	129	141	154	9	21	33	45	57	69	81	93	105	117	142	155	10	22	34	46	58	70	82	94	106	118	130	144	12	24	36	48	60	72	84	96	108	120	132	145	0	25	37	49	61	73	85	97	109	121	133	146	1	13	38	50	62	74	86	98	110	122	134	147	2	14	26	51	63	75	87	99	111	123	135	
149	71	83	95	107	119	131	143	11	23	35	47	59	4	16	28	40	52	77	89	101	113	125	137	150	5	17	29	41	53	65	90	102	114	126	138	151	6	18	30	42	54	66	78	103	115	127	139	152	7	19	31	43	55	67	79	91	116	128	140	153	8	20	32	44	56	68	80	92	104	129	141	154	9	21	33	45	57	69	81	93	105	117	142	155	10	22	34	46	58	70	82	94	106	118	130	144	12	24	36	48	60	72	84	96	108	120	132	145	0	25	37	49	61	73	85	97	109	121	133	146	1	13	38	50	62	74	86	98	110	122	134	147	2	14	26	51	63	75	87	99	111	123	135	148	3	15	27	39	64	76	88	100	112	124	136	
150	83	95	107	119	131	143	11	23	35	47	59	71	5	17	29	41	53	65	90	102	114	126	138	151	6	18	30	42	54	66	78	103	115	127	139	152	7	19	31	43	55	67	79	91	116	128	140	153	8	20	32	44	56	68	80	92	104	129	141	154	9	21	33	45	57	69	81	93	105	117	142	155	10	22	34	46	58	70	82	94	106	118	130	144	12	24	36	48	60	72	84	96	108	120	132	145	0	25	37	49	61	73	85	97	109	121	133	146	1	13	38	50	62	74	86	98	110	122	134	147	2	14	26	51	63	75	87	99	111	123	135	148	3	15	27	39	64	76	88	100	112	124	136	149	4	16	28	40	52	77	89	101	113	125	137	
151	95	107	119	131	143	11	23	35	47	59	71	83	6	18	30	42	54	66	78	103	115	127	139	152	7	19	31	43	55	67	79	91	116	128	140	153	8	20	32	44	56	68	80	92	104	129	141	154	9	21	33	45	57	69	81	93	105	117	142	155	10	22	34	46	58	70	82	94	106	118	130	144	12	24	36	48	60	72	84	96	108	120	132	145	0	25	37	49	61	73	85	97	109	121	133	146	1	13	38	50	62	74	86	98	110	122	134	147	2	14	26	51	63	75	87	99	111	123	135	148	3	15	27	39	64	76	88	100	112	124	136	149	4	16	28	40	52	77	89	101	113	125	137	150	5	17	29	41	53	65	90	102	114	126	138	
152	107	119	131	143	11	23	35	47	59	71	83	95	7	19	31	43	55	67	79	91	116	128	140	153	8	20	32	44	56	68	80	92	104	129	141	154	9	21	33	45	57	69	81	93	105	117	142	155	10	22	34	46	58	70	82	94	106	118	130	144	12	24	36	48	60	72	84	96	108	120	132	145	0	25	37	49	61	73	85	97	109	121	133	146	1	13	38	50	62	74	86	98	110	122	134	147	2	14	26	51	63	75	87	99	111	123	135	148	3	15	27	39	64	76	88	100	112	124	136	149	4	16	28	40	52	77	89	101	113	125	137	150	5	17	29	41	53	65	90	102	114	126	138	151	6	18	30	42	54	66	78	103	115	127	139	
153	119	131	143	11	23	35	47	59	71	83	95	107	8	20	32	44	56	68	80	92	104	129	141	154	9	21	33	45	57	69	81	93	105	117	142	155	10	22	34	46	58	70	82	94	106	118	130	144	12	24	36	48	60	72	84	96	108	120	132	145	0	25	37	49	61	73	85	97	109	121	133	146	1	13	38	50	62	74	86	98	110	122	134	147	2	14	26	51	63	75	87	99	111	123	135	148	3	15	27	39	64	76	88	100	112	124	136	149	4	16	28	40	52	77	89	101	113	125	137	150	5	17	29	41	53	65	90	102	114	126	138	151	6	18	30	42	54	66	78	103	115	127	139	152	7	19	31	43	55	67	79	91	116	128	140	
154	131	143	11	23	35	47	59	71	83	95	107	119	9	21	33	45	57	69	81	93	105	117	142	155	10	22	34	46	58	70	82	94	106	118	130	144	12	24	36	48	60	72	84	96	108	120	132	145	0	25	37	49	61	73	85	97	109	121	133	146	1	13	38	50	62	74	86	98	110	122	134	147	2	14	26	51	63	75	87	99	111	123	135	148	3	15	27	39	64	76	88	100	112	124	136	149	4	16	28	40	52	77	89	101	113	125	137	150	5	17	29	41	53	65	90	102	114	126	138	151	6	18	30	42	54	66	78	103	115	127	139	152	7	19	31	43	55	67	79	91	116	128	140	153	8	20	32	44	56	68	80	92	104	129	141	
155	143	11	23	35	47	59	71	83	95	107	119	131	10	22	34	46	58	70	82	94	106	118	130	144	12	24	36	48	60	72	84	96	108	120	132	145	0	25	37	49	61	73	85	97	109	121	133	146	1	13	38	50	62	74	86	98	110	122	134	147	2	14	26	51	63	75	87	99	111	123	135	148	3	15	27	39	64	76	88	100	112	124	136	149	4	16	28	40	52	77	89	101	113	125	137	150	5	17	29	41	53	65	90	102	114	126	138	151	6	18	30	42	54	66	78	103	115	127	139	152	7	19	31	43	55	67	79	91	116	128	140	153	8	20	32	44	56	68	80	92	104	129	141	154	9	21	33	45	57	69	81	93	105	117	142	
