0:	11 22 33 44 55 66 77 88 99 110 121 
1:	22 33 44 55 66 77 88 99 110 121 11 
2:	33 44 55 66 77 88 99 110 121 11 22 
3:	44 55 66 77 88 99 110 121 11 22 33 
4:	55 66 77 88 99 110 121 11 22 33 44 
5:	66 77 88 99 110 121 11 22 33 44 55 
6:	77 88 99 110 121 11 22 33 44 55 66 
7:	88 99 110 121 11 22 33 44 55 66 77 
8:	99 110 121 11 22 33 44 55 66 77 88 
9:	110 121 11 22 33 44 55 66 77 88 99 
10:	121 11 22 33 44 55 66 77 88 99 110 
11:	0 23 34 45 56 67 78 89 100 111 122 
12:	23 34 45 56 67 78 89 100 111 122 0 
13:	34 45 56 67 78 89 100 111 122 0 23 
14:	45 56 67 78 89 100 111 122 0 23 34 
15:	56 67 78 89 100 111 122 0 23 34 45 
16:	67 78 89 100 111 122 0 23 34 45 56 
17:	78 89 100 111 122 0 23 34 45 56 67 
18:	89 100 111 122 0 23 34 45 56 67 78 
19:	100 111 122 0 23 34 45 56 67 78 89 
20:	111 122 0 23 34 45 56 67 78 89 100 
21:	122 0 23 34 45 56 67 78 89 100 111 
22:	1 12 35 46 57 68 79 90 101 112 123 
23:	12 35 46 57 68 79 90 101 112 123 1 
24:	35 46 57 68 79 90 101 112 123 1 12 
25:	46 57 68 79 90 101 112 123 1 12 35 
26:	57 68 79 90 101 112 123 1 12 35 46 
27:	68 79 90 101 112 123 1 12 35 46 57 
28:	79 90 101 112 123 1 12 35 46 57 68 
29:	90 101 112 123 1 12 35 46 57 68 79 
30:	101 112 123 1 12 35 46 57 68 79 90 
31:	112 123 1 12 35 46 57 68 79 90 101 
32:	123 1 12 35 46 57 68 79 90 101 112 
33:	2 13 24 47 58 69 80 91 102 113 124 
34:	13 24 47 58 69 80 91 102 113 124 2 
35:	24 47 58 69 80 91 102 113 124 2 13 
36:	47 58 69 80 91 102 113 124 2 13 24 
37:	58 69 80 91 102 113 124 2 13 24 47 
38:	69 80 91 102 113 124 2 13 24 47 58 
39:	80 91 102 113 124 2 13 24 47 58 69 
40:	91 102 113 124 2 13 24 47 58 69 80 
41:	102 113 124 2 13 24 47 58 69 80 91 
42:	113 124 2 13 24 47 58 69 80 91 102 
43:	124 2 13 24 47 58 69 80 91 102 113 
44:	3 14 25 36 59 70 81 92 103 114 125 
45:	14 25 36 59 70 81 92 103 114 125 3 
46:	25 36 59 70 81 92 103 114 125 3 14 
47:	36 59 70 81 92 103 114 125 3 14 25 
48:	59 70 81 92 103 114 125 3 14 25 36 
49:	70 81 92 103 114 125 3 14 25 36 59 
50:	81 92 103 114 125 3 14 25 36 59 70 
51:	92 103 114 125 3 14 25 36 59 70 81 
52:	103 114 125 3 14 25 36 59 70 81 92 
53:	114 125 3 14 25 36 59 70 81 92 103 
54:	125 3 14 25 36 59 70 81 92 103 114 
55:	4 15 26 37 48 71 82 93 104 115 126 
56:	15 26 37 48 71 82 93 104 115 126 4 
57:	26 37 48 71 82 93 104 115 126 4 15 
58:	37 48 71 82 93 104 115 126 4 15 26 
59:	48 71 82 93 104 115 126 4 15 26 37 
60:	71 82 93 104 115 126 4 15 26 37 48 
61:	82 93 104 115 126 4 15 26 37 48 71 
62:	93 104 115 126 4 15 26 37 48 71 82 
63:	104 115 126 4 15 26 37 48 71 82 93 
64:	115 126 4 15 26 37 48 71 82 93 104 
65:	126 4 15 26 37 48 71 82 93 104 115 
66:	5 16 27 38 49 60 83 94 105 116 127 
67:	16 27 38 49 60 83 94 105 116 127 5 
68:	27 38 49 60 83 94 105 116 127 5 16 
69:	38 49 60 83 94 105 116 127 5 16 27 
70:	49 60 83 94 105 116 127 5 16 27 38 
71:	60 83 94 105 116 127 5 16 27 38 49 
72:	83 94 105 116 127 5 16 27 38 49 60 
73:	94 105 116 127 5 16 27 38 49 60 83 
74:	105 116 127 5 16 27 38 49 60 83 94 
75:	116 127 5 16 27 38 49 60 83 94 105 
76:	127 5 16 27 38 49 60 83 94 105 116 
77:	6 17 28 39 50 61 72 95 106 117 128 
78:	17 28 39 50 61 72 95 106 117 128 6 
79:	28 39 50 61 72 95 106 117 128 6 17 
80:	39 50 61 72 95 106 117 128 6 17 28 
81:	50 61 72 95 106 117 128 6 17 28 39 
82:	61 72 95 106 117 128 6 17 28 39 50 
83:	72 95 106 117 128 6 17 28 39 50 61 
84:	95 106 117 128 6 17 28 39 50 61 72 
85:	106 117 128 6 17 28 39 50 61 72 95 
86:	117 128 6 17 28 39 50 61 72 95 106 
87:	128 6 17 28 39 50 61 72 95 106 117 
88:	7 18 29 40 51 62 73 84 107 118 129 
89:	18 29 40 51 62 73 84 107 118 129 7 
90:	29 40 51 62 73 84 107 118 129 7 18 
91:	40 51 62 73 84 107 118 129 7 18 29 
92:	51 62 73 84 107 118 129 7 18 29 40 
93:	62 73 84 107 118 129 7 18 29 40 51 
94:	73 84 107 118 129 7 18 29 40 51 62 
95:	84 107 118 129 7 18 29 40 51 62 73 
96:	107 118 129 7 18 29 40 51 62 73 84 
97:	118 129 7 18 29 40 51 62 73 84 107 
98:	129 7 18 29 40 51 62 73 84 107 118 
99:	8 19 30 41 52 63 74 85 96 119 130 
100:	19 30 41 52 63 74 85 96 119 130 8 
101:	30 41 52 63 74 85 96 119 130 8 19 
102:	41 52 63 74 85 96 119 130 8 19 30 
103:	52 63 74 85 96 119 130 8 19 30 41 
104:	63 74 85 96 119 130 8 19 30 41 52 
105:	74 85 96 119 130 8 19 30 41 52 63 
106:	85 96 119 130 8 19 30 41 52 63 74 
107:	96 119 130 8 19 30 41 52 63 74 85 
108:	119 130 8 19 30 41 52 63 74 85 96 
109:	130 8 19 30 41 52 63 74 85 96 119 
110:	9 20 31 42 53 64 75 86 97 108 131 
111:	20 31 42 53 64 75 86 97 108 131 9 
112:	31 42 53 64 75 86 97 108 131 9 20 
113:	42 53 64 75 86 97 108 131 9 20 31 
114:	53 64 75 86 97 108 131 9 20 31 42 
115:	64 75 86 97 108 131 9 20 31 42 53 
116:	75 86 97 108 131 9 20 31 42 53 64 
117:	86 97 108 131 9 20 31 42 53 64 75 
118:	97 108 131 9 20 31 42 53 64 75 86 
119:	108 131 9 20 31 42 53 64 75 86 97 
120:	131 9 20 31 42 53 64 75 86 97 108 
121:	10 21 32 43 54 65 76 87 98 109 120 
122:	21 32 43 54 65 76 87 98 109 120 10 
123:	32 43 54 65 76 87 98 109 120 10 21 
124:	43 54 65 76 87 98 109 120 10 21 32 
125:	54 65 76 87 98 109 120 10 21 32 43 
126:	65 76 87 98 109 120 10 21 32 43 54 
127:	76 87 98 109 120 10 21 32 43 54 65 
128:	87 98 109 120 10 21 32 43 54 65 76 
129:	98 109 120 10 21 32 43 54 65 76 87 
130:	109 120 10 21 32 43 54 65 76 87 98 
131:	120 10 21 32 43 54 65 76 87 98 109 
0	11	22	33	44	55	66	77	88	99	110	121	23	34	45	56	67	78	89	100	111	122	1	12	35	46	57	68	79	90	101	112	123	2	13	24	47	58	69	80	91	102	113	124	3	14	25	36	59	70	81	92	103	114	125	4	15	26	37	48	71	82	93	104	115	126	5	16	27	38	49	60	83	94	105	116	127	6	17	28	39	50	61	72	95	106	117	128	7	18	29	40	51	62	73	84	107	118	129	8	19	30	41	52	63	74	85	96	119	130	9	20	31	42	53	64	75	86	97	108	131	10	21	32	43	54	65	76	87	98	109	120	
1	22	33	44	55	66	77	88	99	110	121	11	12	35	46	57	68	79	90	101	112	123	2	13	24	47	58	69	80	91	102	113	124	3	14	25	36	59	70	81	92	103	114	125	4	15	26	37	48	71	82	93	104	115	126	5	16	27	38	49	60	83	94	105	116	127	6	17	28	39	50	61	72	95	106	117	128	7	18	29	40	51	62	73	84	107	118	129	8	19	30	41	52	63	74	85	96	119	130	9	20	31	42	53	64	75	86	97	108	131	10	21	32	43	54	65	76	87	98	109	120	0	23	34	45	56	67	78	89	100	111	122	
2	33	44	55	66	77	88	99	110	121	11	22	13	24	47	58	69	80	91	102	113	124	3	14	25	36	59	70	81	92	103	114	125	4	15	26	37	48	71	82	93	104	115	126	5	16	27	38	49	60	83	94	105	116	127	6	17	28	39	50	61	72	95	106	117	128	7	18	29	40	51	62	73	84	107	118	129	8	19	30	41	52	63	74	85	96	119	130	9	20	31	42	53	64	75	86	97	108	131	10	21	32	43	54	65	76	87	98	109	120	0	23	34	45	56	67	78	89	100	111	122	1	12	35	46	57	68	79	90	101	112	123	
3	44	55	66	77	88	99	110	121	11	22	33	14	25	36	59	70	81	92	103	114	125	4	15	26	37	48	71	82	93	104	115	126	5	16	27	38	49	60	83	94	105	116	127	6	17	28	39	50	61	72	95	106	117	128	7	18	29	40	51	62	73	84	107	118	129	8	19	30	41	52	63	74	85	96	119	130	9	20	31	42	53	64	75	86	97	108	131	10	21	32	43	54	65	76	87	98	109	120	0	23	34	45	56	67	78	89	100	111	122	1	12	35	46	57	68	79	90	101	112	123	2	13	24	47	58	69	80	91	102	113	124	
4	55	66	77	88	99	110	121	11	22	33	44	15	26	37	48	71	82	93	104	115	126	5	16	27	38	49	60	83	94	105	116	127	6	17	28	39	50	61	72	95	106	117	128	7	18	29	40	51	62	73	84	107	118	129	8	19	30	41	52	63	74	85	96	119	130	9	20	31	42	53	64	75	86	97	108	131	10	21	32	43	54	65	76	87	98	109	120	0	23	34	45	56	67	78	89	100	111	122	1	12	35	46	57	68	79	90	101	112	123	2	13	24	47	58	69	80	91	102	113	124	3	14	25	36	59	70	81	92	103	114	125	
5	66	77	88	99	110	121	11	22	33	44	55	16	27	38	49	60	83	94	105	116	127	6	17	28	39	50	61	72	95	106	117	128	7	18	29	40	51	62	73	84	107	118	129	8	19	30	41	52	63	74	85	96	119	130	9	20	31	42	53	64	75	86	97	108	131	10	21	32	43	54	65	76	87	98	109	120	0	23	34	45	56	67	78	89	100	111	122	1	12	35	46	57	68	79	90	101	112	123	2	13	24	47	58	69	80	91	102	113	124	3	14	25	36	59	70	81	92	103	114	125	4	15	26	37	48	71	82	93	104	115	126	
6	77	88	99	110	121	11	22	33	44	55	66	17	28	39	50	61	72	95	106	117	128	7	18	29	40	51	62	73	84	107	118	129	8	19	30	41	52	63	74	85	96	119	130	9	20	31	42	53	64	75	86	97	108	131	10	21	32	43	54	65	76	87	98	109	120	0	23	34	45	56	67	78	89	100	111	122	1	12	35	46	57	68	79	90	101	112	123	2	13	24	47	58	69	80	91	102	113	124	3	14	25	36	59	70	81	92	103	114	125	4	15	26	37	48	71	82	93	104	115	126	5	16	27	38	49	60	83	94	105	116	127	
7	88	99	110	121	11	22	33	44	55	66	77	18	29	40	51	62	73	84	107	118	129	8	19	30	41	52	63	74	85	96	119	130	9	20	31	42	53	64	75	86	97	108	131	10	21	32	43	54	65	76	87	98	109	120	0	23	34	45	56	67	78	89	100	111	122	1	12	35	46	57	68	79	90	101	112	123	2	13	24	47	58	69	80	91	102	113	124	3	14	25	36	59	70	81	92	103	114	125	4	15	26	37	48	71	82	93	104	115	126	5	16	27	38	49	60	83	94	105	116	127	6	17	28	39	50	61	72	95	106	117	128	
8	99	110	121	11	22	33	44	55	66	77	88	19	30	41	52	63	74	85	96	119	130	9	20	31	42	53	64	75	86	97	108	131	10	21	32	43	54	65	76	87	98	109	120	0	23	34	45	56	67	78	89	100	111	122	1	12	35	46	57	68	79	90	101	112	123	2	13	24	47	58	69	80	91	102	113	124	3	14	25	36	59	70	81	92	103	114	125	4	15	26	37	48	71	82	93	104	115	126	5	16	27	38	49	60	83	94	105	116	127	6	17	28	39	50	61	72	95	106	117	128	7	18	29	40	51	62	73	84	107	118	129	
9	110	121	11	22	33	44	55	66	77	88	99	20	31	42	53	64	75	86	97	108	131	10	21	32	43	54	65	76	87	98	109	120	0	23	34	45	56	67	78	89	100	111	122	1	12	35	46	57	68	79	90	101	112	123	2	13	24	47	58	69	80	91	102	113	124	3	14	25	36	59	70	81	92	103	114	125	4	15	26	37	48	71	82	93	104	115	126	5	16	27	38	49	60	83	94	105	116	127	6	17	28	39	50	61	72	95	106	117	128	7	18	29	40	51	62	73	84	107	118	129	8	19	30	41	52	63	74	85	96	119	130	
10	121	11	22	33	44	55	66	77	88	99	110	21	32	43	54	65	76	87	98	109	120	0	23	34	45	56	67	78	89	100	111	122	1	12	35	46	57	68	79	90	101	112	123	2	13	24	47	58	69	80	91	102	113	124	3	14	25	36	59	70	81	92	103	114	125	4	15	26	37	48	71	82	93	104	115	126	5	16	27	38	49	60	83	94	105	116	127	6	17	28	39	50	61	72	95	106	117	128	7	18	29	40	51	62	73	84	107	118	129	8	19	30	41	52	63	74	85	96	119	130	9	20	31	42	53	64	75	86	97	108	131	
11	0	23	34	45	56	67	78	89	100	111	122	22	33	44	55	66	77	88	99	110	121	12	35	46	57	68	79	90	101	112	123	1	13	24	47	58	69	80	91	102	113	124	2	14	25	36	59	70	81	92	103	114	125	3	15	26	37	48	71	82	93	104	115	126	4	16	27	38	49	60	83	94	105	116	127	5	17	28	39	50	61	72	95	106	117	128	6	18	29	40	51	62	73	84	107	118	129	7	19	30	41	52	63	74	85	96	119	130	8	20	31	42	53	64	75	86	97	108	131	9	21	32	43	54	65	76	87	98	109	120	10	
12	23	34	45	56	67	78	89	100	111	122	0	35	46	57	68	79	90	101	112	123	1	13	24	47	58	69	80	91	102	113	124	2	14	25	36	59	70	81	92	103	114	125	3	15	26	37	48	71	82	93	104	115	126	4	16	27	38	49	60	83	94	105	116	127	5	17	28	39	50	61	72	95	106	117	128	6	18	29	40	51	62	73	84	107	118	129	7	19	30	41	52	63	74	85	96	119	130	8	20	31	42	53	64	75	86	97	108	131	9	21	32	43	54	65	76	87	98	109	120	10	11	22	33	44	55	66	77	88	99	110	121	
13	34	45	56	67	78	89	100	111	122	0	23	24	47	58	69	80	91	102	113	124	2	14	25	36	59	70	81	92	103	114	125	3	15	26	37	48	71	82	93	104	115	126	4	16	27	38	49	60	83	94	105	116	127	5	17	28	39	50	61	72	95	106	117	128	6	18	29	40	51	62	73	84	107	118	129	7	19	30	41	52	63	74	85	96	119	130	8	20	31	42	53	64	75	86	97	108	131	9	21	32	43	54	65	76	87	98	109	120	10	11	22	33	44	55	66	77	88	99	110	121	12	35	46	57	68	79	90	101	112	123	1	
14	45	56	67	78	89	100	111	122	0	23	34	25	36	59	70	81	92	103	114	125	3	15	26	37	48	71	82	93	104	115	126	4	16	27	38	49	60	83	94	105	116	127	5	17	28	39	50	61	72	95	106	117	128	6	18	29	40	51	62	73	84	107	118	129	7	19	30	41	52	63	74	85	96	119	130	8	20	31	42	53	64	75	86	97	108	131	9	21	32	43	54	65	76	87	98	109	120	10	11	22	33	44	55	66	77	88	99	110	121	12	35	46	57	68	79	90	101	112	123	1	13	24	47	58	69	80	91	102	113	124	2	
15	56	67	78	89	100	111	122	0	23	34	45	26	37	48	71	82	93	104	115	126	4	16	27	38	49	60	83	94	105	116	127	5	17	28	39	50	61	72	95	106	117	128	6	18	29	40	51	62	73	84	107	118	129	7	19	30	41	52	63	74	85	96	119	130	8	20	31	42	53	64	75	86	97	108	131	9	21	32	43	54	65	76	87	98	109	120	10	11	22	33	44	55	66	77	88	99	110	121	12	35	46	57	68	79	90	101	112	123	1	13	24	47	58	69	80	91	102	113	124	2	14	25	36	59	70	81	92	103	114	125	3	
16	67	78	89	100	111	122	0	23	34	45	56	27	38	49	60	83	94	105	116	127	5	17	28	39	50	61	72	95	106	117	128	6	18	29	40	51	62	73	84	107	118	129	7	19	30	41	52	63	74	85	96	119	130	8	20	31	42	53	64	75	86	97	108	131	9	21	32	43	54	65	76	87	98	109	120	10	11	22	33	44	55	66	77	88	99	110	121	12	35	46	57	68	79	90	101	112	123	1	13	24	47	58	69	80	91	102	113	124	2	14	25	36	59	70	81	92	103	114	125	3	15	26	37	48	71	82	93	104	115	126	4	
17	78	89	100	111	122	0	23	34	45	56	67	28	39	50	61	72	95	106	117	128	6	18	29	40	51	62	73	84	107	118	129	7	19	30	41	52	63	74	85	96	119	130	8	20	31	42	53	64	75	86	97	108	131	9	21	32	43	54	65	76	87	98	109	120	10	11	22	33	44	55	66	77	88	99	110	121	12	35	46	57	68	79	90	101	112	123	1	13	24	47	58	69	80	91	102	113	124	2	14	25	36	59	70	81	92	103	114	125	3	15	26	37	48	71	82	93	104	115	126	4	16	27	38	49	60	83	94	105	116	127	5	
18	89	100	111	122	0	23	34	45	56	67	78	29	40	51	62	73	84	107	118	129	7	19	30	41	52	63	74	85	96	119	130	8	20	31	42	53	64	75	86	97	108	131	9	21	32	43	54	65	76	87	98	109	120	10	11	22	33	44	55	66	77	88	99	110	121	12	35	46	57	68	79	90	101	112	123	1	13	24	47	58	69	80	91	102	113	124	2	14	25	36	59	70	81	92	103	114	125	3	15	26	37	48	71	82	93	104	115	126	4	16	27	38	49	60	83	94	105	116	127	5	17	28	39	50	61	72	95	106	117	128	6	
19	100	111	122	0	23	34	45	56	67	78	89	30	41	52	63	74	85	96	119	130	8	20	31	42	53	64	75	86	97	108	131	9	21	32	43	54	65	76	87	98	109	120	10	11	22	33	44	55	66	77	88	99	110	121	12	35	46	57	68	79	90	101	112	123	1	13	24	47	58	69	80	91	102	113	124	2	14	25	36	59	70	81	92	103	114	125	3	15	26	37	48	71	82	93	104	115	126	4	16	27	38	49	60	83	94	105	116	127	5	17	28	39	50	61	72	95	106	117	128	6	18	29	40	51	62	73	84	107	118	129	7	
20	111	122	0	23	34	45	56	67	78	89	100	31	42	53	64	75	86	97	108	131	9	21	32	43	54	65	76	87	98	109	120	10	11	22	33	44	55	66	77	88	99	110	121	12	35	46	57	68	79	90	101	112	123	1	13	24	47	58	69	80	91	102	113	124	2	14	25	36	59	70	81	92	103	114	125	3	15	26	37	48	71	82	93	104	115	126	4	16	27	38	49	60	83	94	105	116	127	5	17	28	39	50	61	72	95	106	117	128	6	18	29	40	51	62	73	84	107	118	129	7	19	30	41	52	63	74	85	96	119	130	8	
21	122	0	23	34	45	56	67	78	89	100	111	32	43	54	65	76	87	98	109	120	10	11	22	33	44	55	66	77	88	99	110	121	12	35	46	57	68	79	90	101	112	123	1	13	24	47	58	69	80	91	102	113	124	2	14	25	36	59	70	81	92	103	114	125	3	15	26	37	48	71	82	93	104	115	126	4	16	27	38	49	60	83	94	105	116	127	5	17	28	39	50	61	72	95	106	117	128	6	18	29	40	51	62	73	84	107	118	129	7	19	30	41	52	63	74	85	96	119	130	8	20	31	42	53	64	75	86	97	108	131	9	
22	1	12	35	46	57	68	79	90	101	112	123	33	44	55	66	77	88	99	110	121	11	23	34	45	56	67	78	89	100	111	122	0	24	47	58	69	80	91	102	113	124	2	13	25	36	59	70	81	92	103	114	125	3	14	26	37	48	71	82	93	104	115	126	4	15	27	38	49	60	83	94	105	116	127	5	16	28	39	50	61	72	95	106	117	128	6	17	29	40	51	62	73	84	107	118	129	7	18	30	41	52	63	74	85	96	119	130	8	19	31	42	53	64	75	86	97	108	131	9	20	32	43	54	65	76	87	98	109	120	10	21	
23	12	35	46	57	68	79	90	101	112	123	1	34	45	56	67	78	89	100	111	122	0	24	47	58	69	80	91	102	113	124	2	13	25	36	59	70	81	92	103	114	125	3	14	26	37	48	71	82	93	104	115	126	4	15	27	38	49	60	83	94	105	116	127	5	16	28	39	50	61	72	95	106	117	128	6	17	29	40	51	62	73	84	107	118	129	7	18	30	41	52	63	74	85	96	119	130	8	19	31	42	53	64	75	86	97	108	131	9	20	32	43	54	65	76	87	98	109	120	10	21	22	33	44	55	66	77	88	99	110	121	11	
24	35	46	57	68	79	90	101	112	123	1	12	47	58	69	80	91	102	113	124	2	13	25	36	59	70	81	92	103	114	125	3	14	26	37	48	71	82	93	104	115	126	4	15	27	38	49	60	83	94	105	116	127	5	16	28	39	50	61	72	95	106	117	128	6	17	29	40	51	62	73	84	107	118	129	7	18	30	41	52	63	74	85	96	119	130	8	19	31	42	53	64	75	86	97	108	131	9	20	32	43	54	65	76	87	98	109	120	10	21	22	33	44	55	66	77	88	99	110	121	11	23	34	45	56	67	78	89	100	111	122	0	
25	46	57	68	79	90	101	112	123	1	12	35	36	59	70	81	92	103	114	125	3	14	26	37	48	71	82	93	104	115	126	4	15	27	38	49	60	83	94	105	116	127	5	16	28	39	50	61	72	95	106	117	128	6	17	29	40	51	62	73	84	107	118	129	7	18	30	41	52	63	74	85	96	119	130	8	19	31	42	53	64	75	86	97	108	131	9	20	32	43	54	65	76	87	98	109	120	10	21	22	33	44	55	66	77	88	99	110	121	11	23	34	45	56	67	78	89	100	111	122	0	24	47	58	69	80	91	102	113	124	2	13	
26	57	68	79	90	101	112	123	1	12	35	46	37	48	71	82	93	104	115	126	4	15	27	38	49	60	83	94	105	116	127	5	16	28	39	50	61	72	95	106	117	128	6	17	29	40	51	62	73	84	107	118	129	7	18	30	41	52	63	74	85	96	119	130	8	19	31	42	53	64	75	86	97	108	131	9	20	32	43	54	65	76	87	98	109	120	10	21	22	33	44	55	66	77	88	99	110	121	11	23	34	45	56	67	78	89	100	111	122	0	24	47	58	69	80	91	102	113	124	2	13	25	36	59	70	81	92	103	114	125	3	14	
27	68	79	90	101	112	123	1	12	35	46	57	38	49	60	83	94	105	116	127	5	16	28	39	50	61	72	95	106	117	128	6	17	29	40	51	62	73	84	107	118	129	7	18	30	41	52	63	74	85	96	119	130	8	19	31	42	53	64	75	86	97	108	131	9	20	32	43	54	65	76	87	98	109	120	10	21	22	33	44	55	66	77	88	99	110	121	11	23	34	45	56	67	78	89	100	111	122	0	24	47	58	69	80	91	102	113	124	2	13	25	36	59	70	81	92	103	114	125	3	14	26	37	48	71	82	93	104	115	126	4	15	
28	79	90	101	112	123	1	12	35	46	57	68	39	50	61	72	95	106	117	128	6	17	29	40	51	62	73	84	107	118	129	7	18	30	41	52	63	74	85	96	119	130	8	19	31	42	53	64	75	86	97	108	131	9	20	32	43	54	65	76	87	98	109	120	10	21	22	33	44	55	66	77	88	99	110	121	11	23	34	45	56	67	78	89	100	111	122	0	24	47	58	69	80	91	102	113	124	2	13	25	36	59	70	81	92	103	114	125	3	14	26	37	48	71	82	93	104	115	126	4	15	27	38	49	60	83	94	105	116	127	5	16	
29	90	101	112	123	1	12	35	46	57	68	79	40	51	62	73	84	107	118	129	7	18	30	41	52	63	74	85	96	119	130	8	19	31	42	53	64	75	86	97	108	131	9	20	32	43	54	65	76	87	98	109	120	10	21	22	33	44	55	66	77	88	99	110	121	11	23	34	45	56	67	78	89	100	111	122	0	24	47	58	69	80	91	102	113	124	2	13	25	36	59	70	81	92	103	114	125	3	14	26	37	48	71	82	93	104	115	126	4	15	27	38	49	60	83	94	105	116	127	5	16	28	39	50	61	72	95	106	117	128	6	17	
30	101	112	123	1	12	35	46	57	68	79	90	41	52	63	74	85	96	119	130	8	19	31	42	53	64	75	86	97	108	131	9	20	32	43	54	65	76	87	98	109	120	10	21	22	33	44	55	66	77	88	99	110	121	11	23	34	45	56	67	78	89	100	111	122	0	24	47	58	69	80	91	102	113	124	2	13	25	36	59	70	81	92	103	114	125	3	14	26	37	48	71	82	93	104	115	126	4	15	27	38	49	60	83	94	105	116	127	5	16	28	39	50	61	72	95	106	117	128	6	17	29	40	51	62	73	84	107	118	129	7	18	
31	112	123	1	12	35	46	57	68	79	90	101	42	53	64	75	86	97	108	131	9	20	32	43	54	65	76	87	98	109	120	10	21	22	33	44	55	66	77	88	99	110	121	11	23	34	45	56	67	78	89	100	111	122	0	24	47	58	69	80	91	102	113	124	2	13	25	36	59	70	81	92	103	114	125	3	14	26	37	48	71	82	93	104	115	126	4	15	27	38	49	60	83	94	105	116	127	5	16	28	39	50	61	72	95	106	117	128	6	17	29	40	51	62	73	84	107	118	129	7	18	30	41	52	63	74	85	96	119	130	8	19	
32	123	1	12	35	46	57	68	79	90	101	112	43	54	65	76	87	98	109	120	10	21	22	33	44	55	66	77	88	99	110	121	11	23	34	45	56	67	78	89	100	111	122	0	24	47	58	69	80	91	102	113	124	2	13	25	36	59	70	81	92	103	114	125	3	14	26	37	48	71	82	93	104	115	126	4	15	27	38	49	60	83	94	105	116	127	5	16	28	39	50	61	72	95	106	117	128	6	17	29	40	51	62	73	84	107	118	129	7	18	30	41	52	63	74	85	96	119	130	8	19	31	42	53	64	75	86	97	108	131	9	20	
33	2	13	24	47	58	69	80	91	102	113	124	44	55	66	77	88	99	110	121	11	22	34	45	56	67	78	89	100	111	122	0	23	35	46	57	68	79	90	101	112	123	1	12	36	59	70	81	92	103	114	125	3	14	25	37	48	71	82	93	104	115	126	4	15	26	38	49	60	83	94	105	116	127	5	16	27	39	50	61	72	95	106	117	128	6	17	28	40	51	62	73	84	107	118	129	7	18	29	41	52	63	74	85	96	119	130	8	19	30	42	53	64	75	86	97	108	131	9	20	31	43	54	65	76	87	98	109	120	10	21	32	
34	13	24	47	58	69	80	91	102	113	124	2	45	56	67	78	89	100	111	122	0	23	35	46	57	68	79	90	101	112	123	1	12	36	59	70	81	92	103	114	125	3	14	25	37	48	71	82	93	104	115	126	4	15	26	38	49	60	83	94	105	116	127	5	16	27	39	50	61	72	95	106	117	128	6	17	28	40	51	62	73	84	107	118	129	7	18	29	41	52	63	74	85	96	119	130	8	19	30	42	53	64	75	86	97	108	131	9	20	31	43	54	65	76	87	98	109	120	10	21	32	33	44	55	66	77	88	99	110	121	11	22	
35	24	47	58	69	80	91	102	113	124	2	13	46	57	68	79	90	101	112	123	1	12	36	59	70	81	92	103	114	125	3	14	25	37	48	71	82	93	104	115	126	4	15	26	38	49	60	83	94	105	116	127	5	16	27	39	50	61	72	95	106	117	128	6	17	28	40	51	62	73	84	107	118	129	7	18	29	41	52	63	74	85	96	119	130	8	19	30	42	53	64	75	86	97	108	131	9	20	31	43	54	65	76	87	98	109	120	10	21	32	33	44	55	66	77	88	99	110	121	11	22	34	45	56	67	78	89	100	111	122	0	23	
36	47	58	69	80	91	102	113	124	2	13	24	59	70	81	92	103	114	125	3	14	25	37	48	71	82	93	104	115	126	4	15	26	38	49	60	83	94	105	116	127	5	16	27	39	50	61	72	95	106	117	128	6	17	28	40	51	62	73	84	107	118	129	7	18	29	41	52	63	74	85	96	119	130	8	19	30	42	53	64	75	86	97	108	131	9	20	31	43	54	65	76	87	98	109	120	10	21	32	33	44	55	66	77	88	99	110	121	11	22	34	45	56	67	78	89	100	111	122	0	23	35	46	57	68	79	90	101	112	123	1	12	
37	58	69	80	91	102	113	124	2	13	24	47	48	71	82	93	104	115	126	4	15	26	38	49	60	83	94	105	116	127	5	16	27	39	50	61	72	95	106	117	128	6	17	28	40	51	62	73	84	107	118	129	7	18	29	41	52	63	74	85	96	119	130	8	19	30	42	53	64	75	86	97	108	131	9	20	31	43	54	65	76	87	98	109	120	10	21	32	33	44	55	66	77	88	99	110	121	11	22	34	45	56	67	78	89	100	111	122	0	23	35	46	57	68	79	90	101	112	123	1	12	36	59	70	81	92	103	114	125	3	14	25	
38	69	80	91	102	113	124	2	13	24	47	58	49	60	83	94	105	116	127	5	16	27	39	50	61	72	95	106	117	128	6	17	28	40	51	62	73	84	107	118	129	7	18	29	41	52	63	74	85	96	119	130	8	19	30	42	53	64	75	86	97	108	131	9	20	31	43	54	65	76	87	98	109	120	10	21	32	33	44	55	66	77	88	99	110	121	11	22	34	45	56	67	78	89	100	111	122	0	23	35	46	57	68	79	90	101	112	123	1	12	36	59	70	81	92	103	114	125	3	14	25	37	48	71	82	93	104	115	126	4	15	26	
39	80	91	102	113	124	2	13	24	47	58	69	50	61	72	95	106	117	128	6	17	28	40	51	62	73	84	107	118	129	7	18	29	41	52	63	74	85	96	119	130	8	19	30	42	53	64	75	86	97	108	131	9	20	31	43	54	65	76	87	98	109	120	10	21	32	33	44	55	66	77	88	99	110	121	11	22	34	45	56	67	78	89	100	111	122	0	23	35	46	57	68	79	90	101	112	123	1	12	36	59	70	81	92	103	114	125	3	14	25	37	48	71	82	93	104	115	126	4	15	26	38	49	60	83	94	105	116	127	5	16	27	
40	91	102	113	124	2	13	24	47	58	69	80	51	62	73	84	107	118	129	7	18	29	41	52	63	74	85	96	119	130	8	19	30	42	53	64	75	86	97	108	131	9	20	31	43	54	65	76	87	98	109	120	10	21	32	33	44	55	66	77	88	99	110	121	11	22	34	45	56	67	78	89	100	111	122	0	23	35	46	57	68	79	90	101	112	123	1	12	36	59	70	81	92	103	114	125	3	14	25	37	48	71	82	93	104	115	126	4	15	26	38	49	60	83	94	105	116	127	5	16	27	39	50	61	72	95	106	117	128	6	17	28	
41	102	113	124	2	13	24	47	58	69	80	91	52	63	74	85	96	119	130	8	19	30	42	53	64	75	86	97	108	131	9	20	31	43	54	65	76	87	98	109	120	10	21	32	33	44	55	66	77	88	99	110	121	11	22	34	45	56	67	78	89	100	111	122	0	23	35	46	57	68	79	90	101	112	123	1	12	36	59	70	81	92	103	114	125	3	14	25	37	48	71	82	93	104	115	126	4	15	26	38	49	60	83	94	105	116	127	5	16	27	39	50	61	72	95	106	117	128	6	17	28	40	51	62	73	84	107	118	129	7	18	29	
42	113	124	2	13	24	47	58	69	80	91	102	53	64	75	86	97	108	131	9	20	31	43	54	65	76	87	98	109	120	10	21	32	33	44	55	66	77	88	99	110	121	11	22	34	45	56	67	78	89	100	111	122	0	23	35	46	57	68	79	90	101	112	123	1	12	36	59	70	81	92	103	114	125	3	14	25	37	48	71	82	93	104	115	126	4	15	26	38	49	60	83	94	105	116	127	5	16	27	39	50	61	72	95	106	117	128	6	17	28	40	51	62	73	84	107	118	129	7	18	29	41	52	63	74	85	96	119	130	8	19	30	
43	124	2	13	24	47	58	69	80	91	102	113	54	65	76	87	98	109	120	10	21	32	33	44	55	66	77	88	99	110	121	11	22	34	45	56	67	78	89	100	111	122	0	23	35	46	57	68	79	90	101	112	123	1	12	36	59	70	81	92	103	114	125	3	14	25	37	48	71	82	93	104	115	126	4	15	26	38	49	60	83	94	105	116	127	5	16	27	39	50	61	72	95	106	117	128	6	17	28	40	51	62	73	84	107	118	129	7	18	29	41	52	63	74	85	96	119	130	8	19	30	42	53	64	75	86	97	108	131	9	20	31	
44	3	14	25	36	59	70	81	92	103	114	125	55	66	77	88	99	110	121	11	22	33	45	56	67	78	89	100	111	122	0	23	34	46	57	68	79	90	101	112	123	1	12	35	47	58	69	80	91	102	113	124	2	13	24	48	71	82	93	104	115	126	4	15	26	37	49	60	83	94	105	116	127	5	16	27	38	50	61	72	95	106	117	128	6	17	28	39	51	62	73	84	107	118	129	7	18	29	40	52	63	74	85	96	119	130	8	19	30	41	53	64	75	86	97	108	131	9	20	31	42	54	65	76	87	98	109	120	10	21	32	43	
45	14	25	36	59	70	81	92	103	114	125	3	56	67	78	89	100	111	122	0	23	34	46	57	68	79	90	101	112	123	1	12	35	47	58	69	80	91	102	113	124	2	13	24	48	71	82	93	104	115	126	4	15	26	37	49	60	83	94	105	116	127	5	16	27	38	50	61	72	95	106	117	128	6	17	28	39	51	62	73	84	107	118	129	7	18	29	40	52	63	74	85	96	119	130	8	19	30	41	53	64	75	86	97	108	131	9	20	31	42	54	65	76	87	98	109	120	10	21	32	43	44	55	66	77	88	99	110	121	11	22	33	
46	25	36	59	70	81	92	103	114	125	3	14	57	68	79	90	101	112	123	1	12	35	47	58	69	80	91	102	113	124	2	13	24	48	71	82	93	104	115	126	4	15	26	37	49	60	83	94	105	116	127	5	16	27	38	50	61	72	95	106	117	128	6	17	28	39	51	62	73	84	107	118	129	7	18	29	40	52	63	74	85	96	119	130	8	19	30	41	53	64	75	86	97	108	131	9	20	31	42	54	65	76	87	98	109	120	10	21	32	43	44	55	66	77	88	99	110	121	11	22	33	45	56	67	78	89	100	111	122	0	23	34	
47	36	59	70	81	92	103	114	125	3	14	25	58	69	80	91	102	113	124	2	13	24	48	71	82	93	104	115	126	4	15	26	37	49	60	83	94	105	116	127	5	16	27	38	50	61	72	95	106	117	128	6	17	28	39	51	62	73	84	107	118	129	7	18	29	40	52	63	74	85	96	119	130	8	19	30	41	53	64	75	86	97	108	131	9	20	31	42	54	65	76	87	98	109	120	10	21	32	43	44	55	66	77	88	99	110	121	11	22	33	45	56	67	78	89	100	111	122	0	23	34	46	57	68	79	90	101	112	123	1	12	35	
48	59	70	81	92	103	114	125	3	14	25	36	71	82	93	104	115	126	4	15	26	37	49	60	83	94	105	116	127	5	16	27	38	50	61	72	95	106	117	128	6	17	28	39	51	62	73	84	107	118	129	7	18	29	40	52	63	74	85	96	119	130	8	19	30	41	53	64	75	86	97	108	131	9	20	31	42	54	65	76	87	98	109	120	10	21	32	43	44	55	66	77	88	99	110	121	11	22	33	45	56	67	78	89	100	111	122	0	23	34	46	57	68	79	90	101	112	123	1	12	35	47	58	69	80	91	102	113	124	2	13	24	
49	70	81	92	103	114	125	3	14	25	36	59	60	83	94	105	116	127	5	16	27	38	50	61	72	95	106	117	128	6	17	28	39	51	62	73	84	107	118	129	7	18	29	40	52	63	74	85	96	119	130	8	19	30	41	53	64	75	86	97	108	131	9	20	31	42	54	65	76	87	98	109	120	10	21	32	43	44	55	66	77	88	99	110	121	11	22	33	45	56	67	78	89	100	111	122	0	23	34	46	57	68	79	90	101	112	123	1	12	35	47	58	69	80	91	102	113	124	2	13	24	48	71	82	93	104	115	126	4	15	26	37	
50	81	92	103	114	125	3	14	25	36	59	70	61	72	95	106	117	128	6	17	28	39	51	62	73	84	107	118	129	7	18	29	40	52	63	74	85	96	119	130	8	19	30	41	53	64	75	86	97	108	131	9	20	31	42	54	65	76	87	98	109	120	10	21	32	43	44	55	66	77	88	99	110	121	11	22	33	45	56	67	78	89	100	111	122	0	23	34	46	57	68	79	90	101	112	123	1	12	35	47	58	69	80	91	102	113	124	2	13	24	48	71	82	93	104	115	126	4	15	26	37	49	60	83	94	105	116	127	5	16	27	38	
51	92	103	114	125	3	14	25	36	59	70	81	62	73	84	107	118	129	7	18	29	40	52	63	74	85	96	119	130	8	19	30	41	53	64	75	86	97	108	131	9	20	31	42	54	65	76	87	98	109	120	10	21	32	43	44	55	66	77	88	99	110	121	11	22	33	45	56	67	78	89	100	111	122	0	23	34	46	57	68	79	90	101	112	123	1	12	35	47	58	69	80	91	102	113	124	2	13	24	48	71	82	93	104	115	126	4	15	26	37	49	60	83	94	105	116	127	5	16	27	38	50	61	72	95	106	117	128	6	17	28	39	
52	103	114	125	3	14	25	36	59	70	81	92	63	74	85	96	119	130	8	19	30	41	53	64	75	86	97	108	131	9	20	31	42	54	65	76	87	98	109	120	10	21	32	43	44	55	66	77	88	99	110	121	11	22	33	45	56	67	78	89	100	111	122	0	23	34	46	57	68	79	90	101	112	123	1	12	35	47	58	69	80	91	102	113	124	2	13	24	48	71	82	93	104	115	126	4	15	26	37	49	60	83	94	105	116	127	5	16	27	38	50	61	72	95	106	117	128	6	17	28	39	51	62	73	84	107	118	129	7	18	29	40	
53	114	125	3	14	25	36	59	70	81	92	103	64	75	86	97	108	131	9	20	31	42	54	65	76	87	98	109	120	10	21	32	43	44	55	66	77	88	99	110	121	11	22	33	45	56	67	78	89	100	111	122	0	23	34	46	57	68	79	90	101	112	123	1	12	35	47	58	69	80	91	102	113	124	2	13	24	48	71	82	93	104	115	126	4	15	26	37	49	60	83	94	105	116	127	5	16	27	38	50	61	72	95	106	117	128	6	17	28	39	51	62	73	84	107	118	129	7	18	29	40	52	63	74	85	96	119	130	8	19	30	41	
54	125	3	14	25	36	59	70	81	92	103	114	65	76	87	98	109	120	10	21	32	43	44	55	66	77	88	99	110	121	11	22	33	45	56	67	78	89	100	111	122	0	23	34	46	57	68	79	90	101	112	123	1	12	35	47	58	69	80	91	102	113	124	2	13	24	48	71	82	93	104	115	126	4	15	26	37	49	60	83	94	105	116	127	5	16	27	38	50	61	72	95	106	117	128	6	17	28	39	51	62	73	84	107	118	129	7	18	29	40	52	63	74	85	96	119	130	8	19	30	41	53	64	75	86	97	108	131	9	20	31	42	
55	4	15	26	37	48	71	82	93	104	115	126	66	77	88	99	110	121	11	22	33	44	56	67	78	89	100	111	122	0	23	34	45	57	68	79	90	101	112	123	1	12	35	46	58	69	80	91	102	113	124	2	13	24	47	59	70	81	92	103	114	125	3	14	25	36	60	83	94	105	116	127	5	16	27	38	49	61	72	95	106	117	128	6	17	28	39	50	62	73	84	107	118	129	7	18	29	40	51	63	74	85	96	119	130	8	19	30	41	52	64	75	86	97	108	131	9	20	31	42	53	65	76	87	98	109	120	10	21	32	43	54	
56	15	26	37	48	71	82	93	104	115	126	4	67	78	89	100	111	122	0	23	34	45	57	68	79	90	101	112	123	1	12	35	46	58	69	80	91	102	113	124	2	13	24	47	59	70	81	92	103	114	125	3	14	25	36	60	83	94	105	116	127	5	16	27	38	49	61	72	95	106	117	128	6	17	28	39	50	62	73	84	107	118	129	7	18	29	40	51	63	74	85	96	119	130	8	19	30	41	52	64	75	86	97	108	131	9	20	31	42	53	65	76	87	98	109	120	10	21	32	43	54	55	66	77	88	99	110	121	11	22	33	44	
57	26	37	48	71	82	93	104	115	126	4	15	68	79	90	101	112	123	1	12	35	46	58	69	80	91	102	113	124	2	13	24	47	59	70	81	92	103	114	125	3	14	25	36	60	83	94	105	116	127	5	16	27	38	49	61	72	95	106	117	128	6	17	28	39	50	62	73	84	107	118	129	7	18	29	40	51	63	74	85	96	119	130	8	19	30	41	52	64	75	86	97	108	131	9	20	31	42	53	65	76	87	98	109	120	10	21	32	43	54	55	66	77	88	99	110	121	11	22	33	44	56	67	78	89	100	111	122	0	23	34	45	
58	37	48	71	82	93	104	115	126	4	15	26	69	80	91	102	113	124	2	13	24	47	59	70	81	92	103	114	125	3	14	25	36	60	83	94	105	116	127	5	16	27	38	49	61	72	95	106	117	128	6	17	28	39	50	62	73	84	107	118	129	7	18	29	40	51	63	74	85	96	119	130	8	19	30	41	52	64	75	86	97	108	131	9	20	31	42	53	65	76	87	98	109	120	10	21	32	43	54	55	66	77	88	99	110	121	11	22	33	44	56	67	78	89	100	111	122	0	23	34	45	57	68	79	90	101	112	123	1	12	35	46	
59	48	71	82	93	104	115	126	4	15	26	37	70	81	92	103	114	125	3	14	25	36	60	83	94	105	116	127	5	16	27	38	49	61	72	95	106	117	128	6	17	28	39	50	62	73	84	107	118	129	7	18	29	40	51	63	74	85	96	119	130	8	19	30	41	52	64	75	86	97	108	131	9	20	31	42	53	65	76	87	98	109	120	10	21	32	43	54	55	66	77	88	99	110	121	11	22	33	44	56	67	78	89	100	111	122	0	23	34	45	57	68	79	90	101	112	123	1	12	35	46	58	69	80	91	102	113	124	2	13	24	47	
60	71	82	93	104	115	126	4	15	26	37	48	83	94	105	116	127	5	16	27	38	49	61	72	95	106	117	128	6	17	28	39	50	62	73	84	107	118	129	7	18	29	40	51	63	74	85	96	119	130	8	19	30	41	52	64	75	86	97	108	131	9	20	31	42	53	65	76	87	98	109	120	10	21	32	43	54	55	66	77	88	99	110	121	11	22	33	44	56	67	78	89	100	111	122	0	23	34	45	57	68	79	90	101	112	123	1	12	35	46	58	69	80	91	102	113	124	2	13	24	47	59	70	81	92	103	114	125	3	14	25	36	
61	82	93	104	115	126	4	15	26	37	48	71	72	95	106	117	128	6	17	28	39	50	62	73	84	107	118	129	7	18	29	40	51	63	74	85	96	119	130	8	19	30	41	52	64	75	86	97	108	131	9	20	31	42	53	65	76	87	98	109	120	10	21	32	43	54	55	66	77	88	99	110	121	11	22	33	44	56	67	78	89	100	111	122	0	23	34	45	57	68	79	90	101	112	123	1	12	35	46	58	69	80	91	102	113	124	2	13	24	47	59	70	81	92	103	114	125	3	14	25	36	60	83	94	105	116	127	5	16	27	38	49	
62	93	104	115	126	4	15	26	37	48	71	82	73	84	107	118	129	7	18	29	40	51	63	74	85	96	119	130	8	19	30	41	52	64	75	86	97	108	131	9	20	31	42	53	65	76	87	98	109	120	10	21	32	43	54	55	66	77	88	99	110	121	11	22	33	44	56	67	78	89	100	111	122	0	23	34	45	57	68	79	90	101	112	123	1	12	35	46	58	69	80	91	102	113	124	2	13	24	47	59	70	81	92	103	114	125	3	14	25	36	60	83	94	105	116	127	5	16	27	38	49	61	72	95	106	117	128	6	17	28	39	50	
63	104	115	126	4	15	26	37	48	71	82	93	74	85	96	119	130	8	19	30	41	52	64	75	86	97	108	131	9	20	31	42	53	65	76	87	98	109	120	10	21	32	43	54	55	66	77	88	99	110	121	11	22	33	44	56	67	78	89	100	111	122	0	23	34	45	57	68	79	90	101	112	123	1	12	35	46	58	69	80	91	102	113	124	2	13	24	47	59	70	81	92	103	114	125	3	14	25	36	60	83	94	105	116	127	5	16	27	38	49	61	72	95	106	117	128	6	17	28	39	50	62	73	84	107	118	129	7	18	29	40	51	
64	115	126	4	15	26	37	48	71	82	93	104	75	86	97	108	131	9	20	31	42	53	65	76	87	98	109	120	10	21	32	43	54	55	66	77	88	99	110	121	11	22	33	44	56	67	78	89	100	111	122	0	23	34	45	57	68	79	90	101	112	123	1	12	35	46	58	69	80	91	102	113	124	2	13	24	47	59	70	81	92	103	114	125	3	14	25	36	60	83	94	105	116	127	5	16	27	38	49	61	72	95	106	117	128	6	17	28	39	50	62	73	84	107	118	129	7	18	29	40	51	63	74	85	96	119	130	8	19	30	41	52	
65	126	4	15	26	37	48	71	82	93	104	115	76	87	98	109	120	10	21	32	43	54	55	66	77	88	99	110	121	11	22	33	44	56	67	78	89	100	111	122	0	23	34	45	57	68	79	90	101	112	123	1	12	35	46	58	69	80	91	102	113	124	2	13	24	47	59	70	81	92	103	114	125	3	14	25	36	60	83	94	105	116	127	5	16	27	38	49	61	72	95	106	117	128	6	17	28	39	50	62	73	84	107	118	129	7	18	29	40	51	63	74	85	96	119	130	8	19	30	41	52	64	75	86	97	108	131	9	20	31	42	53	
66	5	16	27	38	49	60	83	94	105	116	127	77	88	99	110	121	11	22	33	44	55	67	78	89	100	111	122	0	23	34	45	56	68	79	90	101	112	123	1	12	35	46	57	69	80	91	102	113	124	2	13	24	47	58	70	81	92	103	114	125	3	14	25	36	59	71	82	93	104	115	126	4	15	26	37	48	72	95	106	117	128	6	17	28	39	50	61	73	84	107	118	129	7	18	29	40	51	62	74	85	96	119	130	8	19	30	41	52	63	75	86	97	108	131	9	20	31	42	53	64	76	87	98	109	120	10	21	32	43	54	65	
67	16	27	38	49	60	83	94	105	116	127	5	78	89	100	111	122	0	23	34	45	56	68	79	90	101	112	123	1	12	35	46	57	69	80	91	102	113	124	2	13	24	47	58	70	81	92	103	114	125	3	14	25	36	59	71	82	93	104	115	126	4	15	26	37	48	72	95	106	117	128	6	17	28	39	50	61	73	84	107	118	129	7	18	29	40	51	62	74	85	96	119	130	8	19	30	41	52	63	75	86	97	108	131	9	20	31	42	53	64	76	87	98	109	120	10	21	32	43	54	65	66	77	88	99	110	121	11	22	33	44	55	
68	27	38	49	60	83	94	105	116	127	5	16	79	90	101	112	123	1	12	35	46	57	69	80	91	102	113	124	2	13	24	47	58	70	81	92	103	114	125	3	14	25	36	59	71	82	93	104	115	126	4	15	26	37	48	72	95	106	117	128	6	17	28	39	50	61	73	84	107	118	129	7	18	29	40	51	62	74	85	96	119	130	8	19	30	41	52	63	75	86	97	108	131	9	20	31	42	53	64	76	87	98	109	120	10	21	32	43	54	65	66	77	88	99	110	121	11	22	33	44	55	67	78	89	100	111	122	0	23	34	45	56	
69	38	49	60	83	94	105	116	127	5	16	27	80	91	102	113	124	2	13	24	47	58	70	81	92	103	114	125	3	14	25	36	59	71	82	93	104	115	126	4	15	26	37	48	72	95	106	117	128	6	17	28	39	50	61	73	84	107	118	129	7	18	29	40	51	62	74	85	96	119	130	8	19	30	41	52	63	75	86	97	108	131	9	20	31	42	53	64	76	87	98	109	120	10	21	32	43	54	65	66	77	88	99	110	121	11	22	33	44	55	67	78	89	100	111	122	0	23	34	45	56	68	79	90	101	112	123	1	12	35	46	57	
70	49	60	83	94	105	116	127	5	16	27	38	81	92	103	114	125	3	14	25	36	59	71	82	93	104	115	126	4	15	26	37	48	72	95	106	117	128	6	17	28	39	50	61	73	84	107	118	129	7	18	29	40	51	62	74	85	96	119	130	8	19	30	41	52	63	75	86	97	108	131	9	20	31	42	53	64	76	87	98	109	120	10	21	32	43	54	65	66	77	88	99	110	121	11	22	33	44	55	67	78	89	100	111	122	0	23	34	45	56	68	79	90	101	112	123	1	12	35	46	57	69	80	91	102	113	124	2	13	24	47	58	
71	60	83	94	105	116	127	5	16	27	38	49	82	93	104	115	126	4	15	26	37	48	72	95	106	117	128	6	17	28	39	50	61	73	84	107	118	129	7	18	29	40	51	62	74	85	96	119	130	8	19	30	41	52	63	75	86	97	108	131	9	20	31	42	53	64	76	87	98	109	120	10	21	32	43	54	65	66	77	88	99	110	121	11	22	33	44	55	67	78	89	100	111	122	0	23	34	45	56	68	79	90	101	112	123	1	12	35	46	57	69	80	91	102	113	124	2	13	24	47	58	70	81	92	103	114	125	3	14	25	36	59	
72	83	94	105	116	127	5	16	27	38	49	60	95	106	117	128	6	17	28	39	50	61	73	84	107	118	129	7	18	29	40	51	62	74	85	96	119	130	8	19	30	41	52	63	75	86	97	108	131	9	20	31	42	53	64	76	87	98	109	120	10	21	32	43	54	65	66	77	88	99	110	121	11	22	33	44	55	67	78	89	100	111	122	0	23	34	45	56	68	79	90	101	112	123	1	12	35	46	57	69	80	91	102	113	124	2	13	24	47	58	70	81	92	103	114	125	3	14	25	36	59	71	82	93	104	115	126	4	15	26	37	48	
73	94	105	116	127	5	16	27	38	49	60	83	84	107	118	129	7	18	29	40	51	62	74	85	96	119	130	8	19	30	41	52	63	75	86	97	108	131	9	20	31	42	53	64	76	87	98	109	120	10	21	32	43	54	65	66	77	88	99	110	121	11	22	33	44	55	67	78	89	100	111	122	0	23	34	45	56	68	79	90	101	112	123	1	12	35	46	57	69	80	91	102	113	124	2	13	24	47	58	70	81	92	103	114	125	3	14	25	36	59	71	82	93	104	115	126	4	15	26	37	48	72	95	106	117	128	6	17	28	39	50	61	
74	105	116	127	5	16	27	38	49	60	83	94	85	96	119	130	8	19	30	41	52	63	75	86	97	108	131	9	20	31	42	53	64	76	87	98	109	120	10	21	32	43	54	65	66	77	88	99	110	121	11	22	33	44	55	67	78	89	100	111	122	0	23	34	45	56	68	79	90	101	112	123	1	12	35	46	57	69	80	91	102	113	124	2	13	24	47	58	70	81	92	103	114	125	3	14	25	36	59	71	82	93	104	115	126	4	15	26	37	48	72	95	106	117	128	6	17	28	39	50	61	73	84	107	118	129	7	18	29	40	51	62	
75	116	127	5	16	27	38	49	60	83	94	105	86	97	108	131	9	20	31	42	53	64	76	87	98	109	120	10	21	32	43	54	65	66	77	88	99	110	121	11	22	33	44	55	67	78	89	100	111	122	0	23	34	45	56	68	79	90	101	112	123	1	12	35	46	57	69	80	91	102	113	124	2	13	24	47	58	70	81	92	103	114	125	3	14	25	36	59	71	82	93	104	115	126	4	15	26	37	48	72	95	106	117	128	6	17	28	39	50	61	73	84	107	118	129	7	18	29	40	51	62	74	85	96	119	130	8	19	30	41	52	63	
76	127	5	16	27	38	49	60	83	94	105	116	87	98	109	120	10	21	32	43	54	65	66	77	88	99	110	121	11	22	33	44	55	67	78	89	100	111	122	0	23	34	45	56	68	79	90	101	112	123	1	12	35	46	57	69	80	91	102	113	124	2	13	24	47	58	70	81	92	103	114	125	3	14	25	36	59	71	82	93	104	115	126	4	15	26	37	48	72	95	106	117	128	6	17	28	39	50	61	73	84	107	118	129	7	18	29	40	51	62	74	85	96	119	130	8	19	30	41	52	63	75	86	97	108	131	9	20	31	42	53	64	
77	6	17	28	39	50	61	72	95	106	117	128	88	99	110	121	11	22	33	44	55	66	78	89	100	111	122	0	23	34	45	56	67	79	90	101	112	123	1	12	35	46	57	68	80	91	102	113	124	2	13	24	47	58	69	81	92	103	114	125	3	14	25	36	59	70	82	93	104	115	126	4	15	26	37	48	71	83	94	105	116	127	5	16	27	38	49	60	84	107	118	129	7	18	29	40	51	62	73	85	96	119	130	8	19	30	41	52	63	74	86	97	108	131	9	20	31	42	53	64	75	87	98	109	120	10	21	32	43	54	65	76	
78	17	28	39	50	61	72	95	106	117	128	6	89	100	111	122	0	23	34	45	56	67	79	90	101	112	123	1	12	35	46	57	68	80	91	102	113	124	2	13	24	47	58	69	81	92	103	114	125	3	14	25	36	59	70	82	93	104	115	126	4	15	26	37	48	71	83	94	105	116	127	5	16	27	38	49	60	84	107	118	129	7	18	29	40	51	62	73	85	96	119	130	8	19	30	41	52	63	74	86	97	108	131	9	20	31	42	53	64	75	87	98	109	120	10	21	32	43	54	65	76	77	88	99	110	121	11	22	33	44	55	66	
79	28	39	50	61	72	95	106	117	128	6	17	90	101	112	123	1	12	35	46	57	68	80	91	102	113	124	2	13	24	47	58	69	81	92	103	114	125	3	14	25	36	59	70	82	93	104	115	126	4	15	26	37	48	71	83	94	105	116	127	5	16	27	38	49	60	84	107	118	129	7	18	29	40	51	62	73	85	96	119	130	8	19	30	41	52	63	74	86	97	108	131	9	20	31	42	53	64	75	87	98	109	120	10	21	32	43	54	65	76	77	88	99	110	121	11	22	33	44	55	66	78	89	100	111	122	0	23	34	45	56	67	
80	39	50	61	72	95	106	117	128	6	17	28	91	102	113	124	2	13	24	47	58	69	81	92	103	114	125	3	14	25	36	59	70	82	93	104	115	126	4	15	26	37	48	71	83	94	105	116	127	5	16	27	38	49	60	84	107	118	129	7	18	29	40	51	62	73	85	96	119	130	8	19	30	41	52	63	74	86	97	108	131	9	20	31	42	53	64	75	87	98	109	120	10	21	32	43	54	65	76	77	88	99	110	121	11	22	33	44	55	66	78	89	100	111	122	0	23	34	45	56	67	79	90	101	112	123	1	12	35	46	57	68	
81	50	61	72	95	106	117	128	6	17	28	39	92	103	114	125	3	14	25	36	59	70	82	93	104	115	126	4	15	26	37	48	71	83	94	105	116	127	5	16	27	38	49	60	84	107	118	129	7	18	29	40	51	62	73	85	96	119	130	8	19	30	41	52	63	74	86	97	108	131	9	20	31	42	53	64	75	87	98	109	120	10	21	32	43	54	65	76	77	88	99	110	121	11	22	33	44	55	66	78	89	100	111	122	0	23	34	45	56	67	79	90	101	112	123	1	12	35	46	57	68	80	91	102	113	124	2	13	24	47	58	69	
82	61	72	95	106	117	128	6	17	28	39	50	93	104	115	126	4	15	26	37	48	71	83	94	105	116	127	5	16	27	38	49	60	84	107	118	129	7	18	29	40	51	62	73	85	96	119	130	8	19	30	41	52	63	74	86	97	108	131	9	20	31	42	53	64	75	87	98	109	120	10	21	32	43	54	65	76	77	88	99	110	121	11	22	33	44	55	66	78	89	100	111	122	0	23	34	45	56	67	79	90	101	112	123	1	12	35	46	57	68	80	91	102	113	124	2	13	24	47	58	69	81	92	103	114	125	3	14	25	36	59	70	
83	72	95	106	117	128	6	17	28	39	50	61	94	105	116	127	5	16	27	38	49	60	84	107	118	129	7	18	29	40	51	62	73	85	96	119	130	8	19	30	41	52	63	74	86	97	108	131	9	20	31	42	53	64	75	87	98	109	120	10	21	32	43	54	65	76	77	88	99	110	121	11	22	33	44	55	66	78	89	100	111	122	0	23	34	45	56	67	79	90	101	112	123	1	12	35	46	57	68	80	91	102	113	124	2	13	24	47	58	69	81	92	103	114	125	3	14	25	36	59	70	82	93	104	115	126	4	15	26	37	48	71	
84	95	106	117	128	6	17	28	39	50	61	72	107	118	129	7	18	29	40	51	62	73	85	96	119	130	8	19	30	41	52	63	74	86	97	108	131	9	20	31	42	53	64	75	87	98	109	120	10	21	32	43	54	65	76	77	88	99	110	121	11	22	33	44	55	66	78	89	100	111	122	0	23	34	45	56	67	79	90	101	112	123	1	12	35	46	57	68	80	91	102	113	124	2	13	24	47	58	69	81	92	103	114	125	3	14	25	36	59	70	82	93	104	115	126	4	15	26	37	48	71	83	94	105	116	127	5	16	27	38	49	60	
85	106	117	128	6	17	28	39	50	61	72	95	96	119	130	8	19	30	41	52	63	74	86	97	108	131	9	20	31	42	53	64	75	87	98	109	120	10	21	32	43	54	65	76	77	88	99	110	121	11	22	33	44	55	66	78	89	100	111	122	0	23	34	45	56	67	79	90	101	112	123	1	12	35	46	57	68	80	91	102	113	124	2	13	24	47	58	69	81	92	103	114	125	3	14	25	36	59	70	82	93	104	115	126	4	15	26	37	48	71	83	94	105	116	127	5	16	27	38	49	60	84	107	118	129	7	18	29	40	51	62	73	
86	117	128	6	17	28	39	50	61	72	95	106	97	108	131	9	20	31	42	53	64	75	87	98	109	120	10	21	32	43	54	65	76	77	88	99	110	121	11	22	33	44	55	66	78	89	100	111	122	0	23	34	45	56	67	79	90	101	112	123	1	12	35	46	57	68	80	91	102	113	124	2	13	24	47	58	69	81	92	103	114	125	3	14	25	36	59	70	82	93	104	115	126	4	15	26	37	48	71	83	94	105	116	127	5	16	27	38	49	60	84	107	118	129	7	18	29	40	51	62	73	85	96	119	130	8	19	30	41	52	63	74	
87	128	6	17	28	39	50	61	72	95	106	117	98	109	120	10	21	32	43	54	65	76	77	88	99	110	121	11	22	33	44	55	66	78	89	100	111	122	0	23	34	45	56	67	79	90	101	112	123	1	12	35	46	57	68	80	91	102	113	124	2	13	24	47	58	69	81	92	103	114	125	3	14	25	36	59	70	82	93	104	115	126	4	15	26	37	48	71	83	94	105	116	127	5	16	27	38	49	60	84	107	118	129	7	18	29	40	51	62	73	85	96	119	130	8	19	30	41	52	63	74	86	97	108	131	9	20	31	42	53	64	75	
88	7	18	29	40	51	62	73	84	107	118	129	99	110	121	11	22	33	44	55	66	77	89	100	111	122	0	23	34	45	56	67	78	90	101	112	123	1	12	35	46	57	68	79	91	102	113	124	2	13	24	47	58	69	80	92	103	114	125	3	14	25	36	59	70	81	93	104	115	126	4	15	26	37	48	71	82	94	105	116	127	5	16	27	38	49	60	83	95	106	117	128	6	17	28	39	50	61	72	96	119	130	8	19	30	41	52	63	74	85	97	108	131	9	20	31	42	53	64	75	86	98	109	120	10	21	32	43	54	65	76	87	
89	18	29	40	51	62	73	84	107	118	129	7	100	111	122	0	23	34	45	56	67	78	90	101	112	123	1	12	35	46	57	68	79	91	102	113	124	2	13	24	47	58	69	80	92	103	114	125	3	14	25	36	59	70	81	93	104	115	126	4	15	26	37	48	71	82	94	105	116	127	5	16	27	38	49	60	83	95	106	117	128	6	17	28	39	50	61	72	96	119	130	8	19	30	41	52	63	74	85	97	108	131	9	20	31	42	53	64	75	86	98	109	120	10	21	32	43	54	65	76	87	88	99	110	121	11	22	33	44	55	66	77	
90	29	40	51	62	73	84	107	118	129	7	18	101	112	123	1	12	35	46	57	68	79	91	102	113	124	2	13	24	47	58	69	80	92	103	114	125	3	14	25	36	59	70	81	93	104	115	126	4	15	26	37	48	71	82	94	105	116	127	5	16	27	38	49	60	83	95	106	117	128	6	17	28	39	50	61	72	96	119	130	8	19	30	41	52	63	74	85	97	108	131	9	20	31	42	53	64	75	86	98	109	120	10	21	32	43	54	65	76	87	88	99	110	121	11	22	33	44	55	66	77	89	100	111	122	0	23	34	45	56	67	78	
91	40	51	62	73	84	107	118	129	7	18	29	102	113	124	2	13	24	47	58	69	80	92	103	114	125	3	14	25	36	59	70	81	93	104	115	126	4	15	26	37	48	71	82	94	105	116	127	5	16	27	38	49	60	83	95	106	117	128	6	17	28	39	50	61	72	96	119	130	8	19	30	41	52	63	74	85	97	108	131	9	20	31	42	53	64	75	86	98	109	120	10	21	32	43	54	65	76	87	88	99	110	121	11	22	33	44	55	66	77	89	100	111	122	0	23	34	45	56	67	78	90	101	112	123	1	12	35	46	57	68	79	
92	51	62	73	84	107	118	129	7	18	29	40	103	114	125	3	14	25	36	59	70	81	93	104	115	126	4	15	26	37	48	71	82	94	105	116	127	5	16	27	38	49	60	83	95	106	117	128	6	17	28	39	50	61	72	96	119	130	8	19	30	41	52	63	74	85	97	108	131	9	20	31	42	53	64	75	86	98	109	120	10	21	32	43	54	65	76	87	88	99	110	121	11	22	33	44	55	66	77	89	100	111	122	0	23	34	45	56	67	78	90	101	112	123	1	12	35	46	57	68	79	91	102	113	124	2	13	24	47	58	69	80	
93	62	73	84	107	118	129	7	18	29	40	51	104	115	126	4	15	26	37	48	71	82	94	105	116	127	5	16	27	38	49	60	83	95	106	117	128	6	17	28	39	50	61	72	96	119	130	8	19	30	41	52	63	74	85	97	108	131	9	20	31	42	53	64	75	86	98	109	120	10	21	32	43	54	65	76	87	88	99	110	121	11	22	33	44	55	66	77	89	100	111	122	0	23	34	45	56	67	78	90	101	112	123	1	12	35	46	57	68	79	91	102	113	124	2	13	24	47	58	69	80	92	103	114	125	3	14	25	36	59	70	81	
94	73	84	107	118	129	7	18	29	40	51	62	105	116	127	5	16	27	38	49	60	83	95	106	117	128	6	17	28	39	50	61	72	96	119	130	8	19	30	41	52	63	74	85	97	108	131	9	20	31	42	53	64	75	86	98	109	120	10	21	32	43	54	65	76	87	88	99	110	121	11	22	33	44	55	66	77	89	100	111	122	0	23	34	45	56	67	78	90	101	112	123	1	12	35	46	57	68	79	91	102	113	124	2	13	24	47	58	69	80	92	103	114	125	3	14	25	36	59	70	81	93	104	115	126	4	15	26	37	48	71	82	
95	84	107	118	129	7	18	29	40	51	62	73	106	117	128	6	17	28	39	50	61	72	96	119	130	8	19	30	41	52	63	74	85	97	108	131	9	20	31	42	53	64	75	86	98	109	120	10	21	32	43	54	65	76	87	88	99	110	121	11	22	33	44	55	66	77	89	100	111	122	0	23	34	45	56	67	78	90	101	112	123	1	12	35	46	57	68	79	91	102	113	124	2	13	24	47	58	69	80	92	103	114	125	3	14	25	36	59	70	81	93	104	115	126	4	15	26	37	48	71	82	94	105	116	127	5	16	27	38	49	60	83	
96	107	118	129	7	18	29	40	51	62	73	84	119	130	8	19	30	41	52	63	74	85	97	108	131	9	20	31	42	53	64	75	86	98	109	120	10	21	32	43	54	65	76	87	88	99	110	121	11	22	33	44	55	66	77	89	100	111	122	0	23	34	45	56	67	78	90	101	112	123	1	12	35	46	57	68	79	91	102	113	124	2	13	24	47	58	69	80	92	103	114	125	3	14	25	36	59	70	81	93	104	115	126	4	15	26	37	48	71	82	94	105	116	127	5	16	27	38	49	60	83	95	106	117	128	6	17	28	39	50	61	72	
97	118	129	7	18	29	40	51	62	73	84	107	108	131	9	20	31	42	53	64	75	86	98	109	120	10	21	32	43	54	65	76	87	88	99	110	121	11	22	33	44	55	66	77	89	100	111	122	0	23	34	45	56	67	78	90	101	112	123	1	12	35	46	57	68	79	91	102	113	124	2	13	24	47	58	69	80	92	103	114	125	3	14	25	36	59	70	81	93	104	115	126	4	15	26	37	48	71	82	94	105	116	127	5	16	27	38	49	60	83	95	106	117	128	6	17	28	39	50	61	72	96	119	130	8	19	30	41	52	63	74	85	
98	129	7	18	29	40	51	62	73	84	107	118	109	120	10	21	32	43	54	65	76	87	88	99	110	121	11	22	33	44	55	66	77	89	100	111	122	0	23	34	45	56	67	78	90	101	112	123	1	12	35	46	57	68	79	91	102	113	124	2	13	24	47	58	69	80	92	103	114	125	3	14	25	36	59	70	81	93	104	115	126	4	15	26	37	48	71	82	94	105	116	127	5	16	27	38	49	60	83	95	106	117	128	6	17	28	39	50	61	72	96	119	130	8	19	30	41	52	63	74	85	97	108	131	9	20	31	42	53	64	75	86	
99	8	19	30	41	52	63	74	85	96	119	130	110	121	11	22	33	44	55	66	77	88	100	111	122	0	23	34	45	56	67	78	89	101	112	123	1	12	35	46	57	68	79	90	102	113	124	2	13	24	47	58	69	80	91	103	114	125	3	14	25	36	59	70	81	92	104	115	126	4	15	26	37	48	71	82	93	105	116	127	5	16	27	38	49	60	83	94	106	117	128	6	17	28	39	50	61	72	95	107	118	129	7	18	29	40	51	62	73	84	108	131	9	20	31	42	53	64	75	86	97	109	120	10	21	32	43	54	65	76	87	98	
100	19	30	41	52	63	74	85	96	119	130	8	111	122	0	23	34	45	56	67	78	89	101	112	123	1	12	35	46	57	68	79	90	102	113	124	2	13	24	47	58	69	80	91	103	114	125	3	14	25	36	59	70	81	92	104	115	126	4	15	26	37	48	71	82	93	105	116	127	5	16	27	38	49	60	83	94	106	117	128	6	17	28	39	50	61	72	95	107	118	129	7	18	29	40	51	62	73	84	108	131	9	20	31	42	53	64	75	86	97	109	120	10	21	32	43	54	65	76	87	98	99	110	121	11	22	33	44	55	66	77	88	
101	30	41	52	63	74	85	96	119	130	8	19	112	123	1	12	35	46	57	68	79	90	102	113	124	2	13	24	47	58	69	80	91	103	114	125	3	14	25	36	59	70	81	92	104	115	126	4	15	26	37	48	71	82	93	105	116	127	5	16	27	38	49	60	83	94	106	117	128	6	17	28	39	50	61	72	95	107	118	129	7	18	29	40	51	62	73	84	108	131	9	20	31	42	53	64	75	86	97	109	120	10	21	32	43	54	65	76	87	98	99	110	121	11	22	33	44	55	66	77	88	100	111	122	0	23	34	45	56	67	78	89	
102	41	52	63	74	85	96	119	130	8	19	30	113	124	2	13	24	47	58	69	80	91	103	114	125	3	14	25	36	59	70	81	92	104	115	126	4	15	26	37	48	71	82	93	105	116	127	5	16	27	38	49	60	83	94	106	117	128	6	17	28	39	50	61	72	95	107	118	129	7	18	29	40	51	62	73	84	108	131	9	20	31	42	53	64	75	86	97	109	120	10	21	32	43	54	65	76	87	98	99	110	121	11	22	33	44	55	66	77	88	100	111	122	0	23	34	45	56	67	78	89	101	112	123	1	12	35	46	57	68	79	90	
103	52	63	74	85	96	119	130	8	19	30	41	114	125	3	14	25	36	59	70	81	92	104	115	126	4	15	26	37	48	71	82	93	105	116	127	5	16	27	38	49	60	83	94	106	117	128	6	17	28	39	50	61	72	95	107	118	129	7	18	29	40	51	62	73	84	108	131	9	20	31	42	53	64	75	86	97	109	120	10	21	32	43	54	65	76	87	98	99	110	121	11	22	33	44	55	66	77	88	100	111	122	0	23	34	45	56	67	78	89	101	112	123	1	12	35	46	57	68	79	90	102	113	124	2	13	24	47	58	69	80	91	
104	63	74	85	96	119	130	8	19	30	41	52	115	126	4	15	26	37	48	71	82	93	105	116	127	5	16	27	38	49	60	83	94	106	117	128	6	17	28	39	50	61	72	95	107	118	129	7	18	29	40	51	62	73	84	108	131	9	20	31	42	53	64	75	86	97	109	120	10	21	32	43	54	65	76	87	98	99	110	121	11	22	33	44	55	66	77	88	100	111	122	0	23	34	45	56	67	78	89	101	112	123	1	12	35	46	57	68	79	90	102	113	124	2	13	24	47	58	69	80	91	103	114	125	3	14	25	36	59	70	81	92	
105	74	85	96	119	130	8	19	30	41	52	63	116	127	5	16	27	38	49	60	83	94	106	117	128	6	17	28	39	50	61	72	95	107	118	129	7	18	29	40	51	62	73	84	108	131	9	20	31	42	53	64	75	86	97	109	120	10	21	32	43	54	65	76	87	98	99	110	121	11	22	33	44	55	66	77	88	100	111	122	0	23	34	45	56	67	78	89	101	112	123	1	12	35	46	57	68	79	90	102	113	124	2	13	24	47	58	69	80	91	103	114	125	3	14	25	36	59	70	81	92	104	115	126	4	15	26	37	48	71	82	93	
106	85	96	119	130	8	19	30	41	52	63	74	117	128	6	17	28	39	50	61	72	95	107	118	129	7	18	29	40	51	62	73	84	108	131	9	20	31	42	53	64	75	86	97	109	120	10	21	32	43	54	65	76	87	98	99	110	121	11	22	33	44	55	66	77	88	100	111	122	0	23	34	45	56	67	78	89	101	112	123	1	12	35	46	57	68	79	90	102	113	124	2	13	24	47	58	69	80	91	103	114	125	3	14	25	36	59	70	81	92	104	115	126	4	15	26	37	48	71	82	93	105	116	127	5	16	27	38	49	60	83	94	
107	96	119	130	8	19	30	41	52	63	74	85	118	129	7	18	29	40	51	62	73	84	108	131	9	20	31	42	53	64	75	86	97	109	120	10	21	32	43	54	65	76	87	98	99	110	121	11	22	33	44	55	66	77	88	100	111	122	0	23	34	45	56	67	78	89	101	112	123	1	12	35	46	57	68	79	90	102	113	124	2	13	24	47	58	69	80	91	103	114	125	3	14	25	36	59	70	81	92	104	115	126	4	15	26	37	48	71	82	93	105	116	127	5	16	27	38	49	60	83	94	106	117	128	6	17	28	39	50	61	72	95	
108	119	130	8	19	30	41	52	63	74	85	96	131	9	20	31	42	53	64	75	86	97	109	120	10	21	32	43	54	65	76	87	98	99	110	121	11	22	33	44	55	66	77	88	100	111	122	0	23	34	45	56	67	78	89	101	112	123	1	12	35	46	57	68	79	90	102	113	124	2	13	24	47	58	69	80	91	103	114	125	3	14	25	36	59	70	81	92	104	115	126	4	15	26	37	48	71	82	93	105	116	127	5	16	27	38	49	60	83	94	106	117	128	6	17	28	39	50	61	72	95	107	118	129	7	18	29	40	51	62	73	84	
109	130	8	19	30	41	52	63	74	85	96	119	120	10	21	32	43	54	65	76	87	98	99	110	121	11	22	33	44	55	66	77	88	100	111	122	0	23	34	45	56	67	78	89	101	112	123	1	12	35	46	57	68	79	90	102	113	124	2	13	24	47	58	69	80	91	103	114	125	3	14	25	36	59	70	81	92	104	115	126	4	15	26	37	48	71	82	93	105	116	127	5	16	27	38	49	60	83	94	106	117	128	6	17	28	39	50	61	72	95	107	118	129	7	18	29	40	51	62	73	84	108	131	9	20	31	42	53	64	75	86	97	
110	9	20	31	42	53	64	75	86	97	108	131	121	11	22	33	44	55	66	77	88	99	111	122	0	23	34	45	56	67	78	89	100	112	123	1	12	35	46	57	68	79	90	101	113	124	2	13	24	47	58	69	80	91	102	114	125	3	14	25	36	59	70	81	92	103	115	126	4	15	26	37	48	71	82	93	104	116	127	5	16	27	38	49	60	83	94	105	117	128	6	17	28	39	50	61	72	95	106	118	129	7	18	29	40	51	62	73	84	107	119	130	8	19	30	41	52	63	74	85	96	120	10	21	32	43	54	65	76	87	98	109	
111	20	31	42	53	64	75	86	97	108	131	9	122	0	23	34	45	56	67	78	89	100	112	123	1	12	35	46	57	68	79	90	101	113	124	2	13	24	47	58	69	80	91	102	114	125	3	14	25	36	59	70	81	92	103	115	126	4	15	26	37	48	71	82	93	104	116	127	5	16	27	38	49	60	83	94	105	117	128	6	17	28	39	50	61	72	95	106	118	129	7	18	29	40	51	62	73	84	107	119	130	8	19	30	41	52	63	74	85	96	120	10	21	32	43	54	65	76	87	98	109	110	121	11	22	33	44	55	66	77	88	99	
112	31	42	53	64	75	86	97	108	131	9	20	123	1	12	35	46	57	68	79	90	101	113	124	2	13	24	47	58	69	80	91	102	114	125	3	14	25	36	59	70	81	92	103	115	126	4	15	26	37	48	71	82	93	104	116	127	5	16	27	38	49	60	83	94	105	117	128	6	17	28	39	50	61	72	95	106	118	129	7	18	29	40	51	62	73	84	107	119	130	8	19	30	41	52	63	74	85	96	120	10	21	32	43	54	65	76	87	98	109	110	121	11	22	33	44	55	66	77	88	99	111	122	0	23	34	45	56	67	78	89	100	
113	42	53	64	75	86	97	108	131	9	20	31	124	2	13	24	47	58	69	80	91	102	114	125	3	14	25	36	59	70	81	92	103	115	126	4	15	26	37	48	71	82	93	104	116	127	5	16	27	38	49	60	83	94	105	117	128	6	17	28	39	50	61	72	95	106	118	129	7	18	29	40	51	62	73	84	107	119	130	8	19	30	41	52	63	74	85	96	120	10	21	32	43	54	65	76	87	98	109	110	121	11	22	33	44	55	66	77	88	99	111	122	0	23	34	45	56	67	78	89	100	112	123	1	12	35	46	57	68	79	90	101	
114	53	64	75	86	97	108	131	9	20	31	42	125	3	14	25	36	59	70	81	92	103	115	126	4	15	26	37	48	71	82	93	104	116	127	5	16	27	38	49	60	83	94	105	117	128	6	17	28	39	50	61	72	95	106	118	129	7	18	29	40	51	62	73	84	107	119	130	8	19	30	41	52	63	74	85	96	120	10	21	32	43	54	65	76	87	98	109	110	121	11	22	33	44	55	66	77	88	99	111	122	0	23	34	45	56	67	78	89	100	112	123	1	12	35	46	57	68	79	90	101	113	124	2	13	24	47	58	69	80	91	102	
115	64	75	86	97	108	131	9	20	31	42	53	126	4	15	26	37	48	71	82	93	104	116	127	5	16	27	38	49	60	83	94	105	117	128	6	17	28	39	50	61	72	95	106	118	129	7	18	29	40	51	62	73	84	107	119	130	8	19	30	41	52	63	74	85	96	120	10	21	32	43	54	65	76	87	98	109	110	121	11	22	33	44	55	66	77	88	99	111	122	0	23	34	45	56	67	78	89	100	112	123	1	12	35	46	57	68	79	90	101	113	124	2	13	24	47	58	69	80	91	102	114	125	3	14	25	36	59	70	81	92	103	
116	75	86	97	108	131	9	20	31	42	53	64	127	5	16	27	38	49	60	83	94	105	117	128	6	17	28	39	50	61	72	95	106	118	129	7	18	29	40	51	62	73	84	107	119	130	8	19	30	41	52	63	74	85	96	120	10	21	32	43	54	65	76	87	98	109	110	121	11	22	33	44	55	66	77	88	99	111	122	0	23	34	45	56	67	78	89	100	112	123	1	12	35	46	57	68	79	90	101	113	124	2	13	24	47	58	69	80	91	102	114	125	3	14	25	36	59	70	81	92	103	115	126	4	15	26	37	48	71	82	93	104	
117	86	97	108	131	9	20	31	42	53	64	75	128	6	17	28	39	50	61	72	95	106	118	129	7	18	29	40	51	62	73	84	107	119	130	8	19	30	41	52	63	74	85	96	120	10	21	32	43	54	65	76	87	98	109	110	121	11	22	33	44	55	66	77	88	99	111	122	0	23	34	45	56	67	78	89	100	112	123	1	12	35	46	57	68	79	90	101	113	124	2	13	24	47	58	69	80	91	102	114	125	3	14	25	36	59	70	81	92	103	115	126	4	15	26	37	48	71	82	93	104	116	127	5	16	27	38	49	60	83	94	105	
118	97	108	131	9	20	31	42	53	64	75	86	129	7	18	29	40	51	62	73	84	107	119	130	8	19	30	41	52	63	74	85	96	120	10	21	32	43	54	65	76	87	98	109	110	121	11	22	33	44	55	66	77	88	99	111	122	0	23	34	45	56	67	78	89	100	112	123	1	12	35	46	57	68	79	90	101	113	124	2	13	24	47	58	69	80	91	102	114	125	3	14	25	36	59	70	81	92	103	115	126	4	15	26	37	48	71	82	93	104	116	127	5	16	27	38	49	60	83	94	105	117	128	6	17	28	39	50	61	72	95	106	
119	108	131	9	20	31	42	53	64	75	86	97	130	8	19	30	41	52	63	74	85	96	120	10	21	32	43	54	65	76	87	98	109	110	121	11	22	33	44	55	66	77	88	99	111	122	0	23	34	45	56	67	78	89	100	112	123	1	12	35	46	57	68	79	90	101	113	124	2	13	24	47	58	69	80	91	102	114	125	3	14	25	36	59	70	81	92	103	115	126	4	15	26	37	48	71	82	93	104	116	127	5	16	27	38	49	60	83	94	105	117	128	6	17	28	39	50	61	72	95	106	118	129	7	18	29	40	51	62	73	84	107	
120	131	9	20	31	42	53	64	75	86	97	108	10	21	32	43	54	65	76	87	98	109	110	121	11	22	33	44	55	66	77	88	99	111	122	0	23	34	45	56	67	78	89	100	112	123	1	12	35	46	57	68	79	90	101	113	124	2	13	24	47	58	69	80	91	102	114	125	3	14	25	36	59	70	81	92	103	115	126	4	15	26	37	48	71	82	93	104	116	127	5	16	27	38	49	60	83	94	105	117	128	6	17	28	39	50	61	72	95	106	118	129	7	18	29	40	51	62	73	84	107	119	130	8	19	30	41	52	63	74	85	96	
121	10	21	32	43	54	65	76	87	98	109	120	11	22	33	44	55	66	77	88	99	110	122	0	23	34	45	56	67	78	89	100	111	123	1	12	35	46	57	68	79	90	101	112	124	2	13	24	47	58	69	80	91	102	113	125	3	14	25	36	59	70	81	92	103	114	126	4	15	26	37	48	71	82	93	104	115	127	5	16	27	38	49	60	83	94	105	116	128	6	17	28	39	50	61	72	95	106	117	129	7	18	29	40	51	62	73	84	107	118	130	8	19	30	41	52	63	74	85	96	119	131	9	20	31	42	53	64	75	86	97	108	
122	21	32	43	54	65	76	87	98	109	120	10	0	23	34	45	56	67	78	89	100	111	123	1	12	35	46	57	68	79	90	101	112	124	2	13	24	47	58	69	80	91	102	113	125	3	14	25	36	59	70	81	92	103	114	126	4	15	26	37	48	71	82	93	104	115	127	5	16	27	38	49	60	83	94	105	116	128	6	17	28	39	50	61	72	95	106	117	129	7	18	29	40	51	62	73	84	107	118	130	8	19	30	41	52	63	74	85	96	119	131	9	20	31	42	53	64	75	86	97	108	121	11	22	33	44	55	66	77	88	99	110	
123	32	43	54	65	76	87	98	109	120	10	21	1	12	35	46	57	68	79	90	101	112	124	2	13	24	47	58	69	80	91	102	113	125	3	14	25	36	59	70	81	92	103	114	126	4	15	26	37	48	71	82	93	104	115	127	5	16	27	38	49	60	83	94	105	116	128	6	17	28	39	50	61	72	95	106	117	129	7	18	29	40	51	62	73	84	107	118	130	8	19	30	41	52	63	74	85	96	119	131	9	20	31	42	53	64	75	86	97	108	121	11	22	33	44	55	66	77	88	99	110	122	0	23	34	45	56	67	78	89	100	111	
124	43	54	65	76	87	98	109	120	10	21	32	2	13	24	47	58	69	80	91	102	113	125	3	14	25	36	59	70	81	92	103	114	126	4	15	26	37	48	71	82	93	104	115	127	5	16	27	38	49	60	83	94	105	116	128	6	17	28	39	50	61	72	95	106	117	129	7	18	29	40	51	62	73	84	107	118	130	8	19	30	41	52	63	74	85	96	119	131	9	20	31	42	53	64	75	86	97	108	121	11	22	33	44	55	66	77	88	99	110	122	0	23	34	45	56	67	78	89	100	111	123	1	12	35	46	57	68	79	90	101	112	
125	54	65	76	87	98	109	120	10	21	32	43	3	14	25	36	59	70	81	92	103	114	126	4	15	26	37	48	71	82	93	104	115	127	5	16	27	38	49	60	83	94	105	116	128	6	17	28	39	50	61	72	95	106	117	129	7	18	29	40	51	62	73	84	107	118	130	8	19	30	41	52	63	74	85	96	119	131	9	20	31	42	53	64	75	86	97	108	121	11	22	33	44	55	66	77	88	99	110	122	0	23	34	45	56	67	78	89	100	111	123	1	12	35	46	57	68	79	90	101	112	124	2	13	24	47	58	69	80	91	102	113	
126	65	76	87	98	109	120	10	21	32	43	54	4	15	26	37	48	71	82	93	104	115	127	5	16	27	38	49	60	83	94	105	116	128	6	17	28	39	50	61	72	95	106	117	129	7	18	29	40	51	62	73	84	107	118	130	8	19	30	41	52	63	74	85	96	119	131	9	20	31	42	53	64	75	86	97	108	121	11	22	33	44	55	66	77	88	99	110	122	0	23	34	45	56	67	78	89	100	111	123	1	12	35	46	57	68	79	90	101	112	124	2	13	24	47	58	69	80	91	102	113	125	3	14	25	36	59	70	81	92	103	114	
127	76	87	98	109	120	10	21	32	43	54	65	5	16	27	38	49	60	83	94	105	116	128	6	17	28	39	50	61	72	95	106	117	129	7	18	29	40	51	62	73	84	107	118	130	8	19	30	41	52	63	74	85	96	119	131	9	20	31	42	53	64	75	86	97	108	121	11	22	33	44	55	66	77	88	99	110	122	0	23	34	45	56	67	78	89	100	111	123	1	12	35	46	57	68	79	90	101	112	124	2	13	24	47	58	69	80	91	102	113	125	3	14	25	36	59	70	81	92	103	114	126	4	15	26	37	48	71	82	93	104	115	
128	87	98	109	120	10	21	32	43	54	65	76	6	17	28	39	50	61	72	95	106	117	129	7	18	29	40	51	62	73	84	107	118	130	8	19	30	41	52	63	74	85	96	119	131	9	20	31	42	53	64	75	86	97	108	121	11	22	33	44	55	66	77	88	99	110	122	0	23	34	45	56	67	78	89	100	111	123	1	12	35	46	57	68	79	90	101	112	124	2	13	24	47	58	69	80	91	102	113	125	3	14	25	36	59	70	81	92	103	114	126	4	15	26	37	48	71	82	93	104	115	127	5	16	27	38	49	60	83	94	105	116	
129	98	109	120	10	21	32	43	54	65	76	87	7	18	29	40	51	62	73	84	107	118	130	8	19	30	41	52	63	74	85	96	119	131	9	20	31	42	53	64	75	86	97	108	121	11	22	33	44	55	66	77	88	99	110	122	0	23	34	45	56	67	78	89	100	111	123	1	12	35	46	57	68	79	90	101	112	124	2	13	24	47	58	69	80	91	102	113	125	3	14	25	36	59	70	81	92	103	114	126	4	15	26	37	48	71	82	93	104	115	127	5	16	27	38	49	60	83	94	105	116	128	6	17	28	39	50	61	72	95	106	117	
130	109	120	10	21	32	43	54	65	76	87	98	8	19	30	41	52	63	74	85	96	119	131	9	20	31	42	53	64	75	86	97	108	121	11	22	33	44	55	66	77	88	99	110	122	0	23	34	45	56	67	78	89	100	111	123	1	12	35	46	57	68	79	90	101	112	124	2	13	24	47	58	69	80	91	102	113	125	3	14	25	36	59	70	81	92	103	114	126	4	15	26	37	48	71	82	93	104	115	127	5	16	27	38	49	60	83	94	105	116	128	6	17	28	39	50	61	72	95	106	117	129	7	18	29	40	51	62	73	84	107	118	
131	120	10	21	32	43	54	65	76	87	98	109	9	20	31	42	53	64	75	86	97	108	121	11	22	33	44	55	66	77	88	99	110	122	0	23	34	45	56	67	78	89	100	111	123	1	12	35	46	57	68	79	90	101	112	124	2	13	24	47	58	69	80	91	102	113	125	3	14	25	36	59	70	81	92	103	114	126	4	15	26	37	48	71	82	93	104	115	127	5	16	27	38	49	60	83	94	105	116	128	6	17	28	39	50	61	72	95	106	117	129	7	18	29	40	51	62	73	84	107	118	130	8	19	30	41	52	63	74	85	96	119	
