0:	10 20 30 40 50 60 70 80 90 100 
1:	20 30 40 50 60 70 80 90 100 10 
2:	30 40 50 60 70 80 90 100 10 20 
3:	40 50 60 70 80 90 100 10 20 30 
4:	50 60 70 80 90 100 10 20 30 40 
5:	60 70 80 90 100 10 20 30 40 50 
6:	70 80 90 100 10 20 30 40 50 60 
7:	80 90 100 10 20 30 40 50 60 70 
8:	90 100 10 20 30 40 50 60 70 80 
9:	100 10 20 30 40 50 60 70 80 90 
10:	0 21 31 41 51 61 71 81 91 101 
11:	21 31 41 51 61 71 81 91 101 0 
12:	31 41 51 61 71 81 91 101 0 21 
13:	41 51 61 71 81 91 101 0 21 31 
14:	51 61 71 81 91 101 0 21 31 41 
15:	61 71 81 91 101 0 21 31 41 51 
16:	71 81 91 101 0 21 31 41 51 61 
17:	81 91 101 0 21 31 41 51 61 71 
18:	91 101 0 21 31 41 51 61 71 81 
19:	101 0 21 31 41 51 61 71 81 91 
20:	1 11 32 42 52 62 72 82 92 102 
21:	11 32 42 52 62 72 82 92 102 1 
22:	32 42 52 62 72 82 92 102 1 11 
23:	42 52 62 72 82 92 102 1 11 32 
24:	52 62 72 82 92 102 1 11 32 42 
25:	62 72 82 92 102 1 11 32 42 52 
26:	72 82 92 102 1 11 32 42 52 62 
27:	82 92 102 1 11 32 42 52 62 72 
28:	92 102 1 11 32 42 52 62 72 82 
29:	102 1 11 32 42 52 62 72 82 92 
30:	2 12 22 43 53 63 73 83 93 103 
31:	12 22 43 53 63 73 83 93 103 2 
32:	22 43 53 63 73 83 93 103 2 12 
33:	43 53 63 73 83 93 103 2 12 22 
34:	53 63 73 83 93 103 2 12 22 43 
35:	63 73 83 93 103 2 12 22 43 53 
36:	73 83 93 103 2 12 22 43 53 63 
37:	83 93 103 2 12 22 43 53 63 73 
38:	93 103 2 12 22 43 53 63 73 83 
39:	103 2 12 22 43 53 63 73 83 93 
40:	3 13 23 33 54 64 74 84 94 104 
41:	13 23 33 54 64 74 84 94 104 3 
42:	23 33 54 64 74 84 94 104 3 13 
43:	33 54 64 74 84 94 104 3 13 23 
44:	54 64 74 84 94 104 3 13 23 33 
45:	64 74 84 94 104 3 13 23 33 54 
46:	74 84 94 104 3 13 23 33 54 64 
47:	84 94 104 3 13 23 33 54 64 74 
48:	94 104 3 13 23 33 54 64 74 84 
49:	104 3 13 23 33 54 64 74 84 94 
50:	4 14 24 34 44 65 75 85 95 105 
51:	14 24 34 44 65 75 85 95 105 4 
52:	24 34 44 65 75 85 95 105 4 14 
53:	34 44 65 75 85 95 105 4 14 24 
54:	44 65 75 85 95 105 4 14 24 34 
55:	65 75 85 95 105 4 14 24 34 44 
56:	75 85 95 105 4 14 24 34 44 65 
57:	85 95 105 4 14 24 34 44 65 75 
58:	95 105 4 14 24 34 44 65 75 85 
59:	105 4 14 24 34 44 65 75 85 95 
60:	5 15 25 35 45 55 76 86 96 106 
61:	15 25 35 45 55 76 86 96 106 5 
62:	25 35 45 55 76 86 96 106 5 15 
63:	35 45 55 76 86 96 106 5 15 25 
64:	45 55 76 86 96 106 5 15 25 35 
65:	55 76 86 96 106 5 15 25 35 45 
66:	76 86 96 106 5 15 25 35 45 55 
67:	86 96 106 5 15 25 35 45 55 76 
68:	96 106 5 15 25 35 45 55 76 86 
69:	106 5 15 25 35 45 55 76 86 96 
70:	6 16 26 36 46 56 66 87 97 107 
71:	16 26 36 46 56 66 87 97 107 6 
72:	26 36 46 56 66 87 97 107 6 16 
73:	36 46 56 66 87 97 107 6 16 26 
74:	46 56 66 87 97 107 6 16 26 36 
75:	56 66 87 97 107 6 16 26 36 46 
76:	66 87 97 107 6 16 26 36 46 56 
77:	87 97 107 6 16 26 36 46 56 66 
78:	97 107 6 16 26 36 46 56 66 87 
79:	107 6 16 26 36 46 56 66 87 97 
80:	7 17 27 37 47 57 67 77 98 108 
81:	17 27 37 47 57 67 77 98 108 7 
82:	27 37 47 57 67 77 98 108 7 17 
83:	37 47 57 67 77 98 108 7 17 27 
84:	47 57 67 77 98 108 7 17 27 37 
85:	57 67 77 98 108 7 17 27 37 47 
86:	67 77 98 108 7 17 27 37 47 57 
87:	77 98 108 7 17 27 37 47 57 67 
88:	98 108 7 17 27 37 47 57 67 77 
89:	108 7 17 27 37 47 57 67 77 98 
90:	8 18 28 38 48 58 68 78 88 109 
91:	18 28 38 48 58 68 78 88 109 8 
92:	28 38 48 58 68 78 88 109 8 18 
93:	38 48 58 68 78 88 109 8 18 28 
94:	48 58 68 78 88 109 8 18 28 38 
95:	58 68 78 88 109 8 18 28 38 48 
96:	68 78 88 109 8 18 28 38 48 58 
97:	78 88 109 8 18 28 38 48 58 68 
98:	88 109 8 18 28 38 48 58 68 78 
99:	109 8 18 28 38 48 58 68 78 88 
100:	9 19 29 39 49 59 69 79 89 99 
101:	19 29 39 49 59 69 79 89 99 9 
102:	29 39 49 59 69 79 89 99 9 19 
103:	39 49 59 69 79 89 99 9 19 29 
104:	49 59 69 79 89 99 9 19 29 39 
105:	59 69 79 89 99 9 19 29 39 49 
106:	69 79 89 99 9 19 29 39 49 59 
107:	79 89 99 9 19 29 39 49 59 69 
108:	89 99 9 19 29 39 49 59 69 79 
109:	99 9 19 29 39 49 59 69 79 89 
0	10	20	30	40	50	60	70	80	90	100	21	31	41	51	61	71	81	91	101	1	11	32	42	52	62	72	82	92	102	2	12	22	43	53	63	73	83	93	103	3	13	23	33	54	64	74	84	94	104	4	14	24	34	44	65	75	85	95	105	5	15	25	35	45	55	76	86	96	106	6	16	26	36	46	56	66	87	97	107	7	17	27	37	47	57	67	77	98	108	8	18	28	38	48	58	68	78	88	109	9	19	29	39	49	59	69	79	89	99	
1	20	30	40	50	60	70	80	90	100	10	11	32	42	52	62	72	82	92	102	2	12	22	43	53	63	73	83	93	103	3	13	23	33	54	64	74	84	94	104	4	14	24	34	44	65	75	85	95	105	5	15	25	35	45	55	76	86	96	106	6	16	26	36	46	56	66	87	97	107	7	17	27	37	47	57	67	77	98	108	8	18	28	38	48	58	68	78	88	109	9	19	29	39	49	59	69	79	89	99	0	21	31	41	51	61	71	81	91	101	
2	30	40	50	60	70	80	90	100	10	20	12	22	43	53	63	73	83	93	103	3	13	23	33	54	64	74	84	94	104	4	14	24	34	44	65	75	85	95	105	5	15	25	35	45	55	76	86	96	106	6	16	26	36	46	56	66	87	97	107	7	17	27	37	47	57	67	77	98	108	8	18	28	38	48	58	68	78	88	109	9	19	29	39	49	59	69	79	89	99	0	21	31	41	51	61	71	81	91	101	1	11	32	42	52	62	72	82	92	102	
3	40	50	60	70	80	90	100	10	20	30	13	23	33	54	64	74	84	94	104	4	14	24	34	44	65	75	85	95	105	5	15	25	35	45	55	76	86	96	106	6	16	26	36	46	56	66	87	97	107	7	17	27	37	47	57	67	77	98	108	8	18	28	38	48	58	68	78	88	109	9	19	29	39	49	59	69	79	89	99	0	21	31	41	51	61	71	81	91	101	1	11	32	42	52	62	72	82	92	102	2	12	22	43	53	63	73	83	93	103	
4	50	60	70	80	90	100	10	20	30	40	14	24	34	44	65	75	85	95	105	5	15	25	35	45	55	76	86	96	106	6	16	26	36	46	56	66	87	97	107	7	17	27	37	47	57	67	77	98	108	8	18	28	38	48	58	68	78	88	109	9	19	29	39	49	59	69	79	89	99	0	21	31	41	51	61	71	81	91	101	1	11	32	42	52	62	72	82	92	102	2	12	22	43	53	63	73	83	93	103	3	13	23	33	54	64	74	84	94	104	
5	60	70	80	90	100	10	20	30	40	50	15	25	35	45	55	76	86	96	106	6	16	26	36	46	56	66	87	97	107	7	17	27	37	47	57	67	77	98	108	8	18	28	38	48	58	68	78	88	109	9	19	29	39	49	59	69	79	89	99	0	21	31	41	51	61	71	81	91	101	1	11	32	42	52	62	72	82	92	102	2	12	22	43	53	63	73	83	93	103	3	13	23	33	54	64	74	84	94	104	4	14	24	34	44	65	75	85	95	105	
6	70	80	90	100	10	20	30	40	50	60	16	26	36	46	56	66	87	97	107	7	17	27	37	47	57	67	77	98	108	8	18	28	38	48	58	68	78	88	109	9	19	29	39	49	59	69	79	89	99	0	21	31	41	51	61	71	81	91	101	1	11	32	42	52	62	72	82	92	102	2	12	22	43	53	63	73	83	93	103	3	13	23	33	54	64	74	84	94	104	4	14	24	34	44	65	75	85	95	105	5	15	25	35	45	55	76	86	96	106	
7	80	90	100	10	20	30	40	50	60	70	17	27	37	47	57	67	77	98	108	8	18	28	38	48	58	68	78	88	109	9	19	29	39	49	59	69	79	89	99	0	21	31	41	51	61	71	81	91	101	1	11	32	42	52	62	72	82	92	102	2	12	22	43	53	63	73	83	93	103	3	13	23	33	54	64	74	84	94	104	4	14	24	34	44	65	75	85	95	105	5	15	25	35	45	55	76	86	96	106	6	16	26	36	46	56	66	87	97	107	
8	90	100	10	20	30	40	50	60	70	80	18	28	38	48	58	68	78	88	109	9	19	29	39	49	59	69	79	89	99	0	21	31	41	51	61	71	81	91	101	1	11	32	42	52	62	72	82	92	102	2	12	22	43	53	63	73	83	93	103	3	13	23	33	54	64	74	84	94	104	4	14	24	34	44	65	75	85	95	105	5	15	25	35	45	55	76	86	96	106	6	16	26	36	46	56	66	87	97	107	7	17	27	37	47	57	67	77	98	108	
9	100	10	20	30	40	50	60	70	80	90	19	29	39	49	59	69	79	89	99	0	21	31	41	51	61	71	81	91	101	1	11	32	42	52	62	72	82	92	102	2	12	22	43	53	63	73	83	93	103	3	13	23	33	54	64	74	84	94	104	4	14	24	34	44	65	75	85	95	105	5	15	25	35	45	55	76	86	96	106	6	16	26	36	46	56	66	87	97	107	7	17	27	37	47	57	67	77	98	108	8	18	28	38	48	58	68	78	88	109	
10	0	21	31	41	51	61	71	81	91	101	20	30	40	50	60	70	80	90	100	11	32	42	52	62	72	82	92	102	1	12	22	43	53	63	73	83	93	103	2	13	23	33	54	64	74	84	94	104	3	14	24	34	44	65	75	85	95	105	4	15	25	35	45	55	76	86	96	106	5	16	26	36	46	56	66	87	97	107	6	17	27	37	47	57	67	77	98	108	7	18	28	38	48	58	68	78	88	109	8	19	29	39	49	59	69	79	89	99	9	
11	21	31	41	51	61	71	81	91	101	0	32	42	52	62	72	82	92	102	1	12	22	43	53	63	73	83	93	103	2	13	23	33	54	64	74	84	94	104	3	14	24	34	44	65	75	85	95	105	4	15	25	35	45	55	76	86	96	106	5	16	26	36	46	56	66	87	97	107	6	17	27	37	47	57	67	77	98	108	7	18	28	38	48	58	68	78	88	109	8	19	29	39	49	59	69	79	89	99	9	10	20	30	40	50	60	70	80	90	100	
12	31	41	51	61	71	81	91	101	0	21	22	43	53	63	73	83	93	103	2	13	23	33	54	64	74	84	94	104	3	14	24	34	44	65	75	85	95	105	4	15	25	35	45	55	76	86	96	106	5	16	26	36	46	56	66	87	97	107	6	17	27	37	47	57	67	77	98	108	7	18	28	38	48	58	68	78	88	109	8	19	29	39	49	59	69	79	89	99	9	10	20	30	40	50	60	70	80	90	100	11	32	42	52	62	72	82	92	102	1	
13	41	51	61	71	81	91	101	0	21	31	23	33	54	64	74	84	94	104	3	14	24	34	44	65	75	85	95	105	4	15	25	35	45	55	76	86	96	106	5	16	26	36	46	56	66	87	97	107	6	17	27	37	47	57	67	77	98	108	7	18	28	38	48	58	68	78	88	109	8	19	29	39	49	59	69	79	89	99	9	10	20	30	40	50	60	70	80	90	100	11	32	42	52	62	72	82	92	102	1	12	22	43	53	63	73	83	93	103	2	
14	51	61	71	81	91	101	0	21	31	41	24	34	44	65	75	85	95	105	4	15	25	35	45	55	76	86	96	106	5	16	26	36	46	56	66	87	97	107	6	17	27	37	47	57	67	77	98	108	7	18	28	38	48	58	68	78	88	109	8	19	29	39	49	59	69	79	89	99	9	10	20	30	40	50	60	70	80	90	100	11	32	42	52	62	72	82	92	102	1	12	22	43	53	63	73	83	93	103	2	13	23	33	54	64	74	84	94	104	3	
15	61	71	81	91	101	0	21	31	41	51	25	35	45	55	76	86	96	106	5	16	26	36	46	56	66	87	97	107	6	17	27	37	47	57	67	77	98	108	7	18	28	38	48	58	68	78	88	109	8	19	29	39	49	59	69	79	89	99	9	10	20	30	40	50	60	70	80	90	100	11	32	42	52	62	72	82	92	102	1	12	22	43	53	63	73	83	93	103	2	13	23	33	54	64	74	84	94	104	3	14	24	34	44	65	75	85	95	105	4	
16	71	81	91	101	0	21	31	41	51	61	26	36	46	56	66	87	97	107	6	17	27	37	47	57	67	77	98	108	7	18	28	38	48	58	68	78	88	109	8	19	29	39	49	59	69	79	89	99	9	10	20	30	40	50	60	70	80	90	100	11	32	42	52	62	72	82	92	102	1	12	22	43	53	63	73	83	93	103	2	13	23	33	54	64	74	84	94	104	3	14	24	34	44	65	75	85	95	105	4	15	25	35	45	55	76	86	96	106	5	
17	81	91	101	0	21	31	41	51	61	71	27	37	47	57	67	77	98	108	7	18	28	38	48	58	68	78	88	109	8	19	29	39	49	59	69	79	89	99	9	10	20	30	40	50	60	70	80	90	100	11	32	42	52	62	72	82	92	102	1	12	22	43	53	63	73	83	93	103	2	13	23	33	54	64	74	84	94	104	3	14	24	34	44	65	75	85	95	105	4	15	25	35	45	55	76	86	96	106	5	16	26	36	46	56	66	87	97	107	6	
18	91	101	0	21	31	41	51	61	71	81	28	38	48	58	68	78	88	109	8	19	29	39	49	59	69	79	89	99	9	10	20	30	40	50	60	70	80	90	100	11	32	42	52	62	72	82	92	102	1	12	22	43	53	63	73	83	93	103	2	13	23	33	54	64	74	84	94	104	3	14	24	34	44	65	75	85	95	105	4	15	25	35	45	55	76	86	96	106	5	16	26	36	46	56	66	87	97	107	6	17	27	37	47	57	67	77	98	108	7	
19	101	0	21	31	41	51	61	71	81	91	29	39	49	59	69	79	89	99	9	10	20	30	40	50	60	70	80	90	100	11	32	42	52	62	72	82	92	102	1	12	22	43	53	63	73	83	93	103	2	13	23	33	54	64	74	84	94	104	3	14	24	34	44	65	75	85	95	105	4	15	25	35	45	55	76	86	96	106	5	16	26	36	46	56	66	87	97	107	6	17	27	37	47	57	67	77	98	108	7	18	28	38	48	58	68	78	88	109	8	
20	1	11	32	42	52	62	72	82	92	102	30	40	50	60	70	80	90	100	10	21	31	41	51	61	71	81	91	101	0	22	43	53	63	73	83	93	103	2	12	23	33	54	64	74	84	94	104	3	13	24	34	44	65	75	85	95	105	4	14	25	35	45	55	76	86	96	106	5	15	26	36	46	56	66	87	97	107	6	16	27	37	47	57	67	77	98	108	7	17	28	38	48	58	68	78	88	109	8	18	29	39	49	59	69	79	89	99	9	19	
21	11	32	42	52	62	72	82	92	102	1	31	41	51	61	71	81	91	101	0	22	43	53	63	73	83	93	103	2	12	23	33	54	64	74	84	94	104	3	13	24	34	44	65	75	85	95	105	4	14	25	35	45	55	76	86	96	106	5	15	26	36	46	56	66	87	97	107	6	16	27	37	47	57	67	77	98	108	7	17	28	38	48	58	68	78	88	109	8	18	29	39	49	59	69	79	89	99	9	19	20	30	40	50	60	70	80	90	100	10	
22	32	42	52	62	72	82	92	102	1	11	43	53	63	73	83	93	103	2	12	23	33	54	64	74	84	94	104	3	13	24	34	44	65	75	85	95	105	4	14	25	35	45	55	76	86	96	106	5	15	26	36	46	56	66	87	97	107	6	16	27	37	47	57	67	77	98	108	7	17	28	38	48	58	68	78	88	109	8	18	29	39	49	59	69	79	89	99	9	19	20	30	40	50	60	70	80	90	100	10	21	31	41	51	61	71	81	91	101	0	
23	42	52	62	72	82	92	102	1	11	32	33	54	64	74	84	94	104	3	13	24	34	44	65	75	85	95	105	4	14	25	35	45	55	76	86	96	106	5	15	26	36	46	56	66	87	97	107	6	16	27	37	47	57	67	77	98	108	7	17	28	38	48	58	68	78	88	109	8	18	29	39	49	59	69	79	89	99	9	19	20	30	40	50	60	70	80	90	100	10	21	31	41	51	61	71	81	91	101	0	22	43	53	63	73	83	93	103	2	12	
24	52	62	72	82	92	102	1	11	32	42	34	44	65	75	85	95	105	4	14	25	35	45	55	76	86	96	106	5	15	26	36	46	56	66	87	97	107	6	16	27	37	47	57	67	77	98	108	7	17	28	38	48	58	68	78	88	109	8	18	29	39	49	59	69	79	89	99	9	19	20	30	40	50	60	70	80	90	100	10	21	31	41	51	61	71	81	91	101	0	22	43	53	63	73	83	93	103	2	12	23	33	54	64	74	84	94	104	3	13	
25	62	72	82	92	102	1	11	32	42	52	35	45	55	76	86	96	106	5	15	26	36	46	56	66	87	97	107	6	16	27	37	47	57	67	77	98	108	7	17	28	38	48	58	68	78	88	109	8	18	29	39	49	59	69	79	89	99	9	19	20	30	40	50	60	70	80	90	100	10	21	31	41	51	61	71	81	91	101	0	22	43	53	63	73	83	93	103	2	12	23	33	54	64	74	84	94	104	3	13	24	34	44	65	75	85	95	105	4	14	
26	72	82	92	102	1	11	32	42	52	62	36	46	56	66	87	97	107	6	16	27	37	47	57	67	77	98	108	7	17	28	38	48	58	68	78	88	109	8	18	29	39	49	59	69	79	89	99	9	19	20	30	40	50	60	70	80	90	100	10	21	31	41	51	61	71	81	91	101	0	22	43	53	63	73	83	93	103	2	12	23	33	54	64	74	84	94	104	3	13	24	34	44	65	75	85	95	105	4	14	25	35	45	55	76	86	96	106	5	15	
27	82	92	102	1	11	32	42	52	62	72	37	47	57	67	77	98	108	7	17	28	38	48	58	68	78	88	109	8	18	29	39	49	59	69	79	89	99	9	19	20	30	40	50	60	70	80	90	100	10	21	31	41	51	61	71	81	91	101	0	22	43	53	63	73	83	93	103	2	12	23	33	54	64	74	84	94	104	3	13	24	34	44	65	75	85	95	105	4	14	25	35	45	55	76	86	96	106	5	15	26	36	46	56	66	87	97	107	6	16	
28	92	102	1	11	32	42	52	62	72	82	38	48	58	68	78	88	109	8	18	29	39	49	59	69	79	89	99	9	19	20	30	40	50	60	70	80	90	100	10	21	31	41	51	61	71	81	91	101	0	22	43	53	63	73	83	93	103	2	12	23	33	54	64	74	84	94	104	3	13	24	34	44	65	75	85	95	105	4	14	25	35	45	55	76	86	96	106	5	15	26	36	46	56	66	87	97	107	6	16	27	37	47	57	67	77	98	108	7	17	
29	102	1	11	32	42	52	62	72	82	92	39	49	59	69	79	89	99	9	19	20	30	40	50	60	70	80	90	100	10	21	31	41	51	61	71	81	91	101	0	22	43	53	63	73	83	93	103	2	12	23	33	54	64	74	84	94	104	3	13	24	34	44	65	75	85	95	105	4	14	25	35	45	55	76	86	96	106	5	15	26	36	46	56	66	87	97	107	6	16	27	37	47	57	67	77	98	108	7	17	28	38	48	58	68	78	88	109	8	18	
30	2	12	22	43	53	63	73	83	93	103	40	50	60	70	80	90	100	10	20	31	41	51	61	71	81	91	101	0	21	32	42	52	62	72	82	92	102	1	11	33	54	64	74	84	94	104	3	13	23	34	44	65	75	85	95	105	4	14	24	35	45	55	76	86	96	106	5	15	25	36	46	56	66	87	97	107	6	16	26	37	47	57	67	77	98	108	7	17	27	38	48	58	68	78	88	109	8	18	28	39	49	59	69	79	89	99	9	19	29	
31	12	22	43	53	63	73	83	93	103	2	41	51	61	71	81	91	101	0	21	32	42	52	62	72	82	92	102	1	11	33	54	64	74	84	94	104	3	13	23	34	44	65	75	85	95	105	4	14	24	35	45	55	76	86	96	106	5	15	25	36	46	56	66	87	97	107	6	16	26	37	47	57	67	77	98	108	7	17	27	38	48	58	68	78	88	109	8	18	28	39	49	59	69	79	89	99	9	19	29	30	40	50	60	70	80	90	100	10	20	
32	22	43	53	63	73	83	93	103	2	12	42	52	62	72	82	92	102	1	11	33	54	64	74	84	94	104	3	13	23	34	44	65	75	85	95	105	4	14	24	35	45	55	76	86	96	106	5	15	25	36	46	56	66	87	97	107	6	16	26	37	47	57	67	77	98	108	7	17	27	38	48	58	68	78	88	109	8	18	28	39	49	59	69	79	89	99	9	19	29	30	40	50	60	70	80	90	100	10	20	31	41	51	61	71	81	91	101	0	21	
33	43	53	63	73	83	93	103	2	12	22	54	64	74	84	94	104	3	13	23	34	44	65	75	85	95	105	4	14	24	35	45	55	76	86	96	106	5	15	25	36	46	56	66	87	97	107	6	16	26	37	47	57	67	77	98	108	7	17	27	38	48	58	68	78	88	109	8	18	28	39	49	59	69	79	89	99	9	19	29	30	40	50	60	70	80	90	100	10	20	31	41	51	61	71	81	91	101	0	21	32	42	52	62	72	82	92	102	1	11	
34	53	63	73	83	93	103	2	12	22	43	44	65	75	85	95	105	4	14	24	35	45	55	76	86	96	106	5	15	25	36	46	56	66	87	97	107	6	16	26	37	47	57	67	77	98	108	7	17	27	38	48	58	68	78	88	109	8	18	28	39	49	59	69	79	89	99	9	19	29	30	40	50	60	70	80	90	100	10	20	31	41	51	61	71	81	91	101	0	21	32	42	52	62	72	82	92	102	1	11	33	54	64	74	84	94	104	3	13	23	
35	63	73	83	93	103	2	12	22	43	53	45	55	76	86	96	106	5	15	25	36	46	56	66	87	97	107	6	16	26	37	47	57	67	77	98	108	7	17	27	38	48	58	68	78	88	109	8	18	28	39	49	59	69	79	89	99	9	19	29	30	40	50	60	70	80	90	100	10	20	31	41	51	61	71	81	91	101	0	21	32	42	52	62	72	82	92	102	1	11	33	54	64	74	84	94	104	3	13	23	34	44	65	75	85	95	105	4	14	24	
36	73	83	93	103	2	12	22	43	53	63	46	56	66	87	97	107	6	16	26	37	47	57	67	77	98	108	7	17	27	38	48	58	68	78	88	109	8	18	28	39	49	59	69	79	89	99	9	19	29	30	40	50	60	70	80	90	100	10	20	31	41	51	61	71	81	91	101	0	21	32	42	52	62	72	82	92	102	1	11	33	54	64	74	84	94	104	3	13	23	34	44	65	75	85	95	105	4	14	24	35	45	55	76	86	96	106	5	15	25	
37	83	93	103	2	12	22	43	53	63	73	47	57	67	77	98	108	7	17	27	38	48	58	68	78	88	109	8	18	28	39	49	59	69	79	89	99	9	19	29	30	40	50	60	70	80	90	100	10	20	31	41	51	61	71	81	91	101	0	21	32	42	52	62	72	82	92	102	1	11	33	54	64	74	84	94	104	3	13	23	34	44	65	75	85	95	105	4	14	24	35	45	55	76	86	96	106	5	15	25	36	46	56	66	87	97	107	6	16	26	
38	93	103	2	12	22	43	53	63	73	83	48	58	68	78	88	109	8	18	28	39	49	59	69	79	89	99	9	19	29	30	40	50	60	70	80	90	100	10	20	31	41	51	61	71	81	91	101	0	21	32	42	52	62	72	82	92	102	1	11	33	54	64	74	84	94	104	3	13	23	34	44	65	75	85	95	105	4	14	24	35	45	55	76	86	96	106	5	15	25	36	46	56	66	87	97	107	6	16	26	37	47	57	67	77	98	108	7	17	27	
39	103	2	12	22	43	53	63	73	83	93	49	59	69	79	89	99	9	19	29	30	40	50	60	70	80	90	100	10	20	31	41	51	61	71	81	91	101	0	21	32	42	52	62	72	82	92	102	1	11	33	54	64	74	84	94	104	3	13	23	34	44	65	75	85	95	105	4	14	24	35	45	55	76	86	96	106	5	15	25	36	46	56	66	87	97	107	6	16	26	37	47	57	67	77	98	108	7	17	27	38	48	58	68	78	88	109	8	18	28	
40	3	13	23	33	54	64	74	84	94	104	50	60	70	80	90	100	10	20	30	41	51	61	71	81	91	101	0	21	31	42	52	62	72	82	92	102	1	11	32	43	53	63	73	83	93	103	2	12	22	44	65	75	85	95	105	4	14	24	34	45	55	76	86	96	106	5	15	25	35	46	56	66	87	97	107	6	16	26	36	47	57	67	77	98	108	7	17	27	37	48	58	68	78	88	109	8	18	28	38	49	59	69	79	89	99	9	19	29	39	
41	13	23	33	54	64	74	84	94	104	3	51	61	71	81	91	101	0	21	31	42	52	62	72	82	92	102	1	11	32	43	53	63	73	83	93	103	2	12	22	44	65	75	85	95	105	4	14	24	34	45	55	76	86	96	106	5	15	25	35	46	56	66	87	97	107	6	16	26	36	47	57	67	77	98	108	7	17	27	37	48	58	68	78	88	109	8	18	28	38	49	59	69	79	89	99	9	19	29	39	40	50	60	70	80	90	100	10	20	30	
42	23	33	54	64	74	84	94	104	3	13	52	62	72	82	92	102	1	11	32	43	53	63	73	83	93	103	2	12	22	44	65	75	85	95	105	4	14	24	34	45	55	76	86	96	106	5	15	25	35	46	56	66	87	97	107	6	16	26	36	47	57	67	77	98	108	7	17	27	37	48	58	68	78	88	109	8	18	28	38	49	59	69	79	89	99	9	19	29	39	40	50	60	70	80	90	100	10	20	30	41	51	61	71	81	91	101	0	21	31	
43	33	54	64	74	84	94	104	3	13	23	53	63	73	83	93	103	2	12	22	44	65	75	85	95	105	4	14	24	34	45	55	76	86	96	106	5	15	25	35	46	56	66	87	97	107	6	16	26	36	47	57	67	77	98	108	7	17	27	37	48	58	68	78	88	109	8	18	28	38	49	59	69	79	89	99	9	19	29	39	40	50	60	70	80	90	100	10	20	30	41	51	61	71	81	91	101	0	21	31	42	52	62	72	82	92	102	1	11	32	
44	54	64	74	84	94	104	3	13	23	33	65	75	85	95	105	4	14	24	34	45	55	76	86	96	106	5	15	25	35	46	56	66	87	97	107	6	16	26	36	47	57	67	77	98	108	7	17	27	37	48	58	68	78	88	109	8	18	28	38	49	59	69	79	89	99	9	19	29	39	40	50	60	70	80	90	100	10	20	30	41	51	61	71	81	91	101	0	21	31	42	52	62	72	82	92	102	1	11	32	43	53	63	73	83	93	103	2	12	22	
45	64	74	84	94	104	3	13	23	33	54	55	76	86	96	106	5	15	25	35	46	56	66	87	97	107	6	16	26	36	47	57	67	77	98	108	7	17	27	37	48	58	68	78	88	109	8	18	28	38	49	59	69	79	89	99	9	19	29	39	40	50	60	70	80	90	100	10	20	30	41	51	61	71	81	91	101	0	21	31	42	52	62	72	82	92	102	1	11	32	43	53	63	73	83	93	103	2	12	22	44	65	75	85	95	105	4	14	24	34	
46	74	84	94	104	3	13	23	33	54	64	56	66	87	97	107	6	16	26	36	47	57	67	77	98	108	7	17	27	37	48	58	68	78	88	109	8	18	28	38	49	59	69	79	89	99	9	19	29	39	40	50	60	70	80	90	100	10	20	30	41	51	61	71	81	91	101	0	21	31	42	52	62	72	82	92	102	1	11	32	43	53	63	73	83	93	103	2	12	22	44	65	75	85	95	105	4	14	24	34	45	55	76	86	96	106	5	15	25	35	
47	84	94	104	3	13	23	33	54	64	74	57	67	77	98	108	7	17	27	37	48	58	68	78	88	109	8	18	28	38	49	59	69	79	89	99	9	19	29	39	40	50	60	70	80	90	100	10	20	30	41	51	61	71	81	91	101	0	21	31	42	52	62	72	82	92	102	1	11	32	43	53	63	73	83	93	103	2	12	22	44	65	75	85	95	105	4	14	24	34	45	55	76	86	96	106	5	15	25	35	46	56	66	87	97	107	6	16	26	36	
48	94	104	3	13	23	33	54	64	74	84	58	68	78	88	109	8	18	28	38	49	59	69	79	89	99	9	19	29	39	40	50	60	70	80	90	100	10	20	30	41	51	61	71	81	91	101	0	21	31	42	52	62	72	82	92	102	1	11	32	43	53	63	73	83	93	103	2	12	22	44	65	75	85	95	105	4	14	24	34	45	55	76	86	96	106	5	15	25	35	46	56	66	87	97	107	6	16	26	36	47	57	67	77	98	108	7	17	27	37	
49	104	3	13	23	33	54	64	74	84	94	59	69	79	89	99	9	19	29	39	40	50	60	70	80	90	100	10	20	30	41	51	61	71	81	91	101	0	21	31	42	52	62	72	82	92	102	1	11	32	43	53	63	73	83	93	103	2	12	22	44	65	75	85	95	105	4	14	24	34	45	55	76	86	96	106	5	15	25	35	46	56	66	87	97	107	6	16	26	36	47	57	67	77	98	108	7	17	27	37	48	58	68	78	88	109	8	18	28	38	
50	4	14	24	34	44	65	75	85	95	105	60	70	80	90	100	10	20	30	40	51	61	71	81	91	101	0	21	31	41	52	62	72	82	92	102	1	11	32	42	53	63	73	83	93	103	2	12	22	43	54	64	74	84	94	104	3	13	23	33	55	76	86	96	106	5	15	25	35	45	56	66	87	97	107	6	16	26	36	46	57	67	77	98	108	7	17	27	37	47	58	68	78	88	109	8	18	28	38	48	59	69	79	89	99	9	19	29	39	49	
51	14	24	34	44	65	75	85	95	105	4	61	71	81	91	101	0	21	31	41	52	62	72	82	92	102	1	11	32	42	53	63	73	83	93	103	2	12	22	43	54	64	74	84	94	104	3	13	23	33	55	76	86	96	106	5	15	25	35	45	56	66	87	97	107	6	16	26	36	46	57	67	77	98	108	7	17	27	37	47	58	68	78	88	109	8	18	28	38	48	59	69	79	89	99	9	19	29	39	49	50	60	70	80	90	100	10	20	30	40	
52	24	34	44	65	75	85	95	105	4	14	62	72	82	92	102	1	11	32	42	53	63	73	83	93	103	2	12	22	43	54	64	74	84	94	104	3	13	23	33	55	76	86	96	106	5	15	25	35	45	56	66	87	97	107	6	16	26	36	46	57	67	77	98	108	7	17	27	37	47	58	68	78	88	109	8	18	28	38	48	59	69	79	89	99	9	19	29	39	49	50	60	70	80	90	100	10	20	30	40	51	61	71	81	91	101	0	21	31	41	
53	34	44	65	75	85	95	105	4	14	24	63	73	83	93	103	2	12	22	43	54	64	74	84	94	104	3	13	23	33	55	76	86	96	106	5	15	25	35	45	56	66	87	97	107	6	16	26	36	46	57	67	77	98	108	7	17	27	37	47	58	68	78	88	109	8	18	28	38	48	59	69	79	89	99	9	19	29	39	49	50	60	70	80	90	100	10	20	30	40	51	61	71	81	91	101	0	21	31	41	52	62	72	82	92	102	1	11	32	42	
54	44	65	75	85	95	105	4	14	24	34	64	74	84	94	104	3	13	23	33	55	76	86	96	106	5	15	25	35	45	56	66	87	97	107	6	16	26	36	46	57	67	77	98	108	7	17	27	37	47	58	68	78	88	109	8	18	28	38	48	59	69	79	89	99	9	19	29	39	49	50	60	70	80	90	100	10	20	30	40	51	61	71	81	91	101	0	21	31	41	52	62	72	82	92	102	1	11	32	42	53	63	73	83	93	103	2	12	22	43	
55	65	75	85	95	105	4	14	24	34	44	76	86	96	106	5	15	25	35	45	56	66	87	97	107	6	16	26	36	46	57	67	77	98	108	7	17	27	37	47	58	68	78	88	109	8	18	28	38	48	59	69	79	89	99	9	19	29	39	49	50	60	70	80	90	100	10	20	30	40	51	61	71	81	91	101	0	21	31	41	52	62	72	82	92	102	1	11	32	42	53	63	73	83	93	103	2	12	22	43	54	64	74	84	94	104	3	13	23	33	
56	75	85	95	105	4	14	24	34	44	65	66	87	97	107	6	16	26	36	46	57	67	77	98	108	7	17	27	37	47	58	68	78	88	109	8	18	28	38	48	59	69	79	89	99	9	19	29	39	49	50	60	70	80	90	100	10	20	30	40	51	61	71	81	91	101	0	21	31	41	52	62	72	82	92	102	1	11	32	42	53	63	73	83	93	103	2	12	22	43	54	64	74	84	94	104	3	13	23	33	55	76	86	96	106	5	15	25	35	45	
57	85	95	105	4	14	24	34	44	65	75	67	77	98	108	7	17	27	37	47	58	68	78	88	109	8	18	28	38	48	59	69	79	89	99	9	19	29	39	49	50	60	70	80	90	100	10	20	30	40	51	61	71	81	91	101	0	21	31	41	52	62	72	82	92	102	1	11	32	42	53	63	73	83	93	103	2	12	22	43	54	64	74	84	94	104	3	13	23	33	55	76	86	96	106	5	15	25	35	45	56	66	87	97	107	6	16	26	36	46	
58	95	105	4	14	24	34	44	65	75	85	68	78	88	109	8	18	28	38	48	59	69	79	89	99	9	19	29	39	49	50	60	70	80	90	100	10	20	30	40	51	61	71	81	91	101	0	21	31	41	52	62	72	82	92	102	1	11	32	42	53	63	73	83	93	103	2	12	22	43	54	64	74	84	94	104	3	13	23	33	55	76	86	96	106	5	15	25	35	45	56	66	87	97	107	6	16	26	36	46	57	67	77	98	108	7	17	27	37	47	
59	105	4	14	24	34	44	65	75	85	95	69	79	89	99	9	19	29	39	49	50	60	70	80	90	100	10	20	30	40	51	61	71	81	91	101	0	21	31	41	52	62	72	82	92	102	1	11	32	42	53	63	73	83	93	103	2	12	22	43	54	64	74	84	94	104	3	13	23	33	55	76	86	96	106	5	15	25	35	45	56	66	87	97	107	6	16	26	36	46	57	67	77	98	108	7	17	27	37	47	58	68	78	88	109	8	18	28	38	48	
60	5	15	25	35	45	55	76	86	96	106	70	80	90	100	10	20	30	40	50	61	71	81	91	101	0	21	31	41	51	62	72	82	92	102	1	11	32	42	52	63	73	83	93	103	2	12	22	43	53	64	74	84	94	104	3	13	23	33	54	65	75	85	95	105	4	14	24	34	44	66	87	97	107	6	16	26	36	46	56	67	77	98	108	7	17	27	37	47	57	68	78	88	109	8	18	28	38	48	58	69	79	89	99	9	19	29	39	49	59	
61	15	25	35	45	55	76	86	96	106	5	71	81	91	101	0	21	31	41	51	62	72	82	92	102	1	11	32	42	52	63	73	83	93	103	2	12	22	43	53	64	74	84	94	104	3	13	23	33	54	65	75	85	95	105	4	14	24	34	44	66	87	97	107	6	16	26	36	46	56	67	77	98	108	7	17	27	37	47	57	68	78	88	109	8	18	28	38	48	58	69	79	89	99	9	19	29	39	49	59	60	70	80	90	100	10	20	30	40	50	
62	25	35	45	55	76	86	96	106	5	15	72	82	92	102	1	11	32	42	52	63	73	83	93	103	2	12	22	43	53	64	74	84	94	104	3	13	23	33	54	65	75	85	95	105	4	14	24	34	44	66	87	97	107	6	16	26	36	46	56	67	77	98	108	7	17	27	37	47	57	68	78	88	109	8	18	28	38	48	58	69	79	89	99	9	19	29	39	49	59	60	70	80	90	100	10	20	30	40	50	61	71	81	91	101	0	21	31	41	51	
63	35	45	55	76	86	96	106	5	15	25	73	83	93	103	2	12	22	43	53	64	74	84	94	104	3	13	23	33	54	65	75	85	95	105	4	14	24	34	44	66	87	97	107	6	16	26	36	46	56	67	77	98	108	7	17	27	37	47	57	68	78	88	109	8	18	28	38	48	58	69	79	89	99	9	19	29	39	49	59	60	70	80	90	100	10	20	30	40	50	61	71	81	91	101	0	21	31	41	51	62	72	82	92	102	1	11	32	42	52	
64	45	55	76	86	96	106	5	15	25	35	74	84	94	104	3	13	23	33	54	65	75	85	95	105	4	14	24	34	44	66	87	97	107	6	16	26	36	46	56	67	77	98	108	7	17	27	37	47	57	68	78	88	109	8	18	28	38	48	58	69	79	89	99	9	19	29	39	49	59	60	70	80	90	100	10	20	30	40	50	61	71	81	91	101	0	21	31	41	51	62	72	82	92	102	1	11	32	42	52	63	73	83	93	103	2	12	22	43	53	
65	55	76	86	96	106	5	15	25	35	45	75	85	95	105	4	14	24	34	44	66	87	97	107	6	16	26	36	46	56	67	77	98	108	7	17	27	37	47	57	68	78	88	109	8	18	28	38	48	58	69	79	89	99	9	19	29	39	49	59	60	70	80	90	100	10	20	30	40	50	61	71	81	91	101	0	21	31	41	51	62	72	82	92	102	1	11	32	42	52	63	73	83	93	103	2	12	22	43	53	64	74	84	94	104	3	13	23	33	54	
66	76	86	96	106	5	15	25	35	45	55	87	97	107	6	16	26	36	46	56	67	77	98	108	7	17	27	37	47	57	68	78	88	109	8	18	28	38	48	58	69	79	89	99	9	19	29	39	49	59	60	70	80	90	100	10	20	30	40	50	61	71	81	91	101	0	21	31	41	51	62	72	82	92	102	1	11	32	42	52	63	73	83	93	103	2	12	22	43	53	64	74	84	94	104	3	13	23	33	54	65	75	85	95	105	4	14	24	34	44	
67	86	96	106	5	15	25	35	45	55	76	77	98	108	7	17	27	37	47	57	68	78	88	109	8	18	28	38	48	58	69	79	89	99	9	19	29	39	49	59	60	70	80	90	100	10	20	30	40	50	61	71	81	91	101	0	21	31	41	51	62	72	82	92	102	1	11	32	42	52	63	73	83	93	103	2	12	22	43	53	64	74	84	94	104	3	13	23	33	54	65	75	85	95	105	4	14	24	34	44	66	87	97	107	6	16	26	36	46	56	
68	96	106	5	15	25	35	45	55	76	86	78	88	109	8	18	28	38	48	58	69	79	89	99	9	19	29	39	49	59	60	70	80	90	100	10	20	30	40	50	61	71	81	91	101	0	21	31	41	51	62	72	82	92	102	1	11	32	42	52	63	73	83	93	103	2	12	22	43	53	64	74	84	94	104	3	13	23	33	54	65	75	85	95	105	4	14	24	34	44	66	87	97	107	6	16	26	36	46	56	67	77	98	108	7	17	27	37	47	57	
69	106	5	15	25	35	45	55	76	86	96	79	89	99	9	19	29	39	49	59	60	70	80	90	100	10	20	30	40	50	61	71	81	91	101	0	21	31	41	51	62	72	82	92	102	1	11	32	42	52	63	73	83	93	103	2	12	22	43	53	64	74	84	94	104	3	13	23	33	54	65	75	85	95	105	4	14	24	34	44	66	87	97	107	6	16	26	36	46	56	67	77	98	108	7	17	27	37	47	57	68	78	88	109	8	18	28	38	48	58	
70	6	16	26	36	46	56	66	87	97	107	80	90	100	10	20	30	40	50	60	71	81	91	101	0	21	31	41	51	61	72	82	92	102	1	11	32	42	52	62	73	83	93	103	2	12	22	43	53	63	74	84	94	104	3	13	23	33	54	64	75	85	95	105	4	14	24	34	44	65	76	86	96	106	5	15	25	35	45	55	77	98	108	7	17	27	37	47	57	67	78	88	109	8	18	28	38	48	58	68	79	89	99	9	19	29	39	49	59	69	
71	16	26	36	46	56	66	87	97	107	6	81	91	101	0	21	31	41	51	61	72	82	92	102	1	11	32	42	52	62	73	83	93	103	2	12	22	43	53	63	74	84	94	104	3	13	23	33	54	64	75	85	95	105	4	14	24	34	44	65	76	86	96	106	5	15	25	35	45	55	77	98	108	7	17	27	37	47	57	67	78	88	109	8	18	28	38	48	58	68	79	89	99	9	19	29	39	49	59	69	70	80	90	100	10	20	30	40	50	60	
72	26	36	46	56	66	87	97	107	6	16	82	92	102	1	11	32	42	52	62	73	83	93	103	2	12	22	43	53	63	74	84	94	104	3	13	23	33	54	64	75	85	95	105	4	14	24	34	44	65	76	86	96	106	5	15	25	35	45	55	77	98	108	7	17	27	37	47	57	67	78	88	109	8	18	28	38	48	58	68	79	89	99	9	19	29	39	49	59	69	70	80	90	100	10	20	30	40	50	60	71	81	91	101	0	21	31	41	51	61	
73	36	46	56	66	87	97	107	6	16	26	83	93	103	2	12	22	43	53	63	74	84	94	104	3	13	23	33	54	64	75	85	95	105	4	14	24	34	44	65	76	86	96	106	5	15	25	35	45	55	77	98	108	7	17	27	37	47	57	67	78	88	109	8	18	28	38	48	58	68	79	89	99	9	19	29	39	49	59	69	70	80	90	100	10	20	30	40	50	60	71	81	91	101	0	21	31	41	51	61	72	82	92	102	1	11	32	42	52	62	
74	46	56	66	87	97	107	6	16	26	36	84	94	104	3	13	23	33	54	64	75	85	95	105	4	14	24	34	44	65	76	86	96	106	5	15	25	35	45	55	77	98	108	7	17	27	37	47	57	67	78	88	109	8	18	28	38	48	58	68	79	89	99	9	19	29	39	49	59	69	70	80	90	100	10	20	30	40	50	60	71	81	91	101	0	21	31	41	51	61	72	82	92	102	1	11	32	42	52	62	73	83	93	103	2	12	22	43	53	63	
75	56	66	87	97	107	6	16	26	36	46	85	95	105	4	14	24	34	44	65	76	86	96	106	5	15	25	35	45	55	77	98	108	7	17	27	37	47	57	67	78	88	109	8	18	28	38	48	58	68	79	89	99	9	19	29	39	49	59	69	70	80	90	100	10	20	30	40	50	60	71	81	91	101	0	21	31	41	51	61	72	82	92	102	1	11	32	42	52	62	73	83	93	103	2	12	22	43	53	63	74	84	94	104	3	13	23	33	54	64	
76	66	87	97	107	6	16	26	36	46	56	86	96	106	5	15	25	35	45	55	77	98	108	7	17	27	37	47	57	67	78	88	109	8	18	28	38	48	58	68	79	89	99	9	19	29	39	49	59	69	70	80	90	100	10	20	30	40	50	60	71	81	91	101	0	21	31	41	51	61	72	82	92	102	1	11	32	42	52	62	73	83	93	103	2	12	22	43	53	63	74	84	94	104	3	13	23	33	54	64	75	85	95	105	4	14	24	34	44	65	
77	87	97	107	6	16	26	36	46	56	66	98	108	7	17	27	37	47	57	67	78	88	109	8	18	28	38	48	58	68	79	89	99	9	19	29	39	49	59	69	70	80	90	100	10	20	30	40	50	60	71	81	91	101	0	21	31	41	51	61	72	82	92	102	1	11	32	42	52	62	73	83	93	103	2	12	22	43	53	63	74	84	94	104	3	13	23	33	54	64	75	85	95	105	4	14	24	34	44	65	76	86	96	106	5	15	25	35	45	55	
78	97	107	6	16	26	36	46	56	66	87	88	109	8	18	28	38	48	58	68	79	89	99	9	19	29	39	49	59	69	70	80	90	100	10	20	30	40	50	60	71	81	91	101	0	21	31	41	51	61	72	82	92	102	1	11	32	42	52	62	73	83	93	103	2	12	22	43	53	63	74	84	94	104	3	13	23	33	54	64	75	85	95	105	4	14	24	34	44	65	76	86	96	106	5	15	25	35	45	55	77	98	108	7	17	27	37	47	57	67	
79	107	6	16	26	36	46	56	66	87	97	89	99	9	19	29	39	49	59	69	70	80	90	100	10	20	30	40	50	60	71	81	91	101	0	21	31	41	51	61	72	82	92	102	1	11	32	42	52	62	73	83	93	103	2	12	22	43	53	63	74	84	94	104	3	13	23	33	54	64	75	85	95	105	4	14	24	34	44	65	76	86	96	106	5	15	25	35	45	55	77	98	108	7	17	27	37	47	57	67	78	88	109	8	18	28	38	48	58	68	
80	7	17	27	37	47	57	67	77	98	108	90	100	10	20	30	40	50	60	70	81	91	101	0	21	31	41	51	61	71	82	92	102	1	11	32	42	52	62	72	83	93	103	2	12	22	43	53	63	73	84	94	104	3	13	23	33	54	64	74	85	95	105	4	14	24	34	44	65	75	86	96	106	5	15	25	35	45	55	76	87	97	107	6	16	26	36	46	56	66	88	109	8	18	28	38	48	58	68	78	89	99	9	19	29	39	49	59	69	79	
81	17	27	37	47	57	67	77	98	108	7	91	101	0	21	31	41	51	61	71	82	92	102	1	11	32	42	52	62	72	83	93	103	2	12	22	43	53	63	73	84	94	104	3	13	23	33	54	64	74	85	95	105	4	14	24	34	44	65	75	86	96	106	5	15	25	35	45	55	76	87	97	107	6	16	26	36	46	56	66	88	109	8	18	28	38	48	58	68	78	89	99	9	19	29	39	49	59	69	79	80	90	100	10	20	30	40	50	60	70	
82	27	37	47	57	67	77	98	108	7	17	92	102	1	11	32	42	52	62	72	83	93	103	2	12	22	43	53	63	73	84	94	104	3	13	23	33	54	64	74	85	95	105	4	14	24	34	44	65	75	86	96	106	5	15	25	35	45	55	76	87	97	107	6	16	26	36	46	56	66	88	109	8	18	28	38	48	58	68	78	89	99	9	19	29	39	49	59	69	79	80	90	100	10	20	30	40	50	60	70	81	91	101	0	21	31	41	51	61	71	
83	37	47	57	67	77	98	108	7	17	27	93	103	2	12	22	43	53	63	73	84	94	104	3	13	23	33	54	64	74	85	95	105	4	14	24	34	44	65	75	86	96	106	5	15	25	35	45	55	76	87	97	107	6	16	26	36	46	56	66	88	109	8	18	28	38	48	58	68	78	89	99	9	19	29	39	49	59	69	79	80	90	100	10	20	30	40	50	60	70	81	91	101	0	21	31	41	51	61	71	82	92	102	1	11	32	42	52	62	72	
84	47	57	67	77	98	108	7	17	27	37	94	104	3	13	23	33	54	64	74	85	95	105	4	14	24	34	44	65	75	86	96	106	5	15	25	35	45	55	76	87	97	107	6	16	26	36	46	56	66	88	109	8	18	28	38	48	58	68	78	89	99	9	19	29	39	49	59	69	79	80	90	100	10	20	30	40	50	60	70	81	91	101	0	21	31	41	51	61	71	82	92	102	1	11	32	42	52	62	72	83	93	103	2	12	22	43	53	63	73	
85	57	67	77	98	108	7	17	27	37	47	95	105	4	14	24	34	44	65	75	86	96	106	5	15	25	35	45	55	76	87	97	107	6	16	26	36	46	56	66	88	109	8	18	28	38	48	58	68	78	89	99	9	19	29	39	49	59	69	79	80	90	100	10	20	30	40	50	60	70	81	91	101	0	21	31	41	51	61	71	82	92	102	1	11	32	42	52	62	72	83	93	103	2	12	22	43	53	63	73	84	94	104	3	13	23	33	54	64	74	
86	67	77	98	108	7	17	27	37	47	57	96	106	5	15	25	35	45	55	76	87	97	107	6	16	26	36	46	56	66	88	109	8	18	28	38	48	58	68	78	89	99	9	19	29	39	49	59	69	79	80	90	100	10	20	30	40	50	60	70	81	91	101	0	21	31	41	51	61	71	82	92	102	1	11	32	42	52	62	72	83	93	103	2	12	22	43	53	63	73	84	94	104	3	13	23	33	54	64	74	85	95	105	4	14	24	34	44	65	75	
87	77	98	108	7	17	27	37	47	57	67	97	107	6	16	26	36	46	56	66	88	109	8	18	28	38	48	58	68	78	89	99	9	19	29	39	49	59	69	79	80	90	100	10	20	30	40	50	60	70	81	91	101	0	21	31	41	51	61	71	82	92	102	1	11	32	42	52	62	72	83	93	103	2	12	22	43	53	63	73	84	94	104	3	13	23	33	54	64	74	85	95	105	4	14	24	34	44	65	75	86	96	106	5	15	25	35	45	55	76	
88	98	108	7	17	27	37	47	57	67	77	109	8	18	28	38	48	58	68	78	89	99	9	19	29	39	49	59	69	79	80	90	100	10	20	30	40	50	60	70	81	91	101	0	21	31	41	51	61	71	82	92	102	1	11	32	42	52	62	72	83	93	103	2	12	22	43	53	63	73	84	94	104	3	13	23	33	54	64	74	85	95	105	4	14	24	34	44	65	75	86	96	106	5	15	25	35	45	55	76	87	97	107	6	16	26	36	46	56	66	
89	108	7	17	27	37	47	57	67	77	98	99	9	19	29	39	49	59	69	79	80	90	100	10	20	30	40	50	60	70	81	91	101	0	21	31	41	51	61	71	82	92	102	1	11	32	42	52	62	72	83	93	103	2	12	22	43	53	63	73	84	94	104	3	13	23	33	54	64	74	85	95	105	4	14	24	34	44	65	75	86	96	106	5	15	25	35	45	55	76	87	97	107	6	16	26	36	46	56	66	88	109	8	18	28	38	48	58	68	78	
90	8	18	28	38	48	58	68	78	88	109	100	10	20	30	40	50	60	70	80	91	101	0	21	31	41	51	61	71	81	92	102	1	11	32	42	52	62	72	82	93	103	2	12	22	43	53	63	73	83	94	104	3	13	23	33	54	64	74	84	95	105	4	14	24	34	44	65	75	85	96	106	5	15	25	35	45	55	76	86	97	107	6	16	26	36	46	56	66	87	98	108	7	17	27	37	47	57	67	77	99	9	19	29	39	49	59	69	79	89	
91	18	28	38	48	58	68	78	88	109	8	101	0	21	31	41	51	61	71	81	92	102	1	11	32	42	52	62	72	82	93	103	2	12	22	43	53	63	73	83	94	104	3	13	23	33	54	64	74	84	95	105	4	14	24	34	44	65	75	85	96	106	5	15	25	35	45	55	76	86	97	107	6	16	26	36	46	56	66	87	98	108	7	17	27	37	47	57	67	77	99	9	19	29	39	49	59	69	79	89	90	100	10	20	30	40	50	60	70	80	
92	28	38	48	58	68	78	88	109	8	18	102	1	11	32	42	52	62	72	82	93	103	2	12	22	43	53	63	73	83	94	104	3	13	23	33	54	64	74	84	95	105	4	14	24	34	44	65	75	85	96	106	5	15	25	35	45	55	76	86	97	107	6	16	26	36	46	56	66	87	98	108	7	17	27	37	47	57	67	77	99	9	19	29	39	49	59	69	79	89	90	100	10	20	30	40	50	60	70	80	91	101	0	21	31	41	51	61	71	81	
93	38	48	58	68	78	88	109	8	18	28	103	2	12	22	43	53	63	73	83	94	104	3	13	23	33	54	64	74	84	95	105	4	14	24	34	44	65	75	85	96	106	5	15	25	35	45	55	76	86	97	107	6	16	26	36	46	56	66	87	98	108	7	17	27	37	47	57	67	77	99	9	19	29	39	49	59	69	79	89	90	100	10	20	30	40	50	60	70	80	91	101	0	21	31	41	51	61	71	81	92	102	1	11	32	42	52	62	72	82	
94	48	58	68	78	88	109	8	18	28	38	104	3	13	23	33	54	64	74	84	95	105	4	14	24	34	44	65	75	85	96	106	5	15	25	35	45	55	76	86	97	107	6	16	26	36	46	56	66	87	98	108	7	17	27	37	47	57	67	77	99	9	19	29	39	49	59	69	79	89	90	100	10	20	30	40	50	60	70	80	91	101	0	21	31	41	51	61	71	81	92	102	1	11	32	42	52	62	72	82	93	103	2	12	22	43	53	63	73	83	
95	58	68	78	88	109	8	18	28	38	48	105	4	14	24	34	44	65	75	85	96	106	5	15	25	35	45	55	76	86	97	107	6	16	26	36	46	56	66	87	98	108	7	17	27	37	47	57	67	77	99	9	19	29	39	49	59	69	79	89	90	100	10	20	30	40	50	60	70	80	91	101	0	21	31	41	51	61	71	81	92	102	1	11	32	42	52	62	72	82	93	103	2	12	22	43	53	63	73	83	94	104	3	13	23	33	54	64	74	84	
96	68	78	88	109	8	18	28	38	48	58	106	5	15	25	35	45	55	76	86	97	107	6	16	26	36	46	56	66	87	98	108	7	17	27	37	47	57	67	77	99	9	19	29	39	49	59	69	79	89	90	100	10	20	30	40	50	60	70	80	91	101	0	21	31	41	51	61	71	81	92	102	1	11	32	42	52	62	72	82	93	103	2	12	22	43	53	63	73	83	94	104	3	13	23	33	54	64	74	84	95	105	4	14	24	34	44	65	75	85	
97	78	88	109	8	18	28	38	48	58	68	107	6	16	26	36	46	56	66	87	98	108	7	17	27	37	47	57	67	77	99	9	19	29	39	49	59	69	79	89	90	100	10	20	30	40	50	60	70	80	91	101	0	21	31	41	51	61	71	81	92	102	1	11	32	42	52	62	72	82	93	103	2	12	22	43	53	63	73	83	94	104	3	13	23	33	54	64	74	84	95	105	4	14	24	34	44	65	75	85	96	106	5	15	25	35	45	55	76	86	
98	88	109	8	18	28	38	48	58	68	78	108	7	17	27	37	47	57	67	77	99	9	19	29	39	49	59	69	79	89	90	100	10	20	30	40	50	60	70	80	91	101	0	21	31	41	51	61	71	81	92	102	1	11	32	42	52	62	72	82	93	103	2	12	22	43	53	63	73	83	94	104	3	13	23	33	54	64	74	84	95	105	4	14	24	34	44	65	75	85	96	106	5	15	25	35	45	55	76	86	97	107	6	16	26	36	46	56	66	87	
99	109	8	18	28	38	48	58	68	78	88	9	19	29	39	49	59	69	79	89	90	100	10	20	30	40	50	60	70	80	91	101	0	21	31	41	51	61	71	81	92	102	1	11	32	42	52	62	72	82	93	103	2	12	22	43	53	63	73	83	94	104	3	13	23	33	54	64	74	84	95	105	4	14	24	34	44	65	75	85	96	106	5	15	25	35	45	55	76	86	97	107	6	16	26	36	46	56	66	87	98	108	7	17	27	37	47	57	67	77	
100	9	19	29	39	49	59	69	79	89	99	10	20	30	40	50	60	70	80	90	101	0	21	31	41	51	61	71	81	91	102	1	11	32	42	52	62	72	82	92	103	2	12	22	43	53	63	73	83	93	104	3	13	23	33	54	64	74	84	94	105	4	14	24	34	44	65	75	85	95	106	5	15	25	35	45	55	76	86	96	107	6	16	26	36	46	56	66	87	97	108	7	17	27	37	47	57	67	77	98	109	8	18	28	38	48	58	68	78	88	
101	19	29	39	49	59	69	79	89	99	9	0	21	31	41	51	61	71	81	91	102	1	11	32	42	52	62	72	82	92	103	2	12	22	43	53	63	73	83	93	104	3	13	23	33	54	64	74	84	94	105	4	14	24	34	44	65	75	85	95	106	5	15	25	35	45	55	76	86	96	107	6	16	26	36	46	56	66	87	97	108	7	17	27	37	47	57	67	77	98	109	8	18	28	38	48	58	68	78	88	100	10	20	30	40	50	60	70	80	90	
102	29	39	49	59	69	79	89	99	9	19	1	11	32	42	52	62	72	82	92	103	2	12	22	43	53	63	73	83	93	104	3	13	23	33	54	64	74	84	94	105	4	14	24	34	44	65	75	85	95	106	5	15	25	35	45	55	76	86	96	107	6	16	26	36	46	56	66	87	97	108	7	17	27	37	47	57	67	77	98	109	8	18	28	38	48	58	68	78	88	100	10	20	30	40	50	60	70	80	90	101	0	21	31	41	51	61	71	81	91	
103	39	49	59	69	79	89	99	9	19	29	2	12	22	43	53	63	73	83	93	104	3	13	23	33	54	64	74	84	94	105	4	14	24	34	44	65	75	85	95	106	5	15	25	35	45	55	76	86	96	107	6	16	26	36	46	56	66	87	97	108	7	17	27	37	47	57	67	77	98	109	8	18	28	38	48	58	68	78	88	100	10	20	30	40	50	60	70	80	90	101	0	21	31	41	51	61	71	81	91	102	1	11	32	42	52	62	72	82	92	
104	49	59	69	79	89	99	9	19	29	39	3	13	23	33	54	64	74	84	94	105	4	14	24	34	44	65	75	85	95	106	5	15	25	35	45	55	76	86	96	107	6	16	26	36	46	56	66	87	97	108	7	17	27	37	47	57	67	77	98	109	8	18	28	38	48	58	68	78	88	100	10	20	30	40	50	60	70	80	90	101	0	21	31	41	51	61	71	81	91	102	1	11	32	42	52	62	72	82	92	103	2	12	22	43	53	63	73	83	93	
105	59	69	79	89	99	9	19	29	39	49	4	14	24	34	44	65	75	85	95	106	5	15	25	35	45	55	76	86	96	107	6	16	26	36	46	56	66	87	97	108	7	17	27	37	47	57	67	77	98	109	8	18	28	38	48	58	68	78	88	100	10	20	30	40	50	60	70	80	90	101	0	21	31	41	51	61	71	81	91	102	1	11	32	42	52	62	72	82	92	103	2	12	22	43	53	63	73	83	93	104	3	13	23	33	54	64	74	84	94	
106	69	79	89	99	9	19	29	39	49	59	5	15	25	35	45	55	76	86	96	107	6	16	26	36	46	56	66	87	97	108	7	17	27	37	47	57	67	77	98	109	8	18	28	38	48	58	68	78	88	100	10	20	30	40	50	60	70	80	90	101	0	21	31	41	51	61	71	81	91	102	1	11	32	42	52	62	72	82	92	103	2	12	22	43	53	63	73	83	93	104	3	13	23	33	54	64	74	84	94	105	4	14	24	34	44	65	75	85	95	
107	79	89	99	9	19	29	39	49	59	69	6	16	26	36	46	56	66	87	97	108	7	17	27	37	47	57	67	77	98	109	8	18	28	38	48	58	68	78	88	100	10	20	30	40	50	60	70	80	90	101	0	21	31	41	51	61	71	81	91	102	1	11	32	42	52	62	72	82	92	103	2	12	22	43	53	63	73	83	93	104	3	13	23	33	54	64	74	84	94	105	4	14	24	34	44	65	75	85	95	106	5	15	25	35	45	55	76	86	96	
108	89	99	9	19	29	39	49	59	69	79	7	17	27	37	47	57	67	77	98	109	8	18	28	38	48	58	68	78	88	100	10	20	30	40	50	60	70	80	90	101	0	21	31	41	51	61	71	81	91	102	1	11	32	42	52	62	72	82	92	103	2	12	22	43	53	63	73	83	93	104	3	13	23	33	54	64	74	84	94	105	4	14	24	34	44	65	75	85	95	106	5	15	25	35	45	55	76	86	96	107	6	16	26	36	46	56	66	87	97	
109	99	9	19	29	39	49	59	69	79	89	8	18	28	38	48	58	68	78	88	100	10	20	30	40	50	60	70	80	90	101	0	21	31	41	51	61	71	81	91	102	1	11	32	42	52	62	72	82	92	103	2	12	22	43	53	63	73	83	93	104	3	13	23	33	54	64	74	84	94	105	4	14	24	34	44	65	75	85	95	106	5	15	25	35	45	55	76	86	96	107	6	16	26	36	46	56	66	87	97	108	7	17	27	37	47	57	67	77	98	
