0:	4 8 12 16 
1:	8 12 16 4 
2:	12 16 4 8 
3:	16 4 8 12 
4:	0 9 13 17 
5:	9 13 17 0 
6:	13 17 0 9 
7:	17 0 9 13 
8:	1 5 14 18 
9:	5 14 18 1 
10:	14 18 1 5 
11:	18 1 5 14 
12:	2 6 10 19 
13:	6 10 19 2 
14:	10 19 2 6 
15:	19 2 6 10 
16:	3 7 11 15 
17:	7 11 15 3 
18:	11 15 3 7 
19:	15 3 7 11 
0	4	8	12	16	9	13	17	1	5	14	18	2	6	10	19	3	7	11	15	
1	8	12	16	4	5	14	18	2	6	10	19	3	7	11	15	0	9	13	17	
2	12	16	4	8	6	10	19	3	7	11	15	0	9	13	17	1	5	14	18	
3	16	4	8	12	7	11	15	0	9	13	17	1	5	14	18	2	6	10	19	
4	0	9	13	17	8	12	16	5	14	18	1	6	10	19	2	7	11	15	3	
5	9	13	17	0	14	18	1	6	10	19	2	7	11	15	3	4	8	12	16	
6	13	17	0	9	10	19	2	7	11	15	3	4	8	12	16	5	14	18	1	
7	17	0	9	13	11	15	3	4	8	12	16	5	14	18	1	6	10	19	2	
8	1	5	14	18	12	16	4	9	13	17	0	10	19	2	6	11	15	3	7	
9	5	14	18	1	13	17	0	10	19	2	6	11	15	3	7	8	12	16	4	
10	14	18	1	5	19	2	6	11	15	3	7	8	12	16	4	9	13	17	0	
11	18	1	5	14	15	3	7	8	12	16	4	9	13	17	0	10	19	2	6	
12	2	6	10	19	16	4	8	13	17	0	9	14	18	1	5	15	3	7	11	
13	6	10	19	2	17	0	9	14	18	1	5	15	3	7	11	12	16	4	8	
14	10	19	2	6	18	1	5	15	3	7	11	12	16	4	8	13	17	0	9	
15	19	2	6	10	3	7	11	12	16	4	8	13	17	0	9	14	18	1	5	
16	3	7	11	15	4	8	12	17	0	9	13	18	1	5	14	19	2	6	10	
17	7	11	15	3	0	9	13	18	1	5	14	19	2	6	10	16	4	8	12	
18	11	15	3	7	1	5	14	19	2	6	10	16	4	8	12	17	0	9	13	
19	15	3	7	11	2	6	10	16	4	8	12	17	0	9	13	18	1	5	14	
