0:	5 10 15 20 25 
1:	10 15 20 25 5 
2:	15 20 25 5 10 
3:	20 25 5 10 15 
4:	25 5 10 15 20 
5:	0 11 16 21 26 
6:	11 16 21 26 0 
7:	16 21 26 0 11 
8:	21 26 0 11 16 
9:	26 0 11 16 21 
10:	1 6 17 22 27 
11:	6 17 22 27 1 
12:	17 22 27 1 6 
13:	22 27 1 6 17 
14:	27 1 6 17 22 
15:	2 7 12 23 28 
16:	7 12 23 28 2 
17:	12 23 28 2 7 
18:	23 28 2 7 12 
19:	28 2 7 12 23 
20:	3 8 13 18 29 
21:	8 13 18 29 3 
22:	13 18 29 3 8 
23:	18 29 3 8 13 
24:	29 3 8 13 18 
25:	4 9 14 19 24 
26:	9 14 19 24 4 
27:	14 19 24 4 9 
28:	19 24 4 9 14 
29:	24 4 9 14 19 
0	5	10	15	20	25	11	16	21	26	1	6	17	22	27	2	7	12	23	28	3	8	13	18	29	4	9	14	19	24	
1	10	15	20	25	5	6	17	22	27	2	7	12	23	28	3	8	13	18	29	4	9	14	19	24	0	11	16	21	26	
2	15	20	25	5	10	7	12	23	28	3	8	13	18	29	4	9	14	19	24	0	11	16	21	26	1	6	17	22	27	
3	20	25	5	10	15	8	13	18	29	4	9	14	19	24	0	11	16	21	26	1	6	17	22	27	2	7	12	23	28	
4	25	5	10	15	20	9	14	19	24	0	11	16	21	26	1	6	17	22	27	2	7	12	23	28	3	8	13	18	29	
5	0	11	16	21	26	10	15	20	25	6	17	22	27	1	7	12	23	28	2	8	13	18	29	3	9	14	19	24	4	
6	11	16	21	26	0	17	22	27	1	7	12	23	28	2	8	13	18	29	3	9	14	19	24	4	5	10	15	20	25	
7	16	21	26	0	11	12	23	28	2	8	13	18	29	3	9	14	19	24	4	5	10	15	20	25	6	17	22	27	1	
8	21	26	0	11	16	13	18	29	3	9	14	19	24	4	5	10	15	20	25	6	17	22	27	1	7	12	23	28	2	
9	26	0	11	16	21	14	19	24	4	5	10	15	20	25	6	17	22	27	1	7	12	23	28	2	8	13	18	29	3	
10	1	6	17	22	27	15	20	25	5	11	16	21	26	0	12	23	28	2	7	13	18	29	3	8	14	19	24	4	9	
11	6	17	22	27	1	16	21	26	0	12	23	28	2	7	13	18	29	3	8	14	19	24	4	9	10	15	20	25	5	
12	17	22	27	1	6	23	28	2	7	13	18	29	3	8	14	19	24	4	9	10	15	20	25	5	11	16	21	26	0	
13	22	27	1	6	17	18	29	3	8	14	19	24	4	9	10	15	20	25	5	11	16	21	26	0	12	23	28	2	7	
14	27	1	6	17	22	19	24	4	9	10	15	20	25	5	11	16	21	26	0	12	23	28	2	7	13	18	29	3	8	
15	2	7	12	23	28	20	25	5	10	16	21	26	0	11	17	22	27	1	6	18	29	3	8	13	19	24	4	9	14	
16	7	12	23	28	2	21	26	0	11	17	22	27	1	6	18	29	3	8	13	19	24	4	9	14	15	20	25	5	10	
17	12	23	28	2	7	22	27	1	6	18	29	3	8	13	19	24	4	9	14	15	20	25	5	10	16	21	26	0	11	
18	23	28	2	7	12	29	3	8	13	19	24	4	9	14	15	20	25	5	10	16	21	26	0	11	17	22	27	1	6	
19	28	2	7	12	23	24	4	9	14	15	20	25	5	10	16	21	26	0	11	17	22	27	1	6	18	29	3	8	13	
20	3	8	13	18	29	25	5	10	15	21	26	0	11	16	22	27	1	6	17	23	28	2	7	12	24	4	9	14	19	
21	8	13	18	29	3	26	0	11	16	22	27	1	6	17	23	28	2	7	12	24	4	9	14	19	20	25	5	10	15	
22	13	18	29	3	8	27	1	6	17	23	28	2	7	12	24	4	9	14	19	20	25	5	10	15	21	26	0	11	16	
23	18	29	3	8	13	28	2	7	12	24	4	9	14	19	20	25	5	10	15	21	26	0	11	16	22	27	1	6	17	
24	29	3	8	13	18	4	9	14	19	20	25	5	10	15	21	26	0	11	16	22	27	1	6	17	23	28	2	7	12	
25	4	9	14	19	24	5	10	15	20	26	0	11	16	21	27	1	6	17	22	28	2	7	12	23	29	3	8	13	18	
26	9	14	19	24	4	0	11	16	21	27	1	6	17	22	28	2	7	12	23	29	3	8	13	18	25	5	10	15	20	
27	14	19	24	4	9	1	6	17	22	28	2	7	12	23	29	3	8	13	18	25	5	10	15	20	26	0	11	16	21	
28	19	24	4	9	14	2	7	12	23	29	3	8	13	18	25	5	10	15	20	26	0	11	16	21	27	1	6	17	22	
29	24	4	9	14	19	3	8	13	18	25	5	10	15	20	26	0	11	16	21	27	1	6	17	22	28	2	7	12	23	
