0:	6 12 18 24 30 36 
1:	12 18 24 30 36 6 
2:	18 24 30 36 6 12 
3:	24 30 36 6 12 18 
4:	30 36 6 12 18 24 
5:	36 6 12 18 24 30 
6:	0 13 19 25 31 37 
7:	13 19 25 31 37 0 
8:	19 25 31 37 0 13 
9:	25 31 37 0 13 19 
10:	31 37 0 13 19 25 
11:	37 0 13 19 25 31 
12:	1 7 20 26 32 38 
13:	7 20 26 32 38 1 
14:	20 26 32 38 1 7 
15:	26 32 38 1 7 20 
16:	32 38 1 7 20 26 
17:	38 1 7 20 26 32 
18:	2 8 14 27 33 39 
19:	8 14 27 33 39 2 
20:	14 27 33 39 2 8 
21:	27 33 39 2 8 14 
22:	33 39 2 8 14 27 
23:	39 2 8 14 27 33 
24:	3 9 15 21 34 40 
25:	9 15 21 34 40 3 
26:	15 21 34 40 3 9 
27:	21 34 40 3 9 15 
28:	34 40 3 9 15 21 
29:	40 3 9 15 21 34 
30:	4 10 16 22 28 41 
31:	10 16 22 28 41 4 
32:	16 22 28 41 4 10 
33:	22 28 41 4 10 16 
34:	28 41 4 10 16 22 
35:	41 4 10 16 22 28 
36:	5 11 17 23 29 35 
37:	11 17 23 29 35 5 
38:	17 23 29 35 5 11 
39:	23 29 35 5 11 17 
40:	29 35 5 11 17 23 
41:	35 5 11 17 23 29 
0	6	12	18	24	30	36	13	19	25	31	37	1	7	20	26	32	38	2	8	14	27	33	39	3	9	15	21	34	40	4	10	16	22	28	41	5	11	17	23	29	35	
1	12	18	24	30	36	6	7	20	26	32	38	2	8	14	27	33	39	3	9	15	21	34	40	4	10	16	22	28	41	5	11	17	23	29	35	0	13	19	25	31	37	
2	18	24	30	36	6	12	8	14	27	33	39	3	9	15	21	34	40	4	10	16	22	28	41	5	11	17	23	29	35	0	13	19	25	31	37	1	7	20	26	32	38	
3	24	30	36	6	12	18	9	15	21	34	40	4	10	16	22	28	41	5	11	17	23	29	35	0	13	19	25	31	37	1	7	20	26	32	38	2	8	14	27	33	39	
4	30	36	6	12	18	24	10	16	22	28	41	5	11	17	23	29	35	0	13	19	25	31	37	1	7	20	26	32	38	2	8	14	27	33	39	3	9	15	21	34	40	
5	36	6	12	18	24	30	11	17	23	29	35	0	13	19	25	31	37	1	7	20	26	32	38	2	8	14	27	33	39	3	9	15	21	34	40	4	10	16	22	28	41	
6	0	13	19	25	31	37	12	18	24	30	36	7	20	26	32	38	1	8	14	27	33	39	2	9	15	21	34	40	3	10	16	22	28	41	4	11	17	23	29	35	5	
7	13	19	25	31	37	0	20	26	32	38	1	8	14	27	33	39	2	9	15	21	34	40	3	10	16	22	28	41	4	11	17	23	29	35	5	6	12	18	24	30	36	
8	19	25	31	37	0	13	14	27	33	39	2	9	15	21	34	40	3	10	16	22	28	41	4	11	17	23	29	35	5	6	12	18	24	30	36	7	20	26	32	38	1	
9	25	31	37	0	13	19	15	21	34	40	3	10	16	22	28	41	4	11	17	23	29	35	5	6	12	18	24	30	36	7	20	26	32	38	1	8	14	27	33	39	2	
10	31	37	0	13	19	25	16	22	28	41	4	11	17	23	29	35	5	6	12	18	24	30	36	7	20	26	32	38	1	8	14	27	33	39	2	9	15	21	34	40	3	
11	37	0	13	19	25	31	17	23	29	35	5	6	12	18	24	30	36	7	20	26	32	38	1	8	14	27	33	39	2	9	15	21	34	40	3	10	16	22	28	41	4	
12	1	7	20	26	32	38	18	24	30	36	6	13	19	25	31	37	0	14	27	33	39	2	8	15	21	34	40	3	9	16	22	28	41	4	10	17	23	29	35	5	11	
13	7	20	26	32	38	1	19	25	31	37	0	14	27	33	39	2	8	15	21	34	40	3	9	16	22	28	41	4	10	17	23	29	35	5	11	12	18	24	30	36	6	
14	20	26	32	38	1	7	27	33	39	2	8	15	21	34	40	3	9	16	22	28	41	4	10	17	23	29	35	5	11	12	18	24	30	36	6	13	19	25	31	37	0	
15	26	32	38	1	7	20	21	34	40	3	9	16	22	28	41	4	10	17	23	29	35	5	11	12	18	24	30	36	6	13	19	25	31	37	0	14	27	33	39	2	8	
16	32	38	1	7	20	26	22	28	41	4	10	17	23	29	35	5	11	12	18	24	30	36	6	13	19	25	31	37	0	14	27	33	39	2	8	15	21	34	40	3	9	
17	38	1	7	20	26	32	23	29	35	5	11	12	18	24	30	36	6	13	19	25	31	37	0	14	27	33	39	2	8	15	21	34	40	3	9	16	22	28	41	4	10	
18	2	8	14	27	33	39	24	30	36	6	12	19	25	31	37	0	13	20	26	32	38	1	7	21	34	40	3	9	15	22	28	41	4	10	16	23	29	35	5	11	17	
19	8	14	27	33	39	2	25	31	37	0	13	20	26	32	38	1	7	21	34	40	3	9	15	22	28	41	4	10	16	23	29	35	5	11	17	18	24	30	36	6	12	
20	14	27	33	39	2	8	26	32	38	1	7	21	34	40	3	9	15	22	28	41	4	10	16	23	29	35	5	11	17	18	24	30	36	6	12	19	25	31	37	0	13	
21	27	33	39	2	8	14	34	40	3	9	15	22	28	41	4	10	16	23	29	35	5	11	17	18	24	30	36	6	12	19	25	31	37	0	13	20	26	32	38	1	7	
22	33	39	2	8	14	27	28	41	4	10	16	23	29	35	5	11	17	18	24	30	36	6	12	19	25	31	37	0	13	20	26	32	38	1	7	21	34	40	3	9	15	
23	39	2	8	14	27	33	29	35	5	11	17	18	24	30	36	6	12	19	25	31	37	0	13	20	26	32	38	1	7	21	34	40	3	9	15	22	28	41	4	10	16	
24	3	9	15	21	34	40	30	36	6	12	18	25	31	37	0	13	19	26	32	38	1	7	20	27	33	39	2	8	14	28	41	4	10	16	22	29	35	5	11	17	23	
25	9	15	21	34	40	3	31	37	0	13	19	26	32	38	1	7	20	27	33	39	2	8	14	28	41	4	10	16	22	29	35	5	11	17	23	24	30	36	6	12	18	
26	15	21	34	40	3	9	32	38	1	7	20	27	33	39	2	8	14	28	41	4	10	16	22	29	35	5	11	17	23	24	30	36	6	12	18	25	31	37	0	13	19	
27	21	34	40	3	9	15	33	39	2	8	14	28	41	4	10	16	22	29	35	5	11	17	23	24	30	36	6	12	18	25	31	37	0	13	19	26	32	38	1	7	20	
28	34	40	3	9	15	21	41	4	10	16	22	29	35	5	11	17	23	24	30	36	6	12	18	25	31	37	0	13	19	26	32	38	1	7	20	27	33	39	2	8	14	
29	40	3	9	15	21	34	35	5	11	17	23	24	30	36	6	12	18	25	31	37	0	13	19	26	32	38	1	7	20	27	33	39	2	8	14	28	41	4	10	16	22	
30	4	10	16	22	28	41	36	6	12	18	24	31	37	0	13	19	25	32	38	1	7	20	26	33	39	2	8	14	27	34	40	3	9	15	21	35	5	11	17	23	29	
31	10	16	22	28	41	4	37	0	13	19	25	32	38	1	7	20	26	33	39	2	8	14	27	34	40	3	9	15	21	35	5	11	17	23	29	30	36	6	12	18	24	
32	16	22	28	41	4	10	38	1	7	20	26	33	39	2	8	14	27	34	40	3	9	15	21	35	5	11	17	23	29	30	36	6	12	18	24	31	37	0	13	19	25	
33	22	28	41	4	10	16	39	2	8	14	27	34	40	3	9	15	21	35	5	11	17	23	29	30	36	6	12	18	24	31	37	0	13	19	25	32	38	1	7	20	26	
34	28	41	4	10	16	22	40	3	9	15	21	35	5	11	17	23	29	30	36	6	12	18	24	31	37	0	13	19	25	32	38	1	7	20	26	33	39	2	8	14	27	
35	41	4	10	16	22	28	5	11	17	23	29	30	36	6	12	18	24	31	37	0	13	19	25	32	38	1	7	20	26	33	39	2	8	14	27	34	40	3	9	15	21	
36	5	11	17	23	29	35	6	12	18	24	30	37	0	13	19	25	31	38	1	7	20	26	32	39	2	8	14	27	33	40	3	9	15	21	34	41	4	10	16	22	28	
37	11	17	23	29	35	5	0	13	19	25	31	38	1	7	20	26	32	39	2	8	14	27	33	40	3	9	15	21	34	41	4	10	16	22	28	36	6	12	18	24	30	
38	17	23	29	35	5	11	1	7	20	26	32	39	2	8	14	27	33	40	3	9	15	21	34	41	4	10	16	22	28	36	6	12	18	24	30	37	0	13	19	25	31	
39	23	29	35	5	11	17	2	8	14	27	33	40	3	9	15	21	34	41	4	10	16	22	28	36	6	12	18	24	30	37	0	13	19	25	31	38	1	7	20	26	32	
40	29	35	5	11	17	23	3	9	15	21	34	41	4	10	16	22	28	36	6	12	18	24	30	37	0	13	19	25	31	38	1	7	20	26	32	39	2	8	14	27	33	
41	35	5	11	17	23	29	4	10	16	22	28	36	6	12	18	24	30	37	0	13	19	25	31	38	1	7	20	26	32	39	2	8	14	27	33	40	3	9	15	21	34	
