0:	7 14 21 28 35 42 49 
1:	14 21 28 35 42 49 7 
2:	21 28 35 42 49 7 14 
3:	28 35 42 49 7 14 21 
4:	35 42 49 7 14 21 28 
5:	42 49 7 14 21 28 35 
6:	49 7 14 21 28 35 42 
7:	0 15 22 29 36 43 50 
8:	15 22 29 36 43 50 0 
9:	22 29 36 43 50 0 15 
10:	29 36 43 50 0 15 22 
11:	36 43 50 0 15 22 29 
12:	43 50 0 15 22 29 36 
13:	50 0 15 22 29 36 43 
14:	1 8 23 30 37 44 51 
15:	8 23 30 37 44 51 1 
16:	23 30 37 44 51 1 8 
17:	30 37 44 51 1 8 23 
18:	37 44 51 1 8 23 30 
19:	44 51 1 8 23 30 37 
20:	51 1 8 23 30 37 44 
21:	2 9 16 31 38 45 52 
22:	9 16 31 38 45 52 2 
23:	16 31 38 45 52 2 9 
24:	31 38 45 52 2 9 16 
25:	38 45 52 2 9 16 31 
26:	45 52 2 9 16 31 38 
27:	52 2 9 16 31 38 45 
28:	3 10 17 24 39 46 53 
29:	10 17 24 39 46 53 3 
30:	17 24 39 46 53 3 10 
31:	24 39 46 53 3 10 17 
32:	39 46 53 3 10 17 24 
33:	46 53 3 10 17 24 39 
34:	53 3 10 17 24 39 46 
35:	4 11 18 25 32 47 54 
36:	11 18 25 32 47 54 4 
37:	18 25 32 47 54 4 11 
38:	25 32 47 54 4 11 18 
39:	32 47 54 4 11 18 25 
40:	47 54 4 11 18 25 32 
41:	54 4 11 18 25 32 47 
42:	5 12 19 26 33 40 55 
43:	12 19 26 33 40 55 5 
44:	19 26 33 40 55 5 12 
45:	26 33 40 55 5 12 19 
46:	33 40 55 5 12 19 26 
47:	40 55 5 12 19 26 33 
48:	55 5 12 19 26 33 40 
49:	6 13 20 27 34 41 48 
50:	13 20 27 34 41 48 6 
51:	20 27 34 41 48 6 13 
52:	27 34 41 48 6 13 20 
53:	34 41 48 6 13 20 27 
54:	41 48 6 13 20 27 34 
55:	48 6 13 20 27 34 41 
0	7	14	21	28	35	42	49	15	22	29	36	43	50	1	8	23	30	37	44	51	2	9	16	31	38	45	52	3	10	17	24	39	46	53	4	11	18	25	32	47	54	5	12	19	26	33	40	55	6	13	20	27	34	41	48	
1	14	21	28	35	42	49	7	8	23	30	37	44	51	2	9	16	31	38	45	52	3	10	17	24	39	46	53	4	11	18	25	32	47	54	5	12	19	26	33	40	55	6	13	20	27	34	41	48	0	15	22	29	36	43	50	
2	21	28	35	42	49	7	14	9	16	31	38	45	52	3	10	17	24	39	46	53	4	11	18	25	32	47	54	5	12	19	26	33	40	55	6	13	20	27	34	41	48	0	15	22	29	36	43	50	1	8	23	30	37	44	51	
3	28	35	42	49	7	14	21	10	17	24	39	46	53	4	11	18	25	32	47	54	5	12	19	26	33	40	55	6	13	20	27	34	41	48	0	15	22	29	36	43	50	1	8	23	30	37	44	51	2	9	16	31	38	45	52	
4	35	42	49	7	14	21	28	11	18	25	32	47	54	5	12	19	26	33	40	55	6	13	20	27	34	41	48	0	15	22	29	36	43	50	1	8	23	30	37	44	51	2	9	16	31	38	45	52	3	10	17	24	39	46	53	
5	42	49	7	14	21	28	35	12	19	26	33	40	55	6	13	20	27	34	41	48	0	15	22	29	36	43	50	1	8	23	30	37	44	51	2	9	16	31	38	45	52	3	10	17	24	39	46	53	4	11	18	25	32	47	54	
6	49	7	14	21	28	35	42	13	20	27	34	41	48	0	15	22	29	36	43	50	1	8	23	30	37	44	51	2	9	16	31	38	45	52	3	10	17	24	39	46	53	4	11	18	25	32	47	54	5	12	19	26	33	40	55	
7	0	15	22	29	36	43	50	14	21	28	35	42	49	8	23	30	37	44	51	1	9	16	31	38	45	52	2	10	17	24	39	46	53	3	11	18	25	32	47	54	4	12	19	26	33	40	55	5	13	20	27	34	41	48	6	
8	15	22	29	36	43	50	0	23	30	37	44	51	1	9	16	31	38	45	52	2	10	17	24	39	46	53	3	11	18	25	32	47	54	4	12	19	26	33	40	55	5	13	20	27	34	41	48	6	7	14	21	28	35	42	49	
9	22	29	36	43	50	0	15	16	31	38	45	52	2	10	17	24	39	46	53	3	11	18	25	32	47	54	4	12	19	26	33	40	55	5	13	20	27	34	41	48	6	7	14	21	28	35	42	49	8	23	30	37	44	51	1	
10	29	36	43	50	0	15	22	17	24	39	46	53	3	11	18	25	32	47	54	4	12	19	26	33	40	55	5	13	20	27	34	41	48	6	7	14	21	28	35	42	49	8	23	30	37	44	51	1	9	16	31	38	45	52	2	
11	36	43	50	0	15	22	29	18	25	32	47	54	4	12	19	26	33	40	55	5	13	20	27	34	41	48	6	7	14	21	28	35	42	49	8	23	30	37	44	51	1	9	16	31	38	45	52	2	10	17	24	39	46	53	3	
12	43	50	0	15	22	29	36	19	26	33	40	55	5	13	20	27	34	41	48	6	7	14	21	28	35	42	49	8	23	30	37	44	51	1	9	16	31	38	45	52	2	10	17	24	39	46	53	3	11	18	25	32	47	54	4	
13	50	0	15	22	29	36	43	20	27	34	41	48	6	7	14	21	28	35	42	49	8	23	30	37	44	51	1	9	16	31	38	45	52	2	10	17	24	39	46	53	3	11	18	25	32	47	54	4	12	19	26	33	40	55	5	
14	1	8	23	30	37	44	51	21	28	35	42	49	7	15	22	29	36	43	50	0	16	31	38	45	52	2	9	17	24	39	46	53	3	10	18	25	32	47	54	4	11	19	26	33	40	55	5	12	20	27	34	41	48	6	13	
15	8	23	30	37	44	51	1	22	29	36	43	50	0	16	31	38	45	52	2	9	17	24	39	46	53	3	10	18	25	32	47	54	4	11	19	26	33	40	55	5	12	20	27	34	41	48	6	13	14	21	28	35	42	49	7	
16	23	30	37	44	51	1	8	31	38	45	52	2	9	17	24	39	46	53	3	10	18	25	32	47	54	4	11	19	26	33	40	55	5	12	20	27	34	41	48	6	13	14	21	28	35	42	49	7	15	22	29	36	43	50	0	
17	30	37	44	51	1	8	23	24	39	46	53	3	10	18	25	32	47	54	4	11	19	26	33	40	55	5	12	20	27	34	41	48	6	13	14	21	28	35	42	49	7	15	22	29	36	43	50	0	16	31	38	45	52	2	9	
18	37	44	51	1	8	23	30	25	32	47	54	4	11	19	26	33	40	55	5	12	20	27	34	41	48	6	13	14	21	28	35	42	49	7	15	22	29	36	43	50	0	16	31	38	45	52	2	9	17	24	39	46	53	3	10	
19	44	51	1	8	23	30	37	26	33	40	55	5	12	20	27	34	41	48	6	13	14	21	28	35	42	49	7	15	22	29	36	43	50	0	16	31	38	45	52	2	9	17	24	39	46	53	3	10	18	25	32	47	54	4	11	
20	51	1	8	23	30	37	44	27	34	41	48	6	13	14	21	28	35	42	49	7	15	22	29	36	43	50	0	16	31	38	45	52	2	9	17	24	39	46	53	3	10	18	25	32	47	54	4	11	19	26	33	40	55	5	12	
21	2	9	16	31	38	45	52	28	35	42	49	7	14	22	29	36	43	50	0	15	23	30	37	44	51	1	8	24	39	46	53	3	10	17	25	32	47	54	4	11	18	26	33	40	55	5	12	19	27	34	41	48	6	13	20	
22	9	16	31	38	45	52	2	29	36	43	50	0	15	23	30	37	44	51	1	8	24	39	46	53	3	10	17	25	32	47	54	4	11	18	26	33	40	55	5	12	19	27	34	41	48	6	13	20	21	28	35	42	49	7	14	
23	16	31	38	45	52	2	9	30	37	44	51	1	8	24	39	46	53	3	10	17	25	32	47	54	4	11	18	26	33	40	55	5	12	19	27	34	41	48	6	13	20	21	28	35	42	49	7	14	22	29	36	43	50	0	15	
24	31	38	45	52	2	9	16	39	46	53	3	10	17	25	32	47	54	4	11	18	26	33	40	55	5	12	19	27	34	41	48	6	13	20	21	28	35	42	49	7	14	22	29	36	43	50	0	15	23	30	37	44	51	1	8	
25	38	45	52	2	9	16	31	32	47	54	4	11	18	26	33	40	55	5	12	19	27	34	41	48	6	13	20	21	28	35	42	49	7	14	22	29	36	43	50	0	15	23	30	37	44	51	1	8	24	39	46	53	3	10	17	
26	45	52	2	9	16	31	38	33	40	55	5	12	19	27	34	41	48	6	13	20	21	28	35	42	49	7	14	22	29	36	43	50	0	15	23	30	37	44	51	1	8	24	39	46	53	3	10	17	25	32	47	54	4	11	18	
27	52	2	9	16	31	38	45	34	41	48	6	13	20	21	28	35	42	49	7	14	22	29	36	43	50	0	15	23	30	37	44	51	1	8	24	39	46	53	3	10	17	25	32	47	54	4	11	18	26	33	40	55	5	12	19	
28	3	10	17	24	39	46	53	35	42	49	7	14	21	29	36	43	50	0	15	22	30	37	44	51	1	8	23	31	38	45	52	2	9	16	32	47	54	4	11	18	25	33	40	55	5	12	19	26	34	41	48	6	13	20	27	
29	10	17	24	39	46	53	3	36	43	50	0	15	22	30	37	44	51	1	8	23	31	38	45	52	2	9	16	32	47	54	4	11	18	25	33	40	55	5	12	19	26	34	41	48	6	13	20	27	28	35	42	49	7	14	21	
30	17	24	39	46	53	3	10	37	44	51	1	8	23	31	38	45	52	2	9	16	32	47	54	4	11	18	25	33	40	55	5	12	19	26	34	41	48	6	13	20	27	28	35	42	49	7	14	21	29	36	43	50	0	15	22	
31	24	39	46	53	3	10	17	38	45	52	2	9	16	32	47	54	4	11	18	25	33	40	55	5	12	19	26	34	41	48	6	13	20	27	28	35	42	49	7	14	21	29	36	43	50	0	15	22	30	37	44	51	1	8	23	
32	39	46	53	3	10	17	24	47	54	4	11	18	25	33	40	55	5	12	19	26	34	41	48	6	13	20	27	28	35	42	49	7	14	21	29	36	43	50	0	15	22	30	37	44	51	1	8	23	31	38	45	52	2	9	16	
33	46	53	3	10	17	24	39	40	55	5	12	19	26	34	41	48	6	13	20	27	28	35	42	49	7	14	21	29	36	43	50	0	15	22	30	37	44	51	1	8	23	31	38	45	52	2	9	16	32	47	54	4	11	18	25	
34	53	3	10	17	24	39	46	41	48	6	13	20	27	28	35	42	49	7	14	21	29	36	43	50	0	15	22	30	37	44	51	1	8	23	31	38	45	52	2	9	16	32	47	54	4	11	18	25	33	40	55	5	12	19	26	
35	4	11	18	25	32	47	54	42	49	7	14	21	28	36	43	50	0	15	22	29	37	44	51	1	8	23	30	38	45	52	2	9	16	31	39	46	53	3	10	17	24	40	55	5	12	19	26	33	41	48	6	13	20	27	34	
36	11	18	25	32	47	54	4	43	50	0	15	22	29	37	44	51	1	8	23	30	38	45	52	2	9	16	31	39	46	53	3	10	17	24	40	55	5	12	19	26	33	41	48	6	13	20	27	34	35	42	49	7	14	21	28	
37	18	25	32	47	54	4	11	44	51	1	8	23	30	38	45	52	2	9	16	31	39	46	53	3	10	17	24	40	55	5	12	19	26	33	41	48	6	13	20	27	34	35	42	49	7	14	21	28	36	43	50	0	15	22	29	
38	25	32	47	54	4	11	18	45	52	2	9	16	31	39	46	53	3	10	17	24	40	55	5	12	19	26	33	41	48	6	13	20	27	34	35	42	49	7	14	21	28	36	43	50	0	15	22	29	37	44	51	1	8	23	30	
39	32	47	54	4	11	18	25	46	53	3	10	17	24	40	55	5	12	19	26	33	41	48	6	13	20	27	34	35	42	49	7	14	21	28	36	43	50	0	15	22	29	37	44	51	1	8	23	30	38	45	52	2	9	16	31	
40	47	54	4	11	18	25	32	55	5	12	19	26	33	41	48	6	13	20	27	34	35	42	49	7	14	21	28	36	43	50	0	15	22	29	37	44	51	1	8	23	30	38	45	52	2	9	16	31	39	46	53	3	10	17	24	
41	54	4	11	18	25	32	47	48	6	13	20	27	34	35	42	49	7	14	21	28	36	43	50	0	15	22	29	37	44	51	1	8	23	30	38	45	52	2	9	16	31	39	46	53	3	10	17	24	40	55	5	12	19	26	33	
42	5	12	19	26	33	40	55	49	7	14	21	28	35	43	50	0	15	22	29	36	44	51	1	8	23	30	37	45	52	2	9	16	31	38	46	53	3	10	17	24	39	47	54	4	11	18	25	32	48	6	13	20	27	34	41	
43	12	19	26	33	40	55	5	50	0	15	22	29	36	44	51	1	8	23	30	37	45	52	2	9	16	31	38	46	53	3	10	17	24	39	47	54	4	11	18	25	32	48	6	13	20	27	34	41	42	49	7	14	21	28	35	
44	19	26	33	40	55	5	12	51	1	8	23	30	37	45	52	2	9	16	31	38	46	53	3	10	17	24	39	47	54	4	11	18	25	32	48	6	13	20	27	34	41	42	49	7	14	21	28	35	43	50	0	15	22	29	36	
45	26	33	40	55	5	12	19	52	2	9	16	31	38	46	53	3	10	17	24	39	47	54	4	11	18	25	32	48	6	13	20	27	34	41	42	49	7	14	21	28	35	43	50	0	15	22	29	36	44	51	1	8	23	30	37	
46	33	40	55	5	12	19	26	53	3	10	17	24	39	47	54	4	11	18	25	32	48	6	13	20	27	34	41	42	49	7	14	21	28	35	43	50	0	15	22	29	36	44	51	1	8	23	30	37	45	52	2	9	16	31	38	
47	40	55	5	12	19	26	33	54	4	11	18	25	32	48	6	13	20	27	34	41	42	49	7	14	21	28	35	43	50	0	15	22	29	36	44	51	1	8	23	30	37	45	52	2	9	16	31	38	46	53	3	10	17	24	39	
48	55	5	12	19	26	33	40	6	13	20	27	34	41	42	49	7	14	21	28	35	43	50	0	15	22	29	36	44	51	1	8	23	30	37	45	52	2	9	16	31	38	46	53	3	10	17	24	39	47	54	4	11	18	25	32	
49	6	13	20	27	34	41	48	7	14	21	28	35	42	50	0	15	22	29	36	43	51	1	8	23	30	37	44	52	2	9	16	31	38	45	53	3	10	17	24	39	46	54	4	11	18	25	32	47	55	5	12	19	26	33	40	
50	13	20	27	34	41	48	6	0	15	22	29	36	43	51	1	8	23	30	37	44	52	2	9	16	31	38	45	53	3	10	17	24	39	46	54	4	11	18	25	32	47	55	5	12	19	26	33	40	49	7	14	21	28	35	42	
51	20	27	34	41	48	6	13	1	8	23	30	37	44	52	2	9	16	31	38	45	53	3	10	17	24	39	46	54	4	11	18	25	32	47	55	5	12	19	26	33	40	49	7	14	21	28	35	42	50	0	15	22	29	36	43	
52	27	34	41	48	6	13	20	2	9	16	31	38	45	53	3	10	17	24	39	46	54	4	11	18	25	32	47	55	5	12	19	26	33	40	49	7	14	21	28	35	42	50	0	15	22	29	36	43	51	1	8	23	30	37	44	
53	34	41	48	6	13	20	27	3	10	17	24	39	46	54	4	11	18	25	32	47	55	5	12	19	26	33	40	49	7	14	21	28	35	42	50	0	15	22	29	36	43	51	1	8	23	30	37	44	52	2	9	16	31	38	45	
54	41	48	6	13	20	27	34	4	11	18	25	32	47	55	5	12	19	26	33	40	49	7	14	21	28	35	42	50	0	15	22	29	36	43	51	1	8	23	30	37	44	52	2	9	16	31	38	45	53	3	10	17	24	39	46	
55	48	6	13	20	27	34	41	5	12	19	26	33	40	49	7	14	21	28	35	42	50	0	15	22	29	36	43	51	1	8	23	30	37	44	52	2	9	16	31	38	45	53	3	10	17	24	39	46	54	4	11	18	25	32	47	
