0:	8 16 24 32 40 48 56 64 
1:	16 24 32 40 48 56 64 8 
2:	24 32 40 48 56 64 8 16 
3:	32 40 48 56 64 8 16 24 
4:	40 48 56 64 8 16 24 32 
5:	48 56 64 8 16 24 32 40 
6:	56 64 8 16 24 32 40 48 
7:	64 8 16 24 32 40 48 56 
8:	0 17 25 33 41 49 57 65 
9:	17 25 33 41 49 57 65 0 
10:	25 33 41 49 57 65 0 17 
11:	33 41 49 57 65 0 17 25 
12:	41 49 57 65 0 17 25 33 
13:	49 57 65 0 17 25 33 41 
14:	57 65 0 17 25 33 41 49 
15:	65 0 17 25 33 41 49 57 
16:	1 9 26 34 42 50 58 66 
17:	9 26 34 42 50 58 66 1 
18:	26 34 42 50 58 66 1 9 
19:	34 42 50 58 66 1 9 26 
20:	42 50 58 66 1 9 26 34 
21:	50 58 66 1 9 26 34 42 
22:	58 66 1 9 26 34 42 50 
23:	66 1 9 26 34 42 50 58 
24:	2 10 18 35 43 51 59 67 
25:	10 18 35 43 51 59 67 2 
26:	18 35 43 51 59 67 2 10 
27:	35 43 51 59 67 2 10 18 
28:	43 51 59 67 2 10 18 35 
29:	51 59 67 2 10 18 35 43 
30:	59 67 2 10 18 35 43 51 
31:	67 2 10 18 35 43 51 59 
32:	3 11 19 27 44 52 60 68 
33:	11 19 27 44 52 60 68 3 
34:	19 27 44 52 60 68 3 11 
35:	27 44 52 60 68 3 11 19 
36:	44 52 60 68 3 11 19 27 
37:	52 60 68 3 11 19 27 44 
38:	60 68 3 11 19 27 44 52 
39:	68 3 11 19 27 44 52 60 
40:	4 12 20 28 36 53 61 69 
41:	12 20 28 36 53 61 69 4 
42:	20 28 36 53 61 69 4 12 
43:	28 36 53 61 69 4 12 20 
44:	36 53 61 69 4 12 20 28 
45:	53 61 69 4 12 20 28 36 
46:	61 69 4 12 20 28 36 53 
47:	69 4 12 20 28 36 53 61 
48:	5 13 21 29 37 45 62 70 
49:	13 21 29 37 45 62 70 5 
50:	21 29 37 45 62 70 5 13 
51:	29 37 45 62 70 5 13 21 
52:	37 45 62 70 5 13 21 29 
53:	45 62 70 5 13 21 29 37 
54:	62 70 5 13 21 29 37 45 
55:	70 5 13 21 29 37 45 62 
56:	6 14 22 30 38 46 54 71 
57:	14 22 30 38 46 54 71 6 
58:	22 30 38 46 54 71 6 14 
59:	30 38 46 54 71 6 14 22 
60:	38 46 54 71 6 14 22 30 
61:	46 54 71 6 14 22 30 38 
62:	54 71 6 14 22 30 38 46 
63:	71 6 14 22 30 38 46 54 
64:	7 15 23 31 39 47 55 63 
65:	15 23 31 39 47 55 63 7 
66:	23 31 39 47 55 63 7 15 
67:	31 39 47 55 63 7 15 23 
68:	39 47 55 63 7 15 23 31 
69:	47 55 63 7 15 23 31 39 
70:	55 63 7 15 23 31 39 47 
71:	63 7 15 23 31 39 47 55 
0	8	16	24	32	40	48	56	64	17	25	33	41	49	57	65	1	9	26	34	42	50	58	66	2	10	18	35	43	51	59	67	3	11	19	27	44	52	60	68	4	12	20	28	36	53	61	69	5	13	21	29	37	45	62	70	6	14	22	30	38	46	54	71	7	15	23	31	39	47	55	63	
1	16	24	32	40	48	56	64	8	9	26	34	42	50	58	66	2	10	18	35	43	51	59	67	3	11	19	27	44	52	60	68	4	12	20	28	36	53	61	69	5	13	21	29	37	45	62	70	6	14	22	30	38	46	54	71	7	15	23	31	39	47	55	63	0	17	25	33	41	49	57	65	
2	24	32	40	48	56	64	8	16	10	18	35	43	51	59	67	3	11	19	27	44	52	60	68	4	12	20	28	36	53	61	69	5	13	21	29	37	45	62	70	6	14	22	30	38	46	54	71	7	15	23	31	39	47	55	63	0	17	25	33	41	49	57	65	1	9	26	34	42	50	58	66	
3	32	40	48	56	64	8	16	24	11	19	27	44	52	60	68	4	12	20	28	36	53	61	69	5	13	21	29	37	45	62	70	6	14	22	30	38	46	54	71	7	15	23	31	39	47	55	63	0	17	25	33	41	49	57	65	1	9	26	34	42	50	58	66	2	10	18	35	43	51	59	67	
4	40	48	56	64	8	16	24	32	12	20	28	36	53	61	69	5	13	21	29	37	45	62	70	6	14	22	30	38	46	54	71	7	15	23	31	39	47	55	63	0	17	25	33	41	49	57	65	1	9	26	34	42	50	58	66	2	10	18	35	43	51	59	67	3	11	19	27	44	52	60	68	
5	48	56	64	8	16	24	32	40	13	21	29	37	45	62	70	6	14	22	30	38	46	54	71	7	15	23	31	39	47	55	63	0	17	25	33	41	49	57	65	1	9	26	34	42	50	58	66	2	10	18	35	43	51	59	67	3	11	19	27	44	52	60	68	4	12	20	28	36	53	61	69	
6	56	64	8	16	24	32	40	48	14	22	30	38	46	54	71	7	15	23	31	39	47	55	63	0	17	25	33	41	49	57	65	1	9	26	34	42	50	58	66	2	10	18	35	43	51	59	67	3	11	19	27	44	52	60	68	4	12	20	28	36	53	61	69	5	13	21	29	37	45	62	70	
7	64	8	16	24	32	40	48	56	15	23	31	39	47	55	63	0	17	25	33	41	49	57	65	1	9	26	34	42	50	58	66	2	10	18	35	43	51	59	67	3	11	19	27	44	52	60	68	4	12	20	28	36	53	61	69	5	13	21	29	37	45	62	70	6	14	22	30	38	46	54	71	
8	0	17	25	33	41	49	57	65	16	24	32	40	48	56	64	9	26	34	42	50	58	66	1	10	18	35	43	51	59	67	2	11	19	27	44	52	60	68	3	12	20	28	36	53	61	69	4	13	21	29	37	45	62	70	5	14	22	30	38	46	54	71	6	15	23	31	39	47	55	63	7	
9	17	25	33	41	49	57	65	0	26	34	42	50	58	66	1	10	18	35	43	51	59	67	2	11	19	27	44	52	60	68	3	12	20	28	36	53	61	69	4	13	21	29	37	45	62	70	5	14	22	30	38	46	54	71	6	15	23	31	39	47	55	63	7	8	16	24	32	40	48	56	64	
10	25	33	41	49	57	65	0	17	18	35	43	51	59	67	2	11	19	27	44	52	60	68	3	12	20	28	36	53	61	69	4	13	21	29	37	45	62	70	5	14	22	30	38	46	54	71	6	15	23	31	39	47	55	63	7	8	16	24	32	40	48	56	64	9	26	34	42	50	58	66	1	
11	33	41	49	57	65	0	17	25	19	27	44	52	60	68	3	12	20	28	36	53	61	69	4	13	21	29	37	45	62	70	5	14	22	30	38	46	54	71	6	15	23	31	39	47	55	63	7	8	16	24	32	40	48	56	64	9	26	34	42	50	58	66	1	10	18	35	43	51	59	67	2	
12	41	49	57	65	0	17	25	33	20	28	36	53	61	69	4	13	21	29	37	45	62	70	5	14	22	30	38	46	54	71	6	15	23	31	39	47	55	63	7	8	16	24	32	40	48	56	64	9	26	34	42	50	58	66	1	10	18	35	43	51	59	67	2	11	19	27	44	52	60	68	3	
13	49	57	65	0	17	25	33	41	21	29	37	45	62	70	5	14	22	30	38	46	54	71	6	15	23	31	39	47	55	63	7	8	16	24	32	40	48	56	64	9	26	34	42	50	58	66	1	10	18	35	43	51	59	67	2	11	19	27	44	52	60	68	3	12	20	28	36	53	61	69	4	
14	57	65	0	17	25	33	41	49	22	30	38	46	54	71	6	15	23	31	39	47	55	63	7	8	16	24	32	40	48	56	64	9	26	34	42	50	58	66	1	10	18	35	43	51	59	67	2	11	19	27	44	52	60	68	3	12	20	28	36	53	61	69	4	13	21	29	37	45	62	70	5	
15	65	0	17	25	33	41	49	57	23	31	39	47	55	63	7	8	16	24	32	40	48	56	64	9	26	34	42	50	58	66	1	10	18	35	43	51	59	67	2	11	19	27	44	52	60	68	3	12	20	28	36	53	61	69	4	13	21	29	37	45	62	70	5	14	22	30	38	46	54	71	6	
16	1	9	26	34	42	50	58	66	24	32	40	48	56	64	8	17	25	33	41	49	57	65	0	18	35	43	51	59	67	2	10	19	27	44	52	60	68	3	11	20	28	36	53	61	69	4	12	21	29	37	45	62	70	5	13	22	30	38	46	54	71	6	14	23	31	39	47	55	63	7	15	
17	9	26	34	42	50	58	66	1	25	33	41	49	57	65	0	18	35	43	51	59	67	2	10	19	27	44	52	60	68	3	11	20	28	36	53	61	69	4	12	21	29	37	45	62	70	5	13	22	30	38	46	54	71	6	14	23	31	39	47	55	63	7	15	16	24	32	40	48	56	64	8	
18	26	34	42	50	58	66	1	9	35	43	51	59	67	2	10	19	27	44	52	60	68	3	11	20	28	36	53	61	69	4	12	21	29	37	45	62	70	5	13	22	30	38	46	54	71	6	14	23	31	39	47	55	63	7	15	16	24	32	40	48	56	64	8	17	25	33	41	49	57	65	0	
19	34	42	50	58	66	1	9	26	27	44	52	60	68	3	11	20	28	36	53	61	69	4	12	21	29	37	45	62	70	5	13	22	30	38	46	54	71	6	14	23	31	39	47	55	63	7	15	16	24	32	40	48	56	64	8	17	25	33	41	49	57	65	0	18	35	43	51	59	67	2	10	
20	42	50	58	66	1	9	26	34	28	36	53	61	69	4	12	21	29	37	45	62	70	5	13	22	30	38	46	54	71	6	14	23	31	39	47	55	63	7	15	16	24	32	40	48	56	64	8	17	25	33	41	49	57	65	0	18	35	43	51	59	67	2	10	19	27	44	52	60	68	3	11	
21	50	58	66	1	9	26	34	42	29	37	45	62	70	5	13	22	30	38	46	54	71	6	14	23	31	39	47	55	63	7	15	16	24	32	40	48	56	64	8	17	25	33	41	49	57	65	0	18	35	43	51	59	67	2	10	19	27	44	52	60	68	3	11	20	28	36	53	61	69	4	12	
22	58	66	1	9	26	34	42	50	30	38	46	54	71	6	14	23	31	39	47	55	63	7	15	16	24	32	40	48	56	64	8	17	25	33	41	49	57	65	0	18	35	43	51	59	67	2	10	19	27	44	52	60	68	3	11	20	28	36	53	61	69	4	12	21	29	37	45	62	70	5	13	
23	66	1	9	26	34	42	50	58	31	39	47	55	63	7	15	16	24	32	40	48	56	64	8	17	25	33	41	49	57	65	0	18	35	43	51	59	67	2	10	19	27	44	52	60	68	3	11	20	28	36	53	61	69	4	12	21	29	37	45	62	70	5	13	22	30	38	46	54	71	6	14	
24	2	10	18	35	43	51	59	67	32	40	48	56	64	8	16	25	33	41	49	57	65	0	17	26	34	42	50	58	66	1	9	27	44	52	60	68	3	11	19	28	36	53	61	69	4	12	20	29	37	45	62	70	5	13	21	30	38	46	54	71	6	14	22	31	39	47	55	63	7	15	23	
25	10	18	35	43	51	59	67	2	33	41	49	57	65	0	17	26	34	42	50	58	66	1	9	27	44	52	60	68	3	11	19	28	36	53	61	69	4	12	20	29	37	45	62	70	5	13	21	30	38	46	54	71	6	14	22	31	39	47	55	63	7	15	23	24	32	40	48	56	64	8	16	
26	18	35	43	51	59	67	2	10	34	42	50	58	66	1	9	27	44	52	60	68	3	11	19	28	36	53	61	69	4	12	20	29	37	45	62	70	5	13	21	30	38	46	54	71	6	14	22	31	39	47	55	63	7	15	23	24	32	40	48	56	64	8	16	25	33	41	49	57	65	0	17	
27	35	43	51	59	67	2	10	18	44	52	60	68	3	11	19	28	36	53	61	69	4	12	20	29	37	45	62	70	5	13	21	30	38	46	54	71	6	14	22	31	39	47	55	63	7	15	23	24	32	40	48	56	64	8	16	25	33	41	49	57	65	0	17	26	34	42	50	58	66	1	9	
28	43	51	59	67	2	10	18	35	36	53	61	69	4	12	20	29	37	45	62	70	5	13	21	30	38	46	54	71	6	14	22	31	39	47	55	63	7	15	23	24	32	40	48	56	64	8	16	25	33	41	49	57	65	0	17	26	34	42	50	58	66	1	9	27	44	52	60	68	3	11	19	
29	51	59	67	2	10	18	35	43	37	45	62	70	5	13	21	30	38	46	54	71	6	14	22	31	39	47	55	63	7	15	23	24	32	40	48	56	64	8	16	25	33	41	49	57	65	0	17	26	34	42	50	58	66	1	9	27	44	52	60	68	3	11	19	28	36	53	61	69	4	12	20	
30	59	67	2	10	18	35	43	51	38	46	54	71	6	14	22	31	39	47	55	63	7	15	23	24	32	40	48	56	64	8	16	25	33	41	49	57	65	0	17	26	34	42	50	58	66	1	9	27	44	52	60	68	3	11	19	28	36	53	61	69	4	12	20	29	37	45	62	70	5	13	21	
31	67	2	10	18	35	43	51	59	39	47	55	63	7	15	23	24	32	40	48	56	64	8	16	25	33	41	49	57	65	0	17	26	34	42	50	58	66	1	9	27	44	52	60	68	3	11	19	28	36	53	61	69	4	12	20	29	37	45	62	70	5	13	21	30	38	46	54	71	6	14	22	
32	3	11	19	27	44	52	60	68	40	48	56	64	8	16	24	33	41	49	57	65	0	17	25	34	42	50	58	66	1	9	26	35	43	51	59	67	2	10	18	36	53	61	69	4	12	20	28	37	45	62	70	5	13	21	29	38	46	54	71	6	14	22	30	39	47	55	63	7	15	23	31	
33	11	19	27	44	52	60	68	3	41	49	57	65	0	17	25	34	42	50	58	66	1	9	26	35	43	51	59	67	2	10	18	36	53	61	69	4	12	20	28	37	45	62	70	5	13	21	29	38	46	54	71	6	14	22	30	39	47	55	63	7	15	23	31	32	40	48	56	64	8	16	24	
34	19	27	44	52	60	68	3	11	42	50	58	66	1	9	26	35	43	51	59	67	2	10	18	36	53	61	69	4	12	20	28	37	45	62	70	5	13	21	29	38	46	54	71	6	14	22	30	39	47	55	63	7	15	23	31	32	40	48	56	64	8	16	24	33	41	49	57	65	0	17	25	
35	27	44	52	60	68	3	11	19	43	51	59	67	2	10	18	36	53	61	69	4	12	20	28	37	45	62	70	5	13	21	29	38	46	54	71	6	14	22	30	39	47	55	63	7	15	23	31	32	40	48	56	64	8	16	24	33	41	49	57	65	0	17	25	34	42	50	58	66	1	9	26	
36	44	52	60	68	3	11	19	27	53	61	69	4	12	20	28	37	45	62	70	5	13	21	29	38	46	54	71	6	14	22	30	39	47	55	63	7	15	23	31	32	40	48	56	64	8	16	24	33	41	49	57	65	0	17	25	34	42	50	58	66	1	9	26	35	43	51	59	67	2	10	18	
37	52	60	68	3	11	19	27	44	45	62	70	5	13	21	29	38	46	54	71	6	14	22	30	39	47	55	63	7	15	23	31	32	40	48	56	64	8	16	24	33	41	49	57	65	0	17	25	34	42	50	58	66	1	9	26	35	43	51	59	67	2	10	18	36	53	61	69	4	12	20	28	
38	60	68	3	11	19	27	44	52	46	54	71	6	14	22	30	39	47	55	63	7	15	23	31	32	40	48	56	64	8	16	24	33	41	49	57	65	0	17	25	34	42	50	58	66	1	9	26	35	43	51	59	67	2	10	18	36	53	61	69	4	12	20	28	37	45	62	70	5	13	21	29	
39	68	3	11	19	27	44	52	60	47	55	63	7	15	23	31	32	40	48	56	64	8	16	24	33	41	49	57	65	0	17	25	34	42	50	58	66	1	9	26	35	43	51	59	67	2	10	18	36	53	61	69	4	12	20	28	37	45	62	70	5	13	21	29	38	46	54	71	6	14	22	30	
40	4	12	20	28	36	53	61	69	48	56	64	8	16	24	32	41	49	57	65	0	17	25	33	42	50	58	66	1	9	26	34	43	51	59	67	2	10	18	35	44	52	60	68	3	11	19	27	45	62	70	5	13	21	29	37	46	54	71	6	14	22	30	38	47	55	63	7	15	23	31	39	
41	12	20	28	36	53	61	69	4	49	57	65	0	17	25	33	42	50	58	66	1	9	26	34	43	51	59	67	2	10	18	35	44	52	60	68	3	11	19	27	45	62	70	5	13	21	29	37	46	54	71	6	14	22	30	38	47	55	63	7	15	23	31	39	40	48	56	64	8	16	24	32	
42	20	28	36	53	61	69	4	12	50	58	66	1	9	26	34	43	51	59	67	2	10	18	35	44	52	60	68	3	11	19	27	45	62	70	5	13	21	29	37	46	54	71	6	14	22	30	38	47	55	63	7	15	23	31	39	40	48	56	64	8	16	24	32	41	49	57	65	0	17	25	33	
43	28	36	53	61	69	4	12	20	51	59	67	2	10	18	35	44	52	60	68	3	11	19	27	45	62	70	5	13	21	29	37	46	54	71	6	14	22	30	38	47	55	63	7	15	23	31	39	40	48	56	64	8	16	24	32	41	49	57	65	0	17	25	33	42	50	58	66	1	9	26	34	
44	36	53	61	69	4	12	20	28	52	60	68	3	11	19	27	45	62	70	5	13	21	29	37	46	54	71	6	14	22	30	38	47	55	63	7	15	23	31	39	40	48	56	64	8	16	24	32	41	49	57	65	0	17	25	33	42	50	58	66	1	9	26	34	43	51	59	67	2	10	18	35	
45	53	61	69	4	12	20	28	36	62	70	5	13	21	29	37	46	54	71	6	14	22	30	38	47	55	63	7	15	23	31	39	40	48	56	64	8	16	24	32	41	49	57	65	0	17	25	33	42	50	58	66	1	9	26	34	43	51	59	67	2	10	18	35	44	52	60	68	3	11	19	27	
46	61	69	4	12	20	28	36	53	54	71	6	14	22	30	38	47	55	63	7	15	23	31	39	40	48	56	64	8	16	24	32	41	49	57	65	0	17	25	33	42	50	58	66	1	9	26	34	43	51	59	67	2	10	18	35	44	52	60	68	3	11	19	27	45	62	70	5	13	21	29	37	
47	69	4	12	20	28	36	53	61	55	63	7	15	23	31	39	40	48	56	64	8	16	24	32	41	49	57	65	0	17	25	33	42	50	58	66	1	9	26	34	43	51	59	67	2	10	18	35	44	52	60	68	3	11	19	27	45	62	70	5	13	21	29	37	46	54	71	6	14	22	30	38	
48	5	13	21	29	37	45	62	70	56	64	8	16	24	32	40	49	57	65	0	17	25	33	41	50	58	66	1	9	26	34	42	51	59	67	2	10	18	35	43	52	60	68	3	11	19	27	44	53	61	69	4	12	20	28	36	54	71	6	14	22	30	38	46	55	63	7	15	23	31	39	47	
49	13	21	29	37	45	62	70	5	57	65	0	17	25	33	41	50	58	66	1	9	26	34	42	51	59	67	2	10	18	35	43	52	60	68	3	11	19	27	44	53	61	69	4	12	20	28	36	54	71	6	14	22	30	38	46	55	63	7	15	23	31	39	47	48	56	64	8	16	24	32	40	
50	21	29	37	45	62	70	5	13	58	66	1	9	26	34	42	51	59	67	2	10	18	35	43	52	60	68	3	11	19	27	44	53	61	69	4	12	20	28	36	54	71	6	14	22	30	38	46	55	63	7	15	23	31	39	47	48	56	64	8	16	24	32	40	49	57	65	0	17	25	33	41	
51	29	37	45	62	70	5	13	21	59	67	2	10	18	35	43	52	60	68	3	11	19	27	44	53	61	69	4	12	20	28	36	54	71	6	14	22	30	38	46	55	63	7	15	23	31	39	47	48	56	64	8	16	24	32	40	49	57	65	0	17	25	33	41	50	58	66	1	9	26	34	42	
52	37	45	62	70	5	13	21	29	60	68	3	11	19	27	44	53	61	69	4	12	20	28	36	54	71	6	14	22	30	38	46	55	63	7	15	23	31	39	47	48	56	64	8	16	24	32	40	49	57	65	0	17	25	33	41	50	58	66	1	9	26	34	42	51	59	67	2	10	18	35	43	
53	45	62	70	5	13	21	29	37	61	69	4	12	20	28	36	54	71	6	14	22	30	38	46	55	63	7	15	23	31	39	47	48	56	64	8	16	24	32	40	49	57	65	0	17	25	33	41	50	58	66	1	9	26	34	42	51	59	67	2	10	18	35	43	52	60	68	3	11	19	27	44	
54	62	70	5	13	21	29	37	45	71	6	14	22	30	38	46	55	63	7	15	23	31	39	47	48	56	64	8	16	24	32	40	49	57	65	0	17	25	33	41	50	58	66	1	9	26	34	42	51	59	67	2	10	18	35	43	52	60	68	3	11	19	27	44	53	61	69	4	12	20	28	36	
55	70	5	13	21	29	37	45	62	63	7	15	23	31	39	47	48	56	64	8	16	24	32	40	49	57	65	0	17	25	33	41	50	58	66	1	9	26	34	42	51	59	67	2	10	18	35	43	52	60	68	3	11	19	27	44	53	61	69	4	12	20	28	36	54	71	6	14	22	30	38	46	
56	6	14	22	30	38	46	54	71	64	8	16	24	32	40	48	57	65	0	17	25	33	41	49	58	66	1	9	26	34	42	50	59	67	2	10	18	35	43	51	60	68	3	11	19	27	44	52	61	69	4	12	20	28	36	53	62	70	5	13	21	29	37	45	63	7	15	23	31	39	47	55	
57	14	22	30	38	46	54	71	6	65	0	17	25	33	41	49	58	66	1	9	26	34	42	50	59	67	2	10	18	35	43	51	60	68	3	11	19	27	44	52	61	69	4	12	20	28	36	53	62	70	5	13	21	29	37	45	63	7	15	23	31	39	47	55	56	64	8	16	24	32	40	48	
58	22	30	38	46	54	71	6	14	66	1	9	26	34	42	50	59	67	2	10	18	35	43	51	60	68	3	11	19	27	44	52	61	69	4	12	20	28	36	53	62	70	5	13	21	29	37	45	63	7	15	23	31	39	47	55	56	64	8	16	24	32	40	48	57	65	0	17	25	33	41	49	
59	30	38	46	54	71	6	14	22	67	2	10	18	35	43	51	60	68	3	11	19	27	44	52	61	69	4	12	20	28	36	53	62	70	5	13	21	29	37	45	63	7	15	23	31	39	47	55	56	64	8	16	24	32	40	48	57	65	0	17	25	33	41	49	58	66	1	9	26	34	42	50	
60	38	46	54	71	6	14	22	30	68	3	11	19	27	44	52	61	69	4	12	20	28	36	53	62	70	5	13	21	29	37	45	63	7	15	23	31	39	47	55	56	64	8	16	24	32	40	48	57	65	0	17	25	33	41	49	58	66	1	9	26	34	42	50	59	67	2	10	18	35	43	51	
61	46	54	71	6	14	22	30	38	69	4	12	20	28	36	53	62	70	5	13	21	29	37	45	63	7	15	23	31	39	47	55	56	64	8	16	24	32	40	48	57	65	0	17	25	33	41	49	58	66	1	9	26	34	42	50	59	67	2	10	18	35	43	51	60	68	3	11	19	27	44	52	
62	54	71	6	14	22	30	38	46	70	5	13	21	29	37	45	63	7	15	23	31	39	47	55	56	64	8	16	24	32	40	48	57	65	0	17	25	33	41	49	58	66	1	9	26	34	42	50	59	67	2	10	18	35	43	51	60	68	3	11	19	27	44	52	61	69	4	12	20	28	36	53	
63	71	6	14	22	30	38	46	54	7	15	23	31	39	47	55	56	64	8	16	24	32	40	48	57	65	0	17	25	33	41	49	58	66	1	9	26	34	42	50	59	67	2	10	18	35	43	51	60	68	3	11	19	27	44	52	61	69	4	12	20	28	36	53	62	70	5	13	21	29	37	45	
64	7	15	23	31	39	47	55	63	8	16	24	32	40	48	56	65	0	17	25	33	41	49	57	66	1	9	26	34	42	50	58	67	2	10	18	35	43	51	59	68	3	11	19	27	44	52	60	69	4	12	20	28	36	53	61	70	5	13	21	29	37	45	62	71	6	14	22	30	38	46	54	
65	15	23	31	39	47	55	63	7	0	17	25	33	41	49	57	66	1	9	26	34	42	50	58	67	2	10	18	35	43	51	59	68	3	11	19	27	44	52	60	69	4	12	20	28	36	53	61	70	5	13	21	29	37	45	62	71	6	14	22	30	38	46	54	64	8	16	24	32	40	48	56	
66	23	31	39	47	55	63	7	15	1	9	26	34	42	50	58	67	2	10	18	35	43	51	59	68	3	11	19	27	44	52	60	69	4	12	20	28	36	53	61	70	5	13	21	29	37	45	62	71	6	14	22	30	38	46	54	64	8	16	24	32	40	48	56	65	0	17	25	33	41	49	57	
67	31	39	47	55	63	7	15	23	2	10	18	35	43	51	59	68	3	11	19	27	44	52	60	69	4	12	20	28	36	53	61	70	5	13	21	29	37	45	62	71	6	14	22	30	38	46	54	64	8	16	24	32	40	48	56	65	0	17	25	33	41	49	57	66	1	9	26	34	42	50	58	
68	39	47	55	63	7	15	23	31	3	11	19	27	44	52	60	69	4	12	20	28	36	53	61	70	5	13	21	29	37	45	62	71	6	14	22	30	38	46	54	64	8	16	24	32	40	48	56	65	0	17	25	33	41	49	57	66	1	9	26	34	42	50	58	67	2	10	18	35	43	51	59	
69	47	55	63	7	15	23	31	39	4	12	20	28	36	53	61	70	5	13	21	29	37	45	62	71	6	14	22	30	38	46	54	64	8	16	24	32	40	48	56	65	0	17	25	33	41	49	57	66	1	9	26	34	42	50	58	67	2	10	18	35	43	51	59	68	3	11	19	27	44	52	60	
70	55	63	7	15	23	31	39	47	5	13	21	29	37	45	62	71	6	14	22	30	38	46	54	64	8	16	24	32	40	48	56	65	0	17	25	33	41	49	57	66	1	9	26	34	42	50	58	67	2	10	18	35	43	51	59	68	3	11	19	27	44	52	60	69	4	12	20	28	36	53	61	
71	63	7	15	23	31	39	47	55	6	14	22	30	38	46	54	64	8	16	24	32	40	48	56	65	0	17	25	33	41	49	57	66	1	9	26	34	42	50	58	67	2	10	18	35	43	51	59	68	3	11	19	27	44	52	60	69	4	12	20	28	36	53	61	70	5	13	21	29	37	45	62	
