0:	9 18 27 36 45 54 63 72 81 
1:	18 27 36 45 54 63 72 81 9 
2:	27 36 45 54 63 72 81 9 18 
3:	36 45 54 63 72 81 9 18 27 
4:	45 54 63 72 81 9 18 27 36 
5:	54 63 72 81 9 18 27 36 45 
6:	63 72 81 9 18 27 36 45 54 
7:	72 81 9 18 27 36 45 54 63 
8:	81 9 18 27 36 45 54 63 72 
9:	0 19 28 37 46 55 64 73 82 
10:	19 28 37 46 55 64 73 82 0 
11:	28 37 46 55 64 73 82 0 19 
12:	37 46 55 64 73 82 0 19 28 
13:	46 55 64 73 82 0 19 28 37 
14:	55 64 73 82 0 19 28 37 46 
15:	64 73 82 0 19 28 37 46 55 
16:	73 82 0 19 28 37 46 55 64 
17:	82 0 19 28 37 46 55 64 73 
18:	1 10 29 38 47 56 65 74 83 
19:	10 29 38 47 56 65 74 83 1 
20:	29 38 47 56 65 74 83 1 10 
21:	38 47 56 65 74 83 1 10 29 
22:	47 56 65 74 83 1 10 29 38 
23:	56 65 74 83 1 10 29 38 47 
24:	65 74 83 1 10 29 38 47 56 
25:	74 83 1 10 29 38 47 56 65 
26:	83 1 10 29 38 47 56 65 74 
27:	2 11 20 39 48 57 66 75 84 
28:	11 20 39 48 57 66 75 84 2 
29:	20 39 48 57 66 75 84 2 11 
30:	39 48 57 66 75 84 2 11 20 
31:	48 57 66 75 84 2 11 20 39 
32:	57 66 75 84 2 11 20 39 48 
33:	66 75 84 2 11 20 39 48 57 
34:	75 84 2 11 20 39 48 57 66 
35:	84 2 11 20 39 48 57 66 75 
36:	3 12 21 30 49 58 67 76 85 
37:	12 21 30 49 58 67 76 85 3 
38:	21 30 49 58 67 76 85 3 12 
39:	30 49 58 67 76 85 3 12 21 
40:	49 58 67 76 85 3 12 21 30 
41:	58 67 76 85 3 12 21 30 49 
42:	67 76 85 3 12 21 30 49 58 
43:	76 85 3 12 21 30 49 58 67 
44:	85 3 12 21 30 49 58 67 76 
45:	4 13 22 31 40 59 68 77 86 
46:	13 22 31 40 59 68 77 86 4 
47:	22 31 40 59 68 77 86 4 13 
48:	31 40 59 68 77 86 4 13 22 
49:	40 59 68 77 86 4 13 22 31 
50:	59 68 77 86 4 13 22 31 40 
51:	68 77 86 4 13 22 31 40 59 
52:	77 86 4 13 22 31 40 59 68 
53:	86 4 13 22 31 40 59 68 77 
54:	5 14 23 32 41 50 69 78 87 
55:	14 23 32 41 50 69 78 87 5 
56:	23 32 41 50 69 78 87 5 14 
57:	32 41 50 69 78 87 5 14 23 
58:	41 50 69 78 87 5 14 23 32 
59:	50 69 78 87 5 14 23 32 41 
60:	69 78 87 5 14 23 32 41 50 
61:	78 87 5 14 23 32 41 50 69 
62:	87 5 14 23 32 41 50 69 78 
63:	6 15 24 33 42 51 60 79 88 
64:	15 24 33 42 51 60 79 88 6 
65:	24 33 42 51 60 79 88 6 15 
66:	33 42 51 60 79 88 6 15 24 
67:	42 51 60 79 88 6 15 24 33 
68:	51 60 79 88 6 15 24 33 42 
69:	60 79 88 6 15 24 33 42 51 
70:	79 88 6 15 24 33 42 51 60 
71:	88 6 15 24 33 42 51 60 79 
72:	7 16 25 34 43 52 61 70 89 
73:	16 25 34 43 52 61 70 89 7 
74:	25 34 43 52 61 70 89 7 16 
75:	34 43 52 61 70 89 7 16 25 
76:	43 52 61 70 89 7 16 25 34 
77:	52 61 70 89 7 16 25 34 43 
78:	61 70 89 7 16 25 34 43 52 
79:	70 89 7 16 25 34 43 52 61 
80:	89 7 16 25 34 43 52 61 70 
81:	8 17 26 35 44 53 62 71 80 
82:	17 26 35 44 53 62 71 80 8 
83:	26 35 44 53 62 71 80 8 17 
84:	35 44 53 62 71 80 8 17 26 
85:	44 53 62 71 80 8 17 26 35 
86:	53 62 71 80 8 17 26 35 44 
87:	62 71 80 8 17 26 35 44 53 
88:	71 80 8 17 26 35 44 53 62 
89:	80 8 17 26 35 44 53 62 71 
0	9	18	27	36	45	54	63	72	81	19	28	37	46	55	64	73	82	1	10	29	38	47	56	65	74	83	2	11	20	39	48	57	66	75	84	3	12	21	30	49	58	67	76	85	4	13	22	31	40	59	68	77	86	5	14	23	32	41	50	69	78	87	6	15	24	33	42	51	60	79	88	7	16	25	34	43	52	61	70	89	8	17	26	35	44	53	62	71	80	
1	18	27	36	45	54	63	72	81	9	10	29	38	47	56	65	74	83	2	11	20	39	48	57	66	75	84	3	12	21	30	49	58	67	76	85	4	13	22	31	40	59	68	77	86	5	14	23	32	41	50	69	78	87	6	15	24	33	42	51	60	79	88	7	16	25	34	43	52	61	70	89	8	17	26	35	44	53	62	71	80	0	19	28	37	46	55	64	73	82	
2	27	36	45	54	63	72	81	9	18	11	20	39	48	57	66	75	84	3	12	21	30	49	58	67	76	85	4	13	22	31	40	59	68	77	86	5	14	23	32	41	50	69	78	87	6	15	24	33	42	51	60	79	88	7	16	25	34	43	52	61	70	89	8	17	26	35	44	53	62	71	80	0	19	28	37	46	55	64	73	82	1	10	29	38	47	56	65	74	83	
3	36	45	54	63	72	81	9	18	27	12	21	30	49	58	67	76	85	4	13	22	31	40	59	68	77	86	5	14	23	32	41	50	69	78	87	6	15	24	33	42	51	60	79	88	7	16	25	34	43	52	61	70	89	8	17	26	35	44	53	62	71	80	0	19	28	37	46	55	64	73	82	1	10	29	38	47	56	65	74	83	2	11	20	39	48	57	66	75	84	
4	45	54	63	72	81	9	18	27	36	13	22	31	40	59	68	77	86	5	14	23	32	41	50	69	78	87	6	15	24	33	42	51	60	79	88	7	16	25	34	43	52	61	70	89	8	17	26	35	44	53	62	71	80	0	19	28	37	46	55	64	73	82	1	10	29	38	47	56	65	74	83	2	11	20	39	48	57	66	75	84	3	12	21	30	49	58	67	76	85	
5	54	63	72	81	9	18	27	36	45	14	23	32	41	50	69	78	87	6	15	24	33	42	51	60	79	88	7	16	25	34	43	52	61	70	89	8	17	26	35	44	53	62	71	80	0	19	28	37	46	55	64	73	82	1	10	29	38	47	56	65	74	83	2	11	20	39	48	57	66	75	84	3	12	21	30	49	58	67	76	85	4	13	22	31	40	59	68	77	86	
6	63	72	81	9	18	27	36	45	54	15	24	33	42	51	60	79	88	7	16	25	34	43	52	61	70	89	8	17	26	35	44	53	62	71	80	0	19	28	37	46	55	64	73	82	1	10	29	38	47	56	65	74	83	2	11	20	39	48	57	66	75	84	3	12	21	30	49	58	67	76	85	4	13	22	31	40	59	68	77	86	5	14	23	32	41	50	69	78	87	
7	72	81	9	18	27	36	45	54	63	16	25	34	43	52	61	70	89	8	17	26	35	44	53	62	71	80	0	19	28	37	46	55	64	73	82	1	10	29	38	47	56	65	74	83	2	11	20	39	48	57	66	75	84	3	12	21	30	49	58	67	76	85	4	13	22	31	40	59	68	77	86	5	14	23	32	41	50	69	78	87	6	15	24	33	42	51	60	79	88	
8	81	9	18	27	36	45	54	63	72	17	26	35	44	53	62	71	80	0	19	28	37	46	55	64	73	82	1	10	29	38	47	56	65	74	83	2	11	20	39	48	57	66	75	84	3	12	21	30	49	58	67	76	85	4	13	22	31	40	59	68	77	86	5	14	23	32	41	50	69	78	87	6	15	24	33	42	51	60	79	88	7	16	25	34	43	52	61	70	89	
9	0	19	28	37	46	55	64	73	82	18	27	36	45	54	63	72	81	10	29	38	47	56	65	74	83	1	11	20	39	48	57	66	75	84	2	12	21	30	49	58	67	76	85	3	13	22	31	40	59	68	77	86	4	14	23	32	41	50	69	78	87	5	15	24	33	42	51	60	79	88	6	16	25	34	43	52	61	70	89	7	17	26	35	44	53	62	71	80	8	
10	19	28	37	46	55	64	73	82	0	29	38	47	56	65	74	83	1	11	20	39	48	57	66	75	84	2	12	21	30	49	58	67	76	85	3	13	22	31	40	59	68	77	86	4	14	23	32	41	50	69	78	87	5	15	24	33	42	51	60	79	88	6	16	25	34	43	52	61	70	89	7	17	26	35	44	53	62	71	80	8	9	18	27	36	45	54	63	72	81	
11	28	37	46	55	64	73	82	0	19	20	39	48	57	66	75	84	2	12	21	30	49	58	67	76	85	3	13	22	31	40	59	68	77	86	4	14	23	32	41	50	69	78	87	5	15	24	33	42	51	60	79	88	6	16	25	34	43	52	61	70	89	7	17	26	35	44	53	62	71	80	8	9	18	27	36	45	54	63	72	81	10	29	38	47	56	65	74	83	1	
12	37	46	55	64	73	82	0	19	28	21	30	49	58	67	76	85	3	13	22	31	40	59	68	77	86	4	14	23	32	41	50	69	78	87	5	15	24	33	42	51	60	79	88	6	16	25	34	43	52	61	70	89	7	17	26	35	44	53	62	71	80	8	9	18	27	36	45	54	63	72	81	10	29	38	47	56	65	74	83	1	11	20	39	48	57	66	75	84	2	
13	46	55	64	73	82	0	19	28	37	22	31	40	59	68	77	86	4	14	23	32	41	50	69	78	87	5	15	24	33	42	51	60	79	88	6	16	25	34	43	52	61	70	89	7	17	26	35	44	53	62	71	80	8	9	18	27	36	45	54	63	72	81	10	29	38	47	56	65	74	83	1	11	20	39	48	57	66	75	84	2	12	21	30	49	58	67	76	85	3	
14	55	64	73	82	0	19	28	37	46	23	32	41	50	69	78	87	5	15	24	33	42	51	60	79	88	6	16	25	34	43	52	61	70	89	7	17	26	35	44	53	62	71	80	8	9	18	27	36	45	54	63	72	81	10	29	38	47	56	65	74	83	1	11	20	39	48	57	66	75	84	2	12	21	30	49	58	67	76	85	3	13	22	31	40	59	68	77	86	4	
15	64	73	82	0	19	28	37	46	55	24	33	42	51	60	79	88	6	16	25	34	43	52	61	70	89	7	17	26	35	44	53	62	71	80	8	9	18	27	36	45	54	63	72	81	10	29	38	47	56	65	74	83	1	11	20	39	48	57	66	75	84	2	12	21	30	49	58	67	76	85	3	13	22	31	40	59	68	77	86	4	14	23	32	41	50	69	78	87	5	
16	73	82	0	19	28	37	46	55	64	25	34	43	52	61	70	89	7	17	26	35	44	53	62	71	80	8	9	18	27	36	45	54	63	72	81	10	29	38	47	56	65	74	83	1	11	20	39	48	57	66	75	84	2	12	21	30	49	58	67	76	85	3	13	22	31	40	59	68	77	86	4	14	23	32	41	50	69	78	87	5	15	24	33	42	51	60	79	88	6	
17	82	0	19	28	37	46	55	64	73	26	35	44	53	62	71	80	8	9	18	27	36	45	54	63	72	81	10	29	38	47	56	65	74	83	1	11	20	39	48	57	66	75	84	2	12	21	30	49	58	67	76	85	3	13	22	31	40	59	68	77	86	4	14	23	32	41	50	69	78	87	5	15	24	33	42	51	60	79	88	6	16	25	34	43	52	61	70	89	7	
18	1	10	29	38	47	56	65	74	83	27	36	45	54	63	72	81	9	19	28	37	46	55	64	73	82	0	20	39	48	57	66	75	84	2	11	21	30	49	58	67	76	85	3	12	22	31	40	59	68	77	86	4	13	23	32	41	50	69	78	87	5	14	24	33	42	51	60	79	88	6	15	25	34	43	52	61	70	89	7	16	26	35	44	53	62	71	80	8	17	
19	10	29	38	47	56	65	74	83	1	28	37	46	55	64	73	82	0	20	39	48	57	66	75	84	2	11	21	30	49	58	67	76	85	3	12	22	31	40	59	68	77	86	4	13	23	32	41	50	69	78	87	5	14	24	33	42	51	60	79	88	6	15	25	34	43	52	61	70	89	7	16	26	35	44	53	62	71	80	8	17	18	27	36	45	54	63	72	81	9	
20	29	38	47	56	65	74	83	1	10	39	48	57	66	75	84	2	11	21	30	49	58	67	76	85	3	12	22	31	40	59	68	77	86	4	13	23	32	41	50	69	78	87	5	14	24	33	42	51	60	79	88	6	15	25	34	43	52	61	70	89	7	16	26	35	44	53	62	71	80	8	17	18	27	36	45	54	63	72	81	9	19	28	37	46	55	64	73	82	0	
21	38	47	56	65	74	83	1	10	29	30	49	58	67	76	85	3	12	22	31	40	59	68	77	86	4	13	23	32	41	50	69	78	87	5	14	24	33	42	51	60	79	88	6	15	25	34	43	52	61	70	89	7	16	26	35	44	53	62	71	80	8	17	18	27	36	45	54	63	72	81	9	19	28	37	46	55	64	73	82	0	20	39	48	57	66	75	84	2	11	
22	47	56	65	74	83	1	10	29	38	31	40	59	68	77	86	4	13	23	32	41	50	69	78	87	5	14	24	33	42	51	60	79	88	6	15	25	34	43	52	61	70	89	7	16	26	35	44	53	62	71	80	8	17	18	27	36	45	54	63	72	81	9	19	28	37	46	55	64	73	82	0	20	39	48	57	66	75	84	2	11	21	30	49	58	67	76	85	3	12	
23	56	65	74	83	1	10	29	38	47	32	41	50	69	78	87	5	14	24	33	42	51	60	79	88	6	15	25	34	43	52	61	70	89	7	16	26	35	44	53	62	71	80	8	17	18	27	36	45	54	63	72	81	9	19	28	37	46	55	64	73	82	0	20	39	48	57	66	75	84	2	11	21	30	49	58	67	76	85	3	12	22	31	40	59	68	77	86	4	13	
24	65	74	83	1	10	29	38	47	56	33	42	51	60	79	88	6	15	25	34	43	52	61	70	89	7	16	26	35	44	53	62	71	80	8	17	18	27	36	45	54	63	72	81	9	19	28	37	46	55	64	73	82	0	20	39	48	57	66	75	84	2	11	21	30	49	58	67	76	85	3	12	22	31	40	59	68	77	86	4	13	23	32	41	50	69	78	87	5	14	
25	74	83	1	10	29	38	47	56	65	34	43	52	61	70	89	7	16	26	35	44	53	62	71	80	8	17	18	27	36	45	54	63	72	81	9	19	28	37	46	55	64	73	82	0	20	39	48	57	66	75	84	2	11	21	30	49	58	67	76	85	3	12	22	31	40	59	68	77	86	4	13	23	32	41	50	69	78	87	5	14	24	33	42	51	60	79	88	6	15	
26	83	1	10	29	38	47	56	65	74	35	44	53	62	71	80	8	17	18	27	36	45	54	63	72	81	9	19	28	37	46	55	64	73	82	0	20	39	48	57	66	75	84	2	11	21	30	49	58	67	76	85	3	12	22	31	40	59	68	77	86	4	13	23	32	41	50	69	78	87	5	14	24	33	42	51	60	79	88	6	15	25	34	43	52	61	70	89	7	16	
27	2	11	20	39	48	57	66	75	84	36	45	54	63	72	81	9	18	28	37	46	55	64	73	82	0	19	29	38	47	56	65	74	83	1	10	30	49	58	67	76	85	3	12	21	31	40	59	68	77	86	4	13	22	32	41	50	69	78	87	5	14	23	33	42	51	60	79	88	6	15	24	34	43	52	61	70	89	7	16	25	35	44	53	62	71	80	8	17	26	
28	11	20	39	48	57	66	75	84	2	37	46	55	64	73	82	0	19	29	38	47	56	65	74	83	1	10	30	49	58	67	76	85	3	12	21	31	40	59	68	77	86	4	13	22	32	41	50	69	78	87	5	14	23	33	42	51	60	79	88	6	15	24	34	43	52	61	70	89	7	16	25	35	44	53	62	71	80	8	17	26	27	36	45	54	63	72	81	9	18	
29	20	39	48	57	66	75	84	2	11	38	47	56	65	74	83	1	10	30	49	58	67	76	85	3	12	21	31	40	59	68	77	86	4	13	22	32	41	50	69	78	87	5	14	23	33	42	51	60	79	88	6	15	24	34	43	52	61	70	89	7	16	25	35	44	53	62	71	80	8	17	26	27	36	45	54	63	72	81	9	18	28	37	46	55	64	73	82	0	19	
30	39	48	57	66	75	84	2	11	20	49	58	67	76	85	3	12	21	31	40	59	68	77	86	4	13	22	32	41	50	69	78	87	5	14	23	33	42	51	60	79	88	6	15	24	34	43	52	61	70	89	7	16	25	35	44	53	62	71	80	8	17	26	27	36	45	54	63	72	81	9	18	28	37	46	55	64	73	82	0	19	29	38	47	56	65	74	83	1	10	
31	48	57	66	75	84	2	11	20	39	40	59	68	77	86	4	13	22	32	41	50	69	78	87	5	14	23	33	42	51	60	79	88	6	15	24	34	43	52	61	70	89	7	16	25	35	44	53	62	71	80	8	17	26	27	36	45	54	63	72	81	9	18	28	37	46	55	64	73	82	0	19	29	38	47	56	65	74	83	1	10	30	49	58	67	76	85	3	12	21	
32	57	66	75	84	2	11	20	39	48	41	50	69	78	87	5	14	23	33	42	51	60	79	88	6	15	24	34	43	52	61	70	89	7	16	25	35	44	53	62	71	80	8	17	26	27	36	45	54	63	72	81	9	18	28	37	46	55	64	73	82	0	19	29	38	47	56	65	74	83	1	10	30	49	58	67	76	85	3	12	21	31	40	59	68	77	86	4	13	22	
33	66	75	84	2	11	20	39	48	57	42	51	60	79	88	6	15	24	34	43	52	61	70	89	7	16	25	35	44	53	62	71	80	8	17	26	27	36	45	54	63	72	81	9	18	28	37	46	55	64	73	82	0	19	29	38	47	56	65	74	83	1	10	30	49	58	67	76	85	3	12	21	31	40	59	68	77	86	4	13	22	32	41	50	69	78	87	5	14	23	
34	75	84	2	11	20	39	48	57	66	43	52	61	70	89	7	16	25	35	44	53	62	71	80	8	17	26	27	36	45	54	63	72	81	9	18	28	37	46	55	64	73	82	0	19	29	38	47	56	65	74	83	1	10	30	49	58	67	76	85	3	12	21	31	40	59	68	77	86	4	13	22	32	41	50	69	78	87	5	14	23	33	42	51	60	79	88	6	15	24	
35	84	2	11	20	39	48	57	66	75	44	53	62	71	80	8	17	26	27	36	45	54	63	72	81	9	18	28	37	46	55	64	73	82	0	19	29	38	47	56	65	74	83	1	10	30	49	58	67	76	85	3	12	21	31	40	59	68	77	86	4	13	22	32	41	50	69	78	87	5	14	23	33	42	51	60	79	88	6	15	24	34	43	52	61	70	89	7	16	25	
36	3	12	21	30	49	58	67	76	85	45	54	63	72	81	9	18	27	37	46	55	64	73	82	0	19	28	38	47	56	65	74	83	1	10	29	39	48	57	66	75	84	2	11	20	40	59	68	77	86	4	13	22	31	41	50	69	78	87	5	14	23	32	42	51	60	79	88	6	15	24	33	43	52	61	70	89	7	16	25	34	44	53	62	71	80	8	17	26	35	
37	12	21	30	49	58	67	76	85	3	46	55	64	73	82	0	19	28	38	47	56	65	74	83	1	10	29	39	48	57	66	75	84	2	11	20	40	59	68	77	86	4	13	22	31	41	50	69	78	87	5	14	23	32	42	51	60	79	88	6	15	24	33	43	52	61	70	89	7	16	25	34	44	53	62	71	80	8	17	26	35	36	45	54	63	72	81	9	18	27	
38	21	30	49	58	67	76	85	3	12	47	56	65	74	83	1	10	29	39	48	57	66	75	84	2	11	20	40	59	68	77	86	4	13	22	31	41	50	69	78	87	5	14	23	32	42	51	60	79	88	6	15	24	33	43	52	61	70	89	7	16	25	34	44	53	62	71	80	8	17	26	35	36	45	54	63	72	81	9	18	27	37	46	55	64	73	82	0	19	28	
39	30	49	58	67	76	85	3	12	21	48	57	66	75	84	2	11	20	40	59	68	77	86	4	13	22	31	41	50	69	78	87	5	14	23	32	42	51	60	79	88	6	15	24	33	43	52	61	70	89	7	16	25	34	44	53	62	71	80	8	17	26	35	36	45	54	63	72	81	9	18	27	37	46	55	64	73	82	0	19	28	38	47	56	65	74	83	1	10	29	
40	49	58	67	76	85	3	12	21	30	59	68	77	86	4	13	22	31	41	50	69	78	87	5	14	23	32	42	51	60	79	88	6	15	24	33	43	52	61	70	89	7	16	25	34	44	53	62	71	80	8	17	26	35	36	45	54	63	72	81	9	18	27	37	46	55	64	73	82	0	19	28	38	47	56	65	74	83	1	10	29	39	48	57	66	75	84	2	11	20	
41	58	67	76	85	3	12	21	30	49	50	69	78	87	5	14	23	32	42	51	60	79	88	6	15	24	33	43	52	61	70	89	7	16	25	34	44	53	62	71	80	8	17	26	35	36	45	54	63	72	81	9	18	27	37	46	55	64	73	82	0	19	28	38	47	56	65	74	83	1	10	29	39	48	57	66	75	84	2	11	20	40	59	68	77	86	4	13	22	31	
42	67	76	85	3	12	21	30	49	58	51	60	79	88	6	15	24	33	43	52	61	70	89	7	16	25	34	44	53	62	71	80	8	17	26	35	36	45	54	63	72	81	9	18	27	37	46	55	64	73	82	0	19	28	38	47	56	65	74	83	1	10	29	39	48	57	66	75	84	2	11	20	40	59	68	77	86	4	13	22	31	41	50	69	78	87	5	14	23	32	
43	76	85	3	12	21	30	49	58	67	52	61	70	89	7	16	25	34	44	53	62	71	80	8	17	26	35	36	45	54	63	72	81	9	18	27	37	46	55	64	73	82	0	19	28	38	47	56	65	74	83	1	10	29	39	48	57	66	75	84	2	11	20	40	59	68	77	86	4	13	22	31	41	50	69	78	87	5	14	23	32	42	51	60	79	88	6	15	24	33	
44	85	3	12	21	30	49	58	67	76	53	62	71	80	8	17	26	35	36	45	54	63	72	81	9	18	27	37	46	55	64	73	82	0	19	28	38	47	56	65	74	83	1	10	29	39	48	57	66	75	84	2	11	20	40	59	68	77	86	4	13	22	31	41	50	69	78	87	5	14	23	32	42	51	60	79	88	6	15	24	33	43	52	61	70	89	7	16	25	34	
45	4	13	22	31	40	59	68	77	86	54	63	72	81	9	18	27	36	46	55	64	73	82	0	19	28	37	47	56	65	74	83	1	10	29	38	48	57	66	75	84	2	11	20	39	49	58	67	76	85	3	12	21	30	50	69	78	87	5	14	23	32	41	51	60	79	88	6	15	24	33	42	52	61	70	89	7	16	25	34	43	53	62	71	80	8	17	26	35	44	
46	13	22	31	40	59	68	77	86	4	55	64	73	82	0	19	28	37	47	56	65	74	83	1	10	29	38	48	57	66	75	84	2	11	20	39	49	58	67	76	85	3	12	21	30	50	69	78	87	5	14	23	32	41	51	60	79	88	6	15	24	33	42	52	61	70	89	7	16	25	34	43	53	62	71	80	8	17	26	35	44	45	54	63	72	81	9	18	27	36	
47	22	31	40	59	68	77	86	4	13	56	65	74	83	1	10	29	38	48	57	66	75	84	2	11	20	39	49	58	67	76	85	3	12	21	30	50	69	78	87	5	14	23	32	41	51	60	79	88	6	15	24	33	42	52	61	70	89	7	16	25	34	43	53	62	71	80	8	17	26	35	44	45	54	63	72	81	9	18	27	36	46	55	64	73	82	0	19	28	37	
48	31	40	59	68	77	86	4	13	22	57	66	75	84	2	11	20	39	49	58	67	76	85	3	12	21	30	50	69	78	87	5	14	23	32	41	51	60	79	88	6	15	24	33	42	52	61	70	89	7	16	25	34	43	53	62	71	80	8	17	26	35	44	45	54	63	72	81	9	18	27	36	46	55	64	73	82	0	19	28	37	47	56	65	74	83	1	10	29	38	
49	40	59	68	77	86	4	13	22	31	58	67	76	85	3	12	21	30	50	69	78	87	5	14	23	32	41	51	60	79	88	6	15	24	33	42	52	61	70	89	7	16	25	34	43	53	62	71	80	8	17	26	35	44	45	54	63	72	81	9	18	27	36	46	55	64	73	82	0	19	28	37	47	56	65	74	83	1	10	29	38	48	57	66	75	84	2	11	20	39	
50	59	68	77	86	4	13	22	31	40	69	78	87	5	14	23	32	41	51	60	79	88	6	15	24	33	42	52	61	70	89	7	16	25	34	43	53	62	71	80	8	17	26	35	44	45	54	63	72	81	9	18	27	36	46	55	64	73	82	0	19	28	37	47	56	65	74	83	1	10	29	38	48	57	66	75	84	2	11	20	39	49	58	67	76	85	3	12	21	30	
51	68	77	86	4	13	22	31	40	59	60	79	88	6	15	24	33	42	52	61	70	89	7	16	25	34	43	53	62	71	80	8	17	26	35	44	45	54	63	72	81	9	18	27	36	46	55	64	73	82	0	19	28	37	47	56	65	74	83	1	10	29	38	48	57	66	75	84	2	11	20	39	49	58	67	76	85	3	12	21	30	50	69	78	87	5	14	23	32	41	
52	77	86	4	13	22	31	40	59	68	61	70	89	7	16	25	34	43	53	62	71	80	8	17	26	35	44	45	54	63	72	81	9	18	27	36	46	55	64	73	82	0	19	28	37	47	56	65	74	83	1	10	29	38	48	57	66	75	84	2	11	20	39	49	58	67	76	85	3	12	21	30	50	69	78	87	5	14	23	32	41	51	60	79	88	6	15	24	33	42	
53	86	4	13	22	31	40	59	68	77	62	71	80	8	17	26	35	44	45	54	63	72	81	9	18	27	36	46	55	64	73	82	0	19	28	37	47	56	65	74	83	1	10	29	38	48	57	66	75	84	2	11	20	39	49	58	67	76	85	3	12	21	30	50	69	78	87	5	14	23	32	41	51	60	79	88	6	15	24	33	42	52	61	70	89	7	16	25	34	43	
54	5	14	23	32	41	50	69	78	87	63	72	81	9	18	27	36	45	55	64	73	82	0	19	28	37	46	56	65	74	83	1	10	29	38	47	57	66	75	84	2	11	20	39	48	58	67	76	85	3	12	21	30	49	59	68	77	86	4	13	22	31	40	60	79	88	6	15	24	33	42	51	61	70	89	7	16	25	34	43	52	62	71	80	8	17	26	35	44	53	
55	14	23	32	41	50	69	78	87	5	64	73	82	0	19	28	37	46	56	65	74	83	1	10	29	38	47	57	66	75	84	2	11	20	39	48	58	67	76	85	3	12	21	30	49	59	68	77	86	4	13	22	31	40	60	79	88	6	15	24	33	42	51	61	70	89	7	16	25	34	43	52	62	71	80	8	17	26	35	44	53	54	63	72	81	9	18	27	36	45	
56	23	32	41	50	69	78	87	5	14	65	74	83	1	10	29	38	47	57	66	75	84	2	11	20	39	48	58	67	76	85	3	12	21	30	49	59	68	77	86	4	13	22	31	40	60	79	88	6	15	24	33	42	51	61	70	89	7	16	25	34	43	52	62	71	80	8	17	26	35	44	53	54	63	72	81	9	18	27	36	45	55	64	73	82	0	19	28	37	46	
57	32	41	50	69	78	87	5	14	23	66	75	84	2	11	20	39	48	58	67	76	85	3	12	21	30	49	59	68	77	86	4	13	22	31	40	60	79	88	6	15	24	33	42	51	61	70	89	7	16	25	34	43	52	62	71	80	8	17	26	35	44	53	54	63	72	81	9	18	27	36	45	55	64	73	82	0	19	28	37	46	56	65	74	83	1	10	29	38	47	
58	41	50	69	78	87	5	14	23	32	67	76	85	3	12	21	30	49	59	68	77	86	4	13	22	31	40	60	79	88	6	15	24	33	42	51	61	70	89	7	16	25	34	43	52	62	71	80	8	17	26	35	44	53	54	63	72	81	9	18	27	36	45	55	64	73	82	0	19	28	37	46	56	65	74	83	1	10	29	38	47	57	66	75	84	2	11	20	39	48	
59	50	69	78	87	5	14	23	32	41	68	77	86	4	13	22	31	40	60	79	88	6	15	24	33	42	51	61	70	89	7	16	25	34	43	52	62	71	80	8	17	26	35	44	53	54	63	72	81	9	18	27	36	45	55	64	73	82	0	19	28	37	46	56	65	74	83	1	10	29	38	47	57	66	75	84	2	11	20	39	48	58	67	76	85	3	12	21	30	49	
60	69	78	87	5	14	23	32	41	50	79	88	6	15	24	33	42	51	61	70	89	7	16	25	34	43	52	62	71	80	8	17	26	35	44	53	54	63	72	81	9	18	27	36	45	55	64	73	82	0	19	28	37	46	56	65	74	83	1	10	29	38	47	57	66	75	84	2	11	20	39	48	58	67	76	85	3	12	21	30	49	59	68	77	86	4	13	22	31	40	
61	78	87	5	14	23	32	41	50	69	70	89	7	16	25	34	43	52	62	71	80	8	17	26	35	44	53	54	63	72	81	9	18	27	36	45	55	64	73	82	0	19	28	37	46	56	65	74	83	1	10	29	38	47	57	66	75	84	2	11	20	39	48	58	67	76	85	3	12	21	30	49	59	68	77	86	4	13	22	31	40	60	79	88	6	15	24	33	42	51	
62	87	5	14	23	32	41	50	69	78	71	80	8	17	26	35	44	53	54	63	72	81	9	18	27	36	45	55	64	73	82	0	19	28	37	46	56	65	74	83	1	10	29	38	47	57	66	75	84	2	11	20	39	48	58	67	76	85	3	12	21	30	49	59	68	77	86	4	13	22	31	40	60	79	88	6	15	24	33	42	51	61	70	89	7	16	25	34	43	52	
63	6	15	24	33	42	51	60	79	88	72	81	9	18	27	36	45	54	64	73	82	0	19	28	37	46	55	65	74	83	1	10	29	38	47	56	66	75	84	2	11	20	39	48	57	67	76	85	3	12	21	30	49	58	68	77	86	4	13	22	31	40	59	69	78	87	5	14	23	32	41	50	70	89	7	16	25	34	43	52	61	71	80	8	17	26	35	44	53	62	
64	15	24	33	42	51	60	79	88	6	73	82	0	19	28	37	46	55	65	74	83	1	10	29	38	47	56	66	75	84	2	11	20	39	48	57	67	76	85	3	12	21	30	49	58	68	77	86	4	13	22	31	40	59	69	78	87	5	14	23	32	41	50	70	89	7	16	25	34	43	52	61	71	80	8	17	26	35	44	53	62	63	72	81	9	18	27	36	45	54	
65	24	33	42	51	60	79	88	6	15	74	83	1	10	29	38	47	56	66	75	84	2	11	20	39	48	57	67	76	85	3	12	21	30	49	58	68	77	86	4	13	22	31	40	59	69	78	87	5	14	23	32	41	50	70	89	7	16	25	34	43	52	61	71	80	8	17	26	35	44	53	62	63	72	81	9	18	27	36	45	54	64	73	82	0	19	28	37	46	55	
66	33	42	51	60	79	88	6	15	24	75	84	2	11	20	39	48	57	67	76	85	3	12	21	30	49	58	68	77	86	4	13	22	31	40	59	69	78	87	5	14	23	32	41	50	70	89	7	16	25	34	43	52	61	71	80	8	17	26	35	44	53	62	63	72	81	9	18	27	36	45	54	64	73	82	0	19	28	37	46	55	65	74	83	1	10	29	38	47	56	
67	42	51	60	79	88	6	15	24	33	76	85	3	12	21	30	49	58	68	77	86	4	13	22	31	40	59	69	78	87	5	14	23	32	41	50	70	89	7	16	25	34	43	52	61	71	80	8	17	26	35	44	53	62	63	72	81	9	18	27	36	45	54	64	73	82	0	19	28	37	46	55	65	74	83	1	10	29	38	47	56	66	75	84	2	11	20	39	48	57	
68	51	60	79	88	6	15	24	33	42	77	86	4	13	22	31	40	59	69	78	87	5	14	23	32	41	50	70	89	7	16	25	34	43	52	61	71	80	8	17	26	35	44	53	62	63	72	81	9	18	27	36	45	54	64	73	82	0	19	28	37	46	55	65	74	83	1	10	29	38	47	56	66	75	84	2	11	20	39	48	57	67	76	85	3	12	21	30	49	58	
69	60	79	88	6	15	24	33	42	51	78	87	5	14	23	32	41	50	70	89	7	16	25	34	43	52	61	71	80	8	17	26	35	44	53	62	63	72	81	9	18	27	36	45	54	64	73	82	0	19	28	37	46	55	65	74	83	1	10	29	38	47	56	66	75	84	2	11	20	39	48	57	67	76	85	3	12	21	30	49	58	68	77	86	4	13	22	31	40	59	
70	79	88	6	15	24	33	42	51	60	89	7	16	25	34	43	52	61	71	80	8	17	26	35	44	53	62	63	72	81	9	18	27	36	45	54	64	73	82	0	19	28	37	46	55	65	74	83	1	10	29	38	47	56	66	75	84	2	11	20	39	48	57	67	76	85	3	12	21	30	49	58	68	77	86	4	13	22	31	40	59	69	78	87	5	14	23	32	41	50	
71	88	6	15	24	33	42	51	60	79	80	8	17	26	35	44	53	62	63	72	81	9	18	27	36	45	54	64	73	82	0	19	28	37	46	55	65	74	83	1	10	29	38	47	56	66	75	84	2	11	20	39	48	57	67	76	85	3	12	21	30	49	58	68	77	86	4	13	22	31	40	59	69	78	87	5	14	23	32	41	50	70	89	7	16	25	34	43	52	61	
72	7	16	25	34	43	52	61	70	89	81	9	18	27	36	45	54	63	73	82	0	19	28	37	46	55	64	74	83	1	10	29	38	47	56	65	75	84	2	11	20	39	48	57	66	76	85	3	12	21	30	49	58	67	77	86	4	13	22	31	40	59	68	78	87	5	14	23	32	41	50	69	79	88	6	15	24	33	42	51	60	80	8	17	26	35	44	53	62	71	
73	16	25	34	43	52	61	70	89	7	82	0	19	28	37	46	55	64	74	83	1	10	29	38	47	56	65	75	84	2	11	20	39	48	57	66	76	85	3	12	21	30	49	58	67	77	86	4	13	22	31	40	59	68	78	87	5	14	23	32	41	50	69	79	88	6	15	24	33	42	51	60	80	8	17	26	35	44	53	62	71	72	81	9	18	27	36	45	54	63	
74	25	34	43	52	61	70	89	7	16	83	1	10	29	38	47	56	65	75	84	2	11	20	39	48	57	66	76	85	3	12	21	30	49	58	67	77	86	4	13	22	31	40	59	68	78	87	5	14	23	32	41	50	69	79	88	6	15	24	33	42	51	60	80	8	17	26	35	44	53	62	71	72	81	9	18	27	36	45	54	63	73	82	0	19	28	37	46	55	64	
75	34	43	52	61	70	89	7	16	25	84	2	11	20	39	48	57	66	76	85	3	12	21	30	49	58	67	77	86	4	13	22	31	40	59	68	78	87	5	14	23	32	41	50	69	79	88	6	15	24	33	42	51	60	80	8	17	26	35	44	53	62	71	72	81	9	18	27	36	45	54	63	73	82	0	19	28	37	46	55	64	74	83	1	10	29	38	47	56	65	
76	43	52	61	70	89	7	16	25	34	85	3	12	21	30	49	58	67	77	86	4	13	22	31	40	59	68	78	87	5	14	23	32	41	50	69	79	88	6	15	24	33	42	51	60	80	8	17	26	35	44	53	62	71	72	81	9	18	27	36	45	54	63	73	82	0	19	28	37	46	55	64	74	83	1	10	29	38	47	56	65	75	84	2	11	20	39	48	57	66	
77	52	61	70	89	7	16	25	34	43	86	4	13	22	31	40	59	68	78	87	5	14	23	32	41	50	69	79	88	6	15	24	33	42	51	60	80	8	17	26	35	44	53	62	71	72	81	9	18	27	36	45	54	63	73	82	0	19	28	37	46	55	64	74	83	1	10	29	38	47	56	65	75	84	2	11	20	39	48	57	66	76	85	3	12	21	30	49	58	67	
78	61	70	89	7	16	25	34	43	52	87	5	14	23	32	41	50	69	79	88	6	15	24	33	42	51	60	80	8	17	26	35	44	53	62	71	72	81	9	18	27	36	45	54	63	73	82	0	19	28	37	46	55	64	74	83	1	10	29	38	47	56	65	75	84	2	11	20	39	48	57	66	76	85	3	12	21	30	49	58	67	77	86	4	13	22	31	40	59	68	
79	70	89	7	16	25	34	43	52	61	88	6	15	24	33	42	51	60	80	8	17	26	35	44	53	62	71	72	81	9	18	27	36	45	54	63	73	82	0	19	28	37	46	55	64	74	83	1	10	29	38	47	56	65	75	84	2	11	20	39	48	57	66	76	85	3	12	21	30	49	58	67	77	86	4	13	22	31	40	59	68	78	87	5	14	23	32	41	50	69	
80	89	7	16	25	34	43	52	61	70	8	17	26	35	44	53	62	71	72	81	9	18	27	36	45	54	63	73	82	0	19	28	37	46	55	64	74	83	1	10	29	38	47	56	65	75	84	2	11	20	39	48	57	66	76	85	3	12	21	30	49	58	67	77	86	4	13	22	31	40	59	68	78	87	5	14	23	32	41	50	69	79	88	6	15	24	33	42	51	60	
81	8	17	26	35	44	53	62	71	80	9	18	27	36	45	54	63	72	82	0	19	28	37	46	55	64	73	83	1	10	29	38	47	56	65	74	84	2	11	20	39	48	57	66	75	85	3	12	21	30	49	58	67	76	86	4	13	22	31	40	59	68	77	87	5	14	23	32	41	50	69	78	88	6	15	24	33	42	51	60	79	89	7	16	25	34	43	52	61	70	
82	17	26	35	44	53	62	71	80	8	0	19	28	37	46	55	64	73	83	1	10	29	38	47	56	65	74	84	2	11	20	39	48	57	66	75	85	3	12	21	30	49	58	67	76	86	4	13	22	31	40	59	68	77	87	5	14	23	32	41	50	69	78	88	6	15	24	33	42	51	60	79	89	7	16	25	34	43	52	61	70	81	9	18	27	36	45	54	63	72	
83	26	35	44	53	62	71	80	8	17	1	10	29	38	47	56	65	74	84	2	11	20	39	48	57	66	75	85	3	12	21	30	49	58	67	76	86	4	13	22	31	40	59	68	77	87	5	14	23	32	41	50	69	78	88	6	15	24	33	42	51	60	79	89	7	16	25	34	43	52	61	70	81	9	18	27	36	45	54	63	72	82	0	19	28	37	46	55	64	73	
84	35	44	53	62	71	80	8	17	26	2	11	20	39	48	57	66	75	85	3	12	21	30	49	58	67	76	86	4	13	22	31	40	59	68	77	87	5	14	23	32	41	50	69	78	88	6	15	24	33	42	51	60	79	89	7	16	25	34	43	52	61	70	81	9	18	27	36	45	54	63	72	82	0	19	28	37	46	55	64	73	83	1	10	29	38	47	56	65	74	
85	44	53	62	71	80	8	17	26	35	3	12	21	30	49	58	67	76	86	4	13	22	31	40	59	68	77	87	5	14	23	32	41	50	69	78	88	6	15	24	33	42	51	60	79	89	7	16	25	34	43	52	61	70	81	9	18	27	36	45	54	63	72	82	0	19	28	37	46	55	64	73	83	1	10	29	38	47	56	65	74	84	2	11	20	39	48	57	66	75	
86	53	62	71	80	8	17	26	35	44	4	13	22	31	40	59	68	77	87	5	14	23	32	41	50	69	78	88	6	15	24	33	42	51	60	79	89	7	16	25	34	43	52	61	70	81	9	18	27	36	45	54	63	72	82	0	19	28	37	46	55	64	73	83	1	10	29	38	47	56	65	74	84	2	11	20	39	48	57	66	75	85	3	12	21	30	49	58	67	76	
87	62	71	80	8	17	26	35	44	53	5	14	23	32	41	50	69	78	88	6	15	24	33	42	51	60	79	89	7	16	25	34	43	52	61	70	81	9	18	27	36	45	54	63	72	82	0	19	28	37	46	55	64	73	83	1	10	29	38	47	56	65	74	84	2	11	20	39	48	57	66	75	85	3	12	21	30	49	58	67	76	86	4	13	22	31	40	59	68	77	
88	71	80	8	17	26	35	44	53	62	6	15	24	33	42	51	60	79	89	7	16	25	34	43	52	61	70	81	9	18	27	36	45	54	63	72	82	0	19	28	37	46	55	64	73	83	1	10	29	38	47	56	65	74	84	2	11	20	39	48	57	66	75	85	3	12	21	30	49	58	67	76	86	4	13	22	31	40	59	68	77	87	5	14	23	32	41	50	69	78	
89	80	8	17	26	35	44	53	62	71	7	16	25	34	43	52	61	70	81	9	18	27	36	45	54	63	72	82	0	19	28	37	46	55	64	73	83	1	10	29	38	47	56	65	74	84	2	11	20	39	48	57	66	75	85	3	12	21	30	49	58	67	76	86	4	13	22	31	40	59	68	77	87	5	14	23	32	41	50	69	78	88	6	15	24	33	42	51	60	79	
