0:	7 8 9 10 11 12 13 
1:	14 15 16 17 18 19 20 
2:	21 22 23 24 25 26 27 
3:	28 29 30 31 32 33 34 
4:	35 36 37 38 39 40 41 
5:	42 43 44 45 46 47 48 
6:	49 50 51 52 53 54 55 
7:	0 1 2 3 4 5 6 
8:	15 16 17 18 19 20 14 
9:	22 23 24 25 26 27 21 
10:	29 30 31 32 33 34 28 
11:	36 37 38 39 40 41 35 
12:	43 44 45 46 47 48 42 
13:	50 51 52 53 54 55 49 
14:	1 2 3 4 5 6 0 
15:	8 9 10 11 12 13 7 
16:	23 24 25 26 27 21 22 
17:	30 31 32 33 34 28 29 
18:	37 38 39 40 41 35 36 
19:	44 45 46 47 48 42 43 
20:	51 52 53 54 55 49 50 
21:	2 3 4 5 6 0 1 
22:	9 10 11 12 13 7 8 
23:	16 17 18 19 20 14 15 
24:	31 32 33 34 28 29 30 
25:	38 39 40 41 35 36 37 
26:	45 46 47 48 42 43 44 
27:	52 53 54 55 49 50 51 
28:	3 4 5 6 0 1 2 
29:	10 11 12 13 7 8 9 
30:	17 18 19 20 14 15 16 
31:	24 25 26 27 21 22 23 
32:	39 40 41 35 36 37 38 
33:	46 47 48 42 43 44 45 
34:	53 54 55 49 50 51 52 
35:	4 5 6 0 1 2 3 
36:	11 12 13 7 8 9 10 
37:	18 19 20 14 15 16 17 
38:	25 26 27 21 22 23 24 
39:	32 33 34 28 29 30 31 
40:	47 48 42 43 44 45 46 
41:	54 55 49 50 51 52 53 
42:	5 6 0 1 2 3 4 
43:	12 13 7 8 9 10 11 
44:	19 20 14 15 16 17 18 
45:	26 27 21 22 23 24 25 
46:	33 34 28 29 30 31 32 
47:	40 41 35 36 37 38 39 
48:	55 49 50 51 52 53 54 
49:	6 0 1 2 3 4 5 
50:	13 7 8 9 10 11 12 
51:	20 14 15 16 17 18 19 
52:	27 21 22 23 24 25 26 
53:	34 28 29 30 31 32 33 
54:	41 35 36 37 38 39 40 
55:	48 42 43 44 45 46 47 
0	7	8	9	10	11	12	13	1	2	3	4	5	6	15	16	17	18	19	20	14	22	23	24	25	26	27	21	29	30	31	32	33	34	28	36	37	38	39	40	41	35	43	44	45	46	47	48	42	50	51	52	53	54	55	49	
1	14	15	16	17	18	19	20	2	3	4	5	6	0	8	9	10	11	12	13	7	23	24	25	26	27	21	22	30	31	32	33	34	28	29	37	38	39	40	41	35	36	44	45	46	47	48	42	43	51	52	53	54	55	49	50	
2	21	22	23	24	25	26	27	3	4	5	6	0	1	9	10	11	12	13	7	8	16	17	18	19	20	14	15	31	32	33	34	28	29	30	38	39	40	41	35	36	37	45	46	47	48	42	43	44	52	53	54	55	49	50	51	
3	28	29	30	31	32	33	34	4	5	6	0	1	2	10	11	12	13	7	8	9	17	18	19	20	14	15	16	24	25	26	27	21	22	23	39	40	41	35	36	37	38	46	47	48	42	43	44	45	53	54	55	49	50	51	52	
4	35	36	37	38	39	40	41	5	6	0	1	2	3	11	12	13	7	8	9	10	18	19	20	14	15	16	17	25	26	27	21	22	23	24	32	33	34	28	29	30	31	47	48	42	43	44	45	46	54	55	49	50	51	52	53	
5	42	43	44	45	46	47	48	6	0	1	2	3	4	12	13	7	8	9	10	11	19	20	14	15	16	17	18	26	27	21	22	23	24	25	33	34	28	29	30	31	32	40	41	35	36	37	38	39	55	49	50	51	52	53	54	
6	49	50	51	52	53	54	55	0	1	2	3	4	5	13	7	8	9	10	11	12	20	14	15	16	17	18	19	27	21	22	23	24	25	26	34	28	29	30	31	32	33	41	35	36	37	38	39	40	48	42	43	44	45	46	47	
7	0	1	2	3	4	5	6	8	9	10	11	12	13	14	15	16	17	18	19	20	21	22	23	24	25	26	27	28	29	30	31	32	33	34	35	36	37	38	39	40	41	42	43	44	45	46	47	48	49	50	51	52	53	54	55	
8	15	16	17	18	19	20	14	9	10	11	12	13	7	23	24	25	26	27	21	22	30	31	32	33	34	28	29	37	38	39	40	41	35	36	44	45	46	47	48	42	43	51	52	53	54	55	49	50	1	2	3	4	5	6	0	
9	22	23	24	25	26	27	21	10	11	12	13	7	8	16	17	18	19	20	14	15	31	32	33	34	28	29	30	38	39	40	41	35	36	37	45	46	47	48	42	43	44	52	53	54	55	49	50	51	2	3	4	5	6	0	1	
10	29	30	31	32	33	34	28	11	12	13	7	8	9	17	18	19	20	14	15	16	24	25	26	27	21	22	23	39	40	41	35	36	37	38	46	47	48	42	43	44	45	53	54	55	49	50	51	52	3	4	5	6	0	1	2	
11	36	37	38	39	40	41	35	12	13	7	8	9	10	18	19	20	14	15	16	17	25	26	27	21	22	23	24	32	33	34	28	29	30	31	47	48	42	43	44	45	46	54	55	49	50	51	52	53	4	5	6	0	1	2	3	
12	43	44	45	46	47	48	42	13	7	8	9	10	11	19	20	14	15	16	17	18	26	27	21	22	23	24	25	33	34	28	29	30	31	32	40	41	35	36	37	38	39	55	49	50	51	52	53	54	5	6	0	1	2	3	4	
13	50	51	52	53	54	55	49	7	8	9	10	11	12	20	14	15	16	17	18	19	27	21	22	23	24	25	26	34	28	29	30	31	32	33	41	35	36	37	38	39	40	48	42	43	44	45	46	47	6	0	1	2	3	4	5	
14	1	2	3	4	5	6	0	15	16	17	18	19	20	21	22	23	24	25	26	27	28	29	30	31	32	33	34	35	36	37	38	39	40	41	42	43	44	45	46	47	48	49	50	51	52	53	54	55	7	8	9	10	11	12	13	
15	8	9	10	11	12	13	7	16	17	18	19	20	14	22	23	24	25	26	27	21	29	30	31	32	33	34	28	36	37	38	39	40	41	35	43	44	45	46	47	48	42	50	51	52	53	54	55	49	0	1	2	3	4	5	6	
16	23	24	25	26	27	21	22	17	18	19	20	14	15	31	32	33	34	28	29	30	38	39	40	41	35	36	37	45	46	47	48	42	43	44	52	53	54	55	49	50	51	2	3	4	5	6	0	1	9	10	11	12	13	7	8	
17	30	31	32	33	34	28	29	18	19	20	14	15	16	24	25	26	27	21	22	23	39	40	41	35	36	37	38	46	47	48	42	43	44	45	53	54	55	49	50	51	52	3	4	5	6	0	1	2	10	11	12	13	7	8	9	
18	37	38	39	40	41	35	36	19	20	14	15	16	17	25	26	27	21	22	23	24	32	33	34	28	29	30	31	47	48	42	43	44	45	46	54	55	49	50	51	52	53	4	5	6	0	1	2	3	11	12	13	7	8	9	10	
19	44	45	46	47	48	42	43	20	14	15	16	17	18	26	27	21	22	23	24	25	33	34	28	29	30	31	32	40	41	35	36	37	38	39	55	49	50	51	52	53	54	5	6	0	1	2	3	4	12	13	7	8	9	10	11	
20	51	52	53	54	55	49	50	14	15	16	17	18	19	27	21	22	23	24	25	26	34	28	29	30	31	32	33	41	35	36	37	38	39	40	48	42	43	44	45	46	47	6	0	1	2	3	4	5	13	7	8	9	10	11	12	
21	2	3	4	5	6	0	1	22	23	24	25	26	27	28	29	30	31	32	33	34	35	36	37	38	39	40	41	42	43	44	45	46	47	48	49	50	51	52	53	54	55	7	8	9	10	11	12	13	14	15	16	17	18	19	20	
22	9	10	11	12	13	7	8	23	24	25	26	27	21	29	30	31	32	33	34	28	36	37	38	39	40	41	35	43	44	45	46	47	48	42	50	51	52	53	54	55	49	0	1	2	3	4	5	6	15	16	17	18	19	20	14	
23	16	17	18	19	20	14	15	24	25	26	27	21	22	30	31	32	33	34	28	29	37	38	39	40	41	35	36	44	45	46	47	48	42	43	51	52	53	54	55	49	50	1	2	3	4	5	6	0	8	9	10	11	12	13	7	
24	31	32	33	34	28	29	30	25	26	27	21	22	23	39	40	41	35	36	37	38	46	47	48	42	43	44	45	53	54	55	49	50	51	52	3	4	5	6	0	1	2	10	11	12	13	7	8	9	17	18	19	20	14	15	16	
25	38	39	40	41	35	36	37	26	27	21	22	23	24	32	33	34	28	29	30	31	47	48	42	43	44	45	46	54	55	49	50	51	52	53	4	5	6	0	1	2	3	11	12	13	7	8	9	10	18	19	20	14	15	16	17	
26	45	46	47	48	42	43	44	27	21	22	23	24	25	33	34	28	29	30	31	32	40	41	35	36	37	38	39	55	49	50	51	52	53	54	5	6	0	1	2	3	4	12	13	7	8	9	10	11	19	20	14	15	16	17	18	
27	52	53	54	55	49	50	51	21	22	23	24	25	26	34	28	29	30	31	32	33	41	35	36	37	38	39	40	48	42	43	44	45	46	47	6	0	1	2	3	4	5	13	7	8	9	10	11	12	20	14	15	16	17	18	19	
28	3	4	5	6	0	1	2	29	30	31	32	33	34	35	36	37	38	39	40	41	42	43	44	45	46	47	48	49	50	51	52	53	54	55	7	8	9	10	11	12	13	14	15	16	17	18	19	20	21	22	23	24	25	26	27	
29	10	11	12	13	7	8	9	30	31	32	33	34	28	36	37	38	39	40	41	35	43	44	45	46	47	48	42	50	51	52	53	54	55	49	0	1	2	3	4	5	6	15	16	17	18	19	20	14	22	23	24	25	26	27	21	
30	17	18	19	20	14	15	16	31	32	33	34	28	29	37	38	39	40	41	35	36	44	45	46	47	48	42	43	51	52	53	54	55	49	50	1	2	3	4	5	6	0	8	9	10	11	12	13	7	23	24	25	26	27	21	22	
31	24	25	26	27	21	22	23	32	33	34	28	29	30	38	39	40	41	35	36	37	45	46	47	48	42	43	44	52	53	54	55	49	50	51	2	3	4	5	6	0	1	9	10	11	12	13	7	8	16	17	18	19	20	14	15	
32	39	40	41	35	36	37	38	33	34	28	29	30	31	47	48	42	43	44	45	46	54	55	49	50	51	52	53	4	5	6	0	1	2	3	11	12	13	7	8	9	10	18	19	20	14	15	16	17	25	26	27	21	22	23	24	
33	46	47	48	42	43	44	45	34	28	29	30	31	32	40	41	35	36	37	38	39	55	49	50	51	52	53	54	5	6	0	1	2	3	4	12	13	7	8	9	10	11	19	20	14	15	16	17	18	26	27	21	22	23	24	25	
34	53	54	55	49	50	51	52	28	29	30	31	32	33	41	35	36	37	38	39	40	48	42	43	44	45	46	47	6	0	1	2	3	4	5	13	7	8	9	10	11	12	20	14	15	16	17	18	19	27	21	22	23	24	25	26	
35	4	5	6	0	1	2	3	36	37	38	39	40	41	42	43	44	45	46	47	48	49	50	51	52	53	54	55	7	8	9	10	11	12	13	14	15	16	17	18	19	20	21	22	23	24	25	26	27	28	29	30	31	32	33	34	
36	11	12	13	7	8	9	10	37	38	39	40	41	35	43	44	45	46	47	48	42	50	51	52	53	54	55	49	0	1	2	3	4	5	6	15	16	17	18	19	20	14	22	23	24	25	26	27	21	29	30	31	32	33	34	28	
37	18	19	20	14	15	16	17	38	39	40	41	35	36	44	45	46	47	48	42	43	51	52	53	54	55	49	50	1	2	3	4	5	6	0	8	9	10	11	12	13	7	23	24	25	26	27	21	22	30	31	32	33	34	28	29	
38	25	26	27	21	22	23	24	39	40	41	35	36	37	45	46	47	48	42	43	44	52	53	54	55	49	50	51	2	3	4	5	6	0	1	9	10	11	12	13	7	8	16	17	18	19	20	14	15	31	32	33	34	28	29	30	
39	32	33	34	28	29	30	31	40	41	35	36	37	38	46	47	48	42	43	44	45	53	54	55	49	50	51	52	3	4	5	6	0	1	2	10	11	12	13	7	8	9	17	18	19	20	14	15	16	24	25	26	27	21	22	23	
40	47	48	42	43	44	45	46	41	35	36	37	38	39	55	49	50	51	52	53	54	5	6	0	1	2	3	4	12	13	7	8	9	10	11	19	20	14	15	16	17	18	26	27	21	22	23	24	25	33	34	28	29	30	31	32	
41	54	55	49	50	51	52	53	35	36	37	38	39	40	48	42	43	44	45	46	47	6	0	1	2	3	4	5	13	7	8	9	10	11	12	20	14	15	16	17	18	19	27	21	22	23	24	25	26	34	28	29	30	31	32	33	
42	5	6	0	1	2	3	4	43	44	45	46	47	48	49	50	51	52	53	54	55	7	8	9	10	11	12	13	14	15	16	17	18	19	20	21	22	23	24	25	26	27	28	29	30	31	32	33	34	35	36	37	38	39	40	41	
43	12	13	7	8	9	10	11	44	45	46	47	48	42	50	51	52	53	54	55	49	0	1	2	3	4	5	6	15	16	17	18	19	20	14	22	23	24	25	26	27	21	29	30	31	32	33	34	28	36	37	38	39	40	41	35	
44	19	20	14	15	16	17	18	45	46	47	48	42	43	51	52	53	54	55	49	50	1	2	3	4	5	6	0	8	9	10	11	12	13	7	23	24	25	26	27	21	22	30	31	32	33	34	28	29	37	38	39	40	41	35	36	
45	26	27	21	22	23	24	25	46	47	48	42	43	44	52	53	54	55	49	50	51	2	3	4	5	6	0	1	9	10	11	12	13	7	8	16	17	18	19	20	14	15	31	32	33	34	28	29	30	38	39	40	41	35	36	37	
46	33	34	28	29	30	31	32	47	48	42	43	44	45	53	54	55	49	50	51	52	3	4	5	6	0	1	2	10	11	12	13	7	8	9	17	18	19	20	14	15	16	24	25	26	27	21	22	23	39	40	41	35	36	37	38	
47	40	41	35	36	37	38	39	48	42	43	44	45	46	54	55	49	50	51	52	53	4	5	6	0	1	2	3	11	12	13	7	8	9	10	18	19	20	14	15	16	17	25	26	27	21	22	23	24	32	33	34	28	29	30	31	
48	55	49	50	51	52	53	54	42	43	44	45	46	47	6	0	1	2	3	4	5	13	7	8	9	10	11	12	20	14	15	16	17	18	19	27	21	22	23	24	25	26	34	28	29	30	31	32	33	41	35	36	37	38	39	40	
49	6	0	1	2	3	4	5	50	51	52	53	54	55	7	8	9	10	11	12	13	14	15	16	17	18	19	20	21	22	23	24	25	26	27	28	29	30	31	32	33	34	35	36	37	38	39	40	41	42	43	44	45	46	47	48	
50	13	7	8	9	10	11	12	51	52	53	54	55	49	0	1	2	3	4	5	6	15	16	17	18	19	20	14	22	23	24	25	26	27	21	29	30	31	32	33	34	28	36	37	38	39	40	41	35	43	44	45	46	47	48	42	
51	20	14	15	16	17	18	19	52	53	54	55	49	50	1	2	3	4	5	6	0	8	9	10	11	12	13	7	23	24	25	26	27	21	22	30	31	32	33	34	28	29	37	38	39	40	41	35	36	44	45	46	47	48	42	43	
52	27	21	22	23	24	25	26	53	54	55	49	50	51	2	3	4	5	6	0	1	9	10	11	12	13	7	8	16	17	18	19	20	14	15	31	32	33	34	28	29	30	38	39	40	41	35	36	37	45	46	47	48	42	43	44	
53	34	28	29	30	31	32	33	54	55	49	50	51	52	3	4	5	6	0	1	2	10	11	12	13	7	8	9	17	18	19	20	14	15	16	24	25	26	27	21	22	23	39	40	41	35	36	37	38	46	47	48	42	43	44	45	
54	41	35	36	37	38	39	40	55	49	50	51	52	53	4	5	6	0	1	2	3	11	12	13	7	8	9	10	18	19	20	14	15	16	17	25	26	27	21	22	23	24	32	33	34	28	29	30	31	47	48	42	43	44	45	46	
55	48	42	43	44	45	46	47	49	50	51	52	53	54	5	6	0	1	2	3	4	12	13	7	8	9	10	11	19	20	14	15	16	17	18	26	27	21	22	23	24	25	33	34	28	29	30	31	32	40	41	35	36	37	38	39	
