6,6,0,6	7,36,0,36	8,30,0,30	9,24,0,24	10,18,0,18	11,12,0,12	7,36,6,5	8,30,6,4	9,24,6,3	10,18,6,2	11,12,6,1	6,6,36,37	7,36,36,35	8,30,36,41	9,24,36,40	10,18,36,39	11,12,36,38	6,6,30,31	7,36,30,29	8,30,30,28	9,24,30,34	10,18,30,33	11,12,30,32	6,6,24,25	7,36,24,23	8,30,24,22	9,24,24,21	10,18,24,27	11,12,24,26	6,6,18,19	7,36,18,17	8,30,18,16	9,24,18,15	10,18,18,14	11,12,18,20	6,6,12,13	7,36,12,11	8,30,12,10	9,24,12,9	10,18,12,8	11,12,12,7	
12,12,1,12	13,6,1,6	14,36,1,36	15,30,1,30	16,24,1,24	17,18,1,18	13,6,12,0	14,36,12,5	15,30,12,4	16,24,12,3	17,18,12,2	12,12,6,38	13,6,6,37	14,36,6,35	15,30,6,41	16,24,6,40	17,18,6,39	12,12,36,32	13,6,36,31	14,36,36,29	15,30,36,28	16,24,36,34	17,18,36,33	12,12,30,26	13,6,30,25	14,36,30,23	15,30,30,22	16,24,30,21	17,18,30,27	12,12,24,20	13,6,24,19	14,36,24,17	15,30,24,16	16,24,24,15	17,18,24,14	12,12,18,7	13,6,18,13	14,36,18,11	15,30,18,10	16,24,18,9	17,18,18,8	
18,18,2,18	19,12,2,12	20,6,2,6	21,36,2,36	22,30,2,30	23,24,2,24	19,12,18,1	20,6,18,0	21,36,18,5	22,30,18,4	23,24,18,3	18,18,12,39	19,12,12,38	20,6,12,37	21,36,12,35	22,30,12,41	23,24,12,40	18,18,6,33	19,12,6,32	20,6,6,31	21,36,6,29	22,30,6,28	23,24,6,34	18,18,36,27	19,12,36,26	20,6,36,25	21,36,36,23	22,30,36,22	23,24,36,21	18,18,30,14	19,12,30,20	20,6,30,19	21,36,30,17	22,30,30,16	23,24,30,15	18,18,24,8	19,12,24,7	20,6,24,13	21,36,24,11	22,30,24,10	23,24,24,9	
24,24,3,24	25,18,3,18	26,12,3,12	27,6,3,6	28,36,3,36	29,30,3,30	25,18,24,2	26,12,24,1	27,6,24,0	28,36,24,5	29,30,24,4	24,24,18,40	25,18,18,39	26,12,18,38	27,6,18,37	28,36,18,35	29,30,18,41	24,24,12,34	25,18,12,33	26,12,12,32	27,6,12,31	28,36,12,29	29,30,12,28	24,24,6,21	25,18,6,27	26,12,6,26	27,6,6,25	28,36,6,23	29,30,6,22	24,24,36,15	25,18,36,14	26,12,36,20	27,6,36,19	28,36,36,17	29,30,36,16	24,24,30,9	25,18,30,8	26,12,30,7	27,6,30,13	28,36,30,11	29,30,30,10	
30,30,4,30	31,24,4,24	32,18,4,18	33,12,4,12	34,6,4,6	35,36,4,36	31,24,30,3	32,18,30,2	33,12,30,1	34,6,30,0	35,36,30,5	30,30,24,41	31,24,24,40	32,18,24,39	33,12,24,38	34,6,24,37	35,36,24,35	30,30,18,28	31,24,18,34	32,18,18,33	33,12,18,32	34,6,18,31	35,36,18,29	30,30,12,22	31,24,12,21	32,18,12,27	33,12,12,26	34,6,12,25	35,36,12,23	30,30,6,16	31,24,6,15	32,18,6,14	33,12,6,20	34,6,6,19	35,36,6,17	30,30,36,10	31,24,36,9	32,18,36,8	33,12,36,7	34,6,36,13	35,36,36,11	
36,36,5,36	37,30,5,30	38,24,5,24	39,18,5,18	40,12,5,12	41,6,5,6	37,30,36,4	38,24,36,3	39,18,36,2	40,12,36,1	41,6,36,0	36,36,30,35	37,30,30,41	38,24,30,40	39,18,30,39	40,12,30,38	41,6,30,37	36,36,24,29	37,30,24,28	38,24,24,34	39,18,24,33	40,12,24,32	41,6,24,31	36,36,18,23	37,30,18,22	38,24,18,21	39,18,18,27	40,12,18,26	41,6,18,25	36,36,12,17	37,30,12,16	38,24,12,15	39,18,12,14	40,12,12,20	41,6,12,19	36,36,6,11	37,30,6,10	38,24,6,9	39,18,6,8	40,12,6,7	41,6,6,13	
0,0,6,0	1,37,6,37	2,31,6,31	3,25,6,25	4,19,6,19	5,13,6,13	1,37,0,11	2,31,0,10	3,25,0,9	4,19,0,8	5,13,0,7	0,0,37,36	1,37,37,5	2,31,37,4	3,25,37,3	4,19,37,2	5,13,37,1	0,0,31,30	1,37,31,35	2,31,31,41	3,25,31,40	4,19,31,39	5,13,31,38	0,0,25,24	1,37,25,29	2,31,25,28	3,25,25,34	4,19,25,33	5,13,25,32	0,0,19,18	1,37,19,23	2,31,19,22	3,25,19,21	4,19,19,27	5,13,19,26	0,0,13,12	1,37,13,17	2,31,13,16	3,25,13,15	4,19,13,14	5,13,13,20	
13,13,7,13	14,0,7,0	15,37,7,37	16,31,7,31	17,25,7,25	12,19,7,19	14,0,13,6	15,37,13,11	16,31,13,10	17,25,13,9	12,19,13,8	13,13,0,1	14,0,0,36	15,37,0,5	16,31,0,4	17,25,0,3	12,19,0,2	13,13,37,38	14,0,37,30	15,37,37,35	16,31,37,41	17,25,37,40	12,19,37,39	13,13,31,32	14,0,31,24	15,37,31,29	16,31,31,28	17,25,31,34	12,19,31,33	13,13,25,26	14,0,25,18	15,37,25,23	16,31,25,22	17,25,25,21	12,19,25,27	13,13,19,20	14,0,19,12	15,37,19,17	16,31,19,16	17,25,19,15	12,19,19,14	
19,19,8,19	20,13,8,13	21,0,8,0	22,37,8,37	23,31,8,31	18,25,8,25	20,13,19,7	21,0,19,6	22,37,19,11	23,31,19,10	18,25,19,9	19,19,13,2	20,13,13,1	21,0,13,36	22,37,13,5	23,31,13,4	18,25,13,3	19,19,0,39	20,13,0,38	21,0,0,30	22,37,0,35	23,31,0,41	18,25,0,40	19,19,37,33	20,13,37,32	21,0,37,24	22,37,37,29	23,31,37,28	18,25,37,34	19,19,31,27	20,13,31,26	21,0,31,18	22,37,31,23	23,31,31,22	18,25,31,21	19,19,25,14	20,13,25,20	21,0,25,12	22,37,25,17	23,31,25,16	18,25,25,15	
25,25,9,25	26,19,9,19	27,13,9,13	28,0,9,0	29,37,9,37	24,31,9,31	26,19,25,8	27,13,25,7	28,0,25,6	29,37,25,11	24,31,25,10	25,25,19,3	26,19,19,2	27,13,19,1	28,0,19,36	29,37,19,5	24,31,19,4	25,25,13,40	26,19,13,39	27,13,13,38	28,0,13,30	29,37,13,35	24,31,13,41	25,25,0,34	26,19,0,33	27,13,0,32	28,0,0,24	29,37,0,29	24,31,0,28	25,25,37,21	26,19,37,27	27,13,37,26	28,0,37,18	29,37,37,23	24,31,37,22	25,25,31,15	26,19,31,14	27,13,31,20	28,0,31,12	29,37,31,17	24,31,31,16	
31,31,10,31	32,25,10,25	33,19,10,19	34,13,10,13	35,0,10,0	30,37,10,37	32,25,31,9	33,19,31,8	34,13,31,7	35,0,31,6	30,37,31,11	31,31,25,4	32,25,25,3	33,19,25,2	34,13,25,1	35,0,25,36	30,37,25,5	31,31,19,41	32,25,19,40	33,19,19,39	34,13,19,38	35,0,19,30	30,37,19,35	31,31,13,28	32,25,13,34	33,19,13,33	34,13,13,32	35,0,13,24	30,37,13,29	31,31,0,22	32,25,0,21	33,19,0,27	34,13,0,26	35,0,0,18	30,37,0,23	31,31,37,16	32,25,37,15	33,19,37,14	34,13,37,20	35,0,37,12	30,37,37,17	
37,37,11,37	38,31,11,31	39,25,11,25	40,19,11,19	41,13,11,13	36,0,11,0	38,31,37,10	39,25,37,9	40,19,37,8	41,13,37,7	36,0,37,6	37,37,31,5	38,31,31,4	39,25,31,3	40,19,31,2	41,13,31,1	36,0,31,36	37,37,25,35	38,31,25,41	39,25,25,40	40,19,25,39	41,13,25,38	36,0,25,30	37,37,19,29	38,31,19,28	39,25,19,34	40,19,19,33	41,13,19,32	36,0,19,24	37,37,13,23	38,31,13,22	39,25,13,21	40,19,13,27	41,13,13,26	36,0,13,18	37,37,0,17	38,31,0,16	39,25,0,15	40,19,0,14	41,13,0,20	36,0,0,12	
1,1,12,1	2,38,12,38	3,32,12,32	4,26,12,26	5,20,12,20	0,7,12,7	2,38,1,17	3,32,1,16	4,26,1,15	5,20,1,14	0,7,1,13	1,1,38,6	2,38,38,11	3,32,38,10	4,26,38,9	5,20,38,8	0,7,38,0	1,1,32,36	2,38,32,5	3,32,32,4	4,26,32,3	5,20,32,2	0,7,32,37	1,1,26,30	2,38,26,35	3,32,26,41	4,26,26,40	5,20,26,39	0,7,26,31	1,1,20,24	2,38,20,29	3,32,20,28	4,26,20,34	5,20,20,33	0,7,20,25	1,1,7,18	2,38,7,23	3,32,7,22	4,26,7,21	5,20,7,27	0,7,7,19	
7,7,13,7	8,1,13,1	9,38,13,38	10,32,13,32	11,26,13,26	6,20,13,20	8,1,7,12	9,38,7,17	10,32,7,16	11,26,7,15	6,20,7,14	7,7,1,0	8,1,1,6	9,38,1,11	10,32,1,10	11,26,1,9	6,20,1,8	7,7,38,37	8,1,38,36	9,38,38,5	10,32,38,4	11,26,38,3	6,20,38,2	7,7,32,31	8,1,32,30	9,38,32,35	10,32,32,41	11,26,32,40	6,20,32,39	7,7,26,25	8,1,26,24	9,38,26,29	10,32,26,28	11,26,26,34	6,20,26,33	7,7,20,19	8,1,20,18	9,38,20,23	10,32,20,22	11,26,20,21	6,20,20,27	
20,20,14,20	21,7,14,7	22,1,14,1	23,38,14,38	18,32,14,32	19,26,14,26	21,7,20,13	22,1,20,12	23,38,20,17	18,32,20,16	19,26,20,15	20,20,7,8	21,7,7,0	22,1,7,6	23,38,7,11	18,32,7,10	19,26,7,9	20,20,1,2	21,7,1,37	22,1,1,36	23,38,1,5	18,32,1,4	19,26,1,3	20,20,38,39	21,7,38,31	22,1,38,30	23,38,38,35	18,32,38,41	19,26,38,40	20,20,32,33	21,7,32,25	22,1,32,24	23,38,32,29	18,32,32,28	19,26,32,34	20,20,26,27	21,7,26,19	22,1,26,18	23,38,26,23	18,32,26,22	19,26,26,21	
26,26,15,26	27,20,15,20	28,7,15,7	29,1,15,1	24,38,15,38	25,32,15,32	27,20,26,14	28,7,26,13	29,1,26,12	24,38,26,17	25,32,26,16	26,26,20,9	27,20,20,8	28,7,20,0	29,1,20,6	24,38,20,11	25,32,20,10	26,26,7,3	27,20,7,2	28,7,7,37	29,1,7,36	24,38,7,5	25,32,7,4	26,26,1,40	27,20,1,39	28,7,1,31	29,1,1,30	24,38,1,35	25,32,1,41	26,26,38,34	27,20,38,33	28,7,38,25	29,1,38,24	24,38,38,29	25,32,38,28	26,26,32,21	27,20,32,27	28,7,32,19	29,1,32,18	24,38,32,23	25,32,32,22	
32,32,16,32	33,26,16,26	34,20,16,20	35,7,16,7	30,1,16,1	31,38,16,38	33,26,32,15	34,20,32,14	35,7,32,13	30,1,32,12	31,38,32,17	32,32,26,10	33,26,26,9	34,20,26,8	35,7,26,0	30,1,26,6	31,38,26,11	32,32,20,4	33,26,20,3	34,20,20,2	35,7,20,37	30,1,20,36	31,38,20,5	32,32,7,41	33,26,7,40	34,20,7,39	35,7,7,31	30,1,7,30	31,38,7,35	32,32,1,28	33,26,1,34	34,20,1,33	35,7,1,25	30,1,1,24	31,38,1,29	32,32,38,22	33,26,38,21	34,20,38,27	35,7,38,19	30,1,38,18	31,38,38,23	
38,38,17,38	39,32,17,32	40,26,17,26	41,20,17,20	36,7,17,7	37,1,17,1	39,32,38,16	40,26,38,15	41,20,38,14	36,7,38,13	37,1,38,12	38,38,32,11	39,32,32,10	40,26,32,9	41,20,32,8	36,7,32,0	37,1,32,6	38,38,26,5	39,32,26,4	40,26,26,3	41,20,26,2	36,7,26,37	37,1,26,36	38,38,20,35	39,32,20,41	40,26,20,40	41,20,20,39	36,7,20,31	37,1,20,30	38,38,7,29	39,32,7,28	40,26,7,34	41,20,7,33	36,7,7,25	37,1,7,24	38,38,1,23	39,32,1,22	40,26,1,21	41,20,1,27	36,7,1,19	37,1,1,18	
2,2,18,2	3,39,18,39	4,33,18,33	5,27,18,27	0,14,18,14	1,8,18,8	3,39,2,23	4,33,2,22	5,27,2,21	0,14,2,20	1,8,2,19	2,2,39,12	3,39,39,17	4,33,39,16	5,27,39,15	0,14,39,7	1,8,39,13	2,2,33,6	3,39,33,11	4,33,33,10	5,27,33,9	0,14,33,1	1,8,33,0	2,2,27,36	3,39,27,5	4,33,27,4	5,27,27,3	0,14,27,38	1,8,27,37	2,2,14,30	3,39,14,35	4,33,14,41	5,27,14,40	0,14,14,32	1,8,14,31	2,2,8,24	3,39,8,29	4,33,8,28	5,27,8,34	0,14,8,26	1,8,8,25	
8,8,19,8	9,2,19,2	10,39,19,39	11,33,19,33	6,27,19,27	7,14,19,14	9,2,8,18	10,39,8,23	11,33,8,22	6,27,8,21	7,14,8,20	8,8,2,13	9,2,2,12	10,39,2,17	11,33,2,16	6,27,2,15	7,14,2,7	8,8,39,0	9,2,39,6	10,39,39,11	11,33,39,10	6,27,39,9	7,14,39,1	8,8,33,37	9,2,33,36	10,39,33,5	11,33,33,4	6,27,33,3	7,14,33,38	8,8,27,31	9,2,27,30	10,39,27,35	11,33,27,41	6,27,27,40	7,14,27,32	8,8,14,25	9,2,14,24	10,39,14,29	11,33,14,28	6,27,14,34	7,14,14,26	
14,14,20,14	15,8,20,8	16,2,20,2	17,39,20,39	12,33,20,33	13,27,20,27	15,8,14,19	16,2,14,18	17,39,14,23	12,33,14,22	13,27,14,21	14,14,8,7	15,8,8,13	16,2,8,12	17,39,8,17	12,33,8,16	13,27,8,15	14,14,2,1	15,8,2,0	16,2,2,6	17,39,2,11	12,33,2,10	13,27,2,9	14,14,39,38	15,8,39,37	16,2,39,36	17,39,39,5	12,33,39,4	13,27,39,3	14,14,33,32	15,8,33,31	16,2,33,30	17,39,33,35	12,33,33,41	13,27,33,40	14,14,27,26	15,8,27,25	16,2,27,24	17,39,27,29	12,33,27,28	13,27,27,34	
27,27,21,27	28,14,21,14	29,8,21,8	24,2,21,2	25,39,21,39	26,33,21,33	28,14,27,20	29,8,27,19	24,2,27,18	25,39,27,23	26,33,27,22	27,27,14,15	28,14,14,7	29,8,14,13	24,2,14,12	25,39,14,17	26,33,14,16	27,27,8,9	28,14,8,1	29,8,8,0	24,2,8,6	25,39,8,11	26,33,8,10	27,27,2,3	28,14,2,38	29,8,2,37	24,2,2,36	25,39,2,5	26,33,2,4	27,27,39,40	28,14,39,32	29,8,39,31	24,2,39,30	25,39,39,35	26,33,39,41	27,27,33,34	28,14,33,26	29,8,33,25	24,2,33,24	25,39,33,29	26,33,33,28	
33,33,22,33	34,27,22,27	35,14,22,14	30,8,22,8	31,2,22,2	32,39,22,39	34,27,33,21	35,14,33,20	30,8,33,19	31,2,33,18	32,39,33,23	33,33,27,16	34,27,27,15	35,14,27,7	30,8,27,13	31,2,27,12	32,39,27,17	33,33,14,10	34,27,14,9	35,14,14,1	30,8,14,0	31,2,14,6	32,39,14,11	33,33,8,4	34,27,8,3	35,14,8,38	30,8,8,37	31,2,8,36	32,39,8,5	33,33,2,41	34,27,2,40	35,14,2,32	30,8,2,31	31,2,2,30	32,39,2,35	33,33,39,28	34,27,39,34	35,14,39,26	30,8,39,25	31,2,39,24	32,39,39,29	
39,39,23,39	40,33,23,33	41,27,23,27	36,14,23,14	37,8,23,8	38,2,23,2	40,33,39,22	41,27,39,21	36,14,39,20	37,8,39,19	38,2,39,18	39,39,33,17	40,33,33,16	41,27,33,15	36,14,33,7	37,8,33,13	38,2,33,12	39,39,27,11	40,33,27,10	41,27,27,9	36,14,27,1	37,8,27,0	38,2,27,6	39,39,14,5	40,33,14,4	41,27,14,3	36,14,14,38	37,8,14,37	38,2,14,36	39,39,8,35	40,33,8,41	41,27,8,40	36,14,8,32	37,8,8,31	38,2,8,30	39,39,2,29	40,33,2,28	41,27,2,34	36,14,2,26	37,8,2,25	38,2,2,24	
3,3,24,3	4,40,24,40	5,34,24,34	0,21,24,21	1,15,24,15	2,9,24,9	4,40,3,29	5,34,3,28	0,21,3,27	1,15,3,26	2,9,3,25	3,3,40,18	4,40,40,23	5,34,40,22	0,21,40,14	1,15,40,20	2,9,40,19	3,3,34,12	4,40,34,17	5,34,34,16	0,21,34,8	1,15,34,7	2,9,34,13	3,3,21,6	4,40,21,11	5,34,21,10	0,21,21,2	1,15,21,1	2,9,21,0	3,3,15,36	4,40,15,5	5,34,15,4	0,21,15,39	1,15,15,38	2,9,15,37	3,3,9,30	4,40,9,35	5,34,9,41	0,21,9,33	1,15,9,32	2,9,9,31	
9,9,25,9	10,3,25,3	11,40,25,40	6,34,25,34	7,21,25,21	8,15,25,15	10,3,9,24	11,40,9,29	6,34,9,28	7,21,9,27	8,15,9,26	9,9,3,19	10,3,3,18	11,40,3,23	6,34,3,22	7,21,3,14	8,15,3,20	9,9,40,13	10,3,40,12	11,40,40,17	6,34,40,16	7,21,40,8	8,15,40,7	9,9,34,0	10,3,34,6	11,40,34,11	6,34,34,10	7,21,34,2	8,15,34,1	9,9,21,37	10,3,21,36	11,40,21,5	6,34,21,4	7,21,21,39	8,15,21,38	9,9,15,31	10,3,15,30	11,40,15,35	6,34,15,41	7,21,15,33	8,15,15,32	
15,15,26,15	16,9,26,9	17,3,26,3	12,40,26,40	13,34,26,34	14,21,26,21	16,9,15,25	17,3,15,24	12,40,15,29	13,34,15,28	14,21,15,27	15,15,9,20	16,9,9,19	17,3,9,18	12,40,9,23	13,34,9,22	14,21,9,14	15,15,3,7	16,9,3,13	17,3,3,12	12,40,3,17	13,34,3,16	14,21,3,8	15,15,40,1	16,9,40,0	17,3,40,6	12,40,40,11	13,34,40,10	14,21,40,2	15,15,34,38	16,9,34,37	17,3,34,36	12,40,34,5	13,34,34,4	14,21,34,39	15,15,21,32	16,9,21,31	17,3,21,30	12,40,21,35	13,34,21,41	14,21,21,33	
21,21,27,21	22,15,27,15	23,9,27,9	18,3,27,3	19,40,27,40	20,34,27,34	22,15,21,26	23,9,21,25	18,3,21,24	19,40,21,29	20,34,21,28	21,21,15,14	22,15,15,20	23,9,15,19	18,3,15,18	19,40,15,23	20,34,15,22	21,21,9,8	22,15,9,7	23,9,9,13	18,3,9,12	19,40,9,17	20,34,9,16	21,21,3,2	22,15,3,1	23,9,3,0	18,3,3,6	19,40,3,11	20,34,3,10	21,21,40,39	22,15,40,38	23,9,40,37	18,3,40,36	19,40,40,5	20,34,40,4	21,21,34,33	22,15,34,32	23,9,34,31	18,3,34,30	19,40,34,35	20,34,34,41	
34,34,28,34	35,21,28,21	30,15,28,15	31,9,28,9	32,3,28,3	33,40,28,40	35,21,34,27	30,15,34,26	31,9,34,25	32,3,34,24	33,40,34,29	34,34,21,22	35,21,21,14	30,15,21,20	31,9,21,19	32,3,21,18	33,40,21,23	34,34,15,16	35,21,15,8	30,15,15,7	31,9,15,13	32,3,15,12	33,40,15,17	34,34,9,10	35,21,9,2	30,15,9,1	31,9,9,0	32,3,9,6	33,40,9,11	34,34,3,4	35,21,3,39	30,15,3,38	31,9,3,37	32,3,3,36	33,40,3,5	34,34,40,41	35,21,40,33	30,15,40,32	31,9,40,31	32,3,40,30	33,40,40,35	
40,40,29,40	41,34,29,34	36,21,29,21	37,15,29,15	38,9,29,9	39,3,29,3	41,34,40,28	36,21,40,27	37,15,40,26	38,9,40,25	39,3,40,24	40,40,34,23	41,34,34,22	36,21,34,14	37,15,34,20	38,9,34,19	39,3,34,18	40,40,21,17	41,34,21,16	36,21,21,8	37,15,21,7	38,9,21,13	39,3,21,12	40,40,15,11	41,34,15,10	36,21,15,2	37,15,15,1	38,9,15,0	39,3,15,6	40,40,9,5	41,34,9,4	36,21,9,39	37,15,9,38	38,9,9,37	39,3,9,36	40,40,3,35	41,34,3,41	36,21,3,33	37,15,3,32	38,9,3,31	39,3,3,30	
4,4,30,4	5,41,30,41	0,28,30,28	1,22,30,22	2,16,30,16	3,10,30,10	5,41,4,35	0,28,4,34	1,22,4,33	2,16,4,32	3,10,4,31	4,4,41,24	5,41,41,29	0,28,41,21	1,22,41,27	2,16,41,26	3,10,41,25	4,4,28,18	5,41,28,23	0,28,28,15	1,22,28,14	2,16,28,20	3,10,28,19	4,4,22,12	5,41,22,17	0,28,22,9	1,22,22,8	2,16,22,7	3,10,22,13	4,4,16,6	5,41,16,11	0,28,16,3	1,22,16,2	2,16,16,1	3,10,16,0	4,4,10,36	5,41,10,5	0,28,10,40	1,22,10,39	2,16,10,38	3,10,10,37	
10,10,31,10	11,4,31,4	6,41,31,41	7,28,31,28	8,22,31,22	9,16,31,16	11,4,10,30	6,41,10,35	7,28,10,34	8,22,10,33	9,16,10,32	10,10,4,25	11,4,4,24	6,41,4,29	7,28,4,21	8,22,4,27	9,16,4,26	10,10,41,19	11,4,41,18	6,41,41,23	7,28,41,15	8,22,41,14	9,16,41,20	10,10,28,13	11,4,28,12	6,41,28,17	7,28,28,9	8,22,28,8	9,16,28,7	10,10,22,0	11,4,22,6	6,41,22,11	7,28,22,3	8,22,22,2	9,16,22,1	10,10,16,37	11,4,16,36	6,41,16,5	7,28,16,40	8,22,16,39	9,16,16,38	
16,16,32,16	17,10,32,10	12,4,32,4	13,41,32,41	14,28,32,28	15,22,32,22	17,10,16,31	12,4,16,30	13,41,16,35	14,28,16,34	15,22,16,33	16,16,10,26	17,10,10,25	12,4,10,24	13,41,10,29	14,28,10,21	15,22,10,27	16,16,4,20	17,10,4,19	12,4,4,18	13,41,4,23	14,28,4,15	15,22,4,14	16,16,41,7	17,10,41,13	12,4,41,12	13,41,41,17	14,28,41,9	15,22,41,8	16,16,28,1	17,10,28,0	12,4,28,6	13,41,28,11	14,28,28,3	15,22,28,2	16,16,22,38	17,10,22,37	12,4,22,36	13,41,22,5	14,28,22,40	15,22,22,39	
22,22,33,22	23,16,33,16	18,10,33,10	19,4,33,4	20,41,33,41	21,28,33,28	23,16,22,32	18,10,22,31	19,4,22,30	20,41,22,35	21,28,22,34	22,22,16,27	23,16,16,26	18,10,16,25	19,4,16,24	20,41,16,29	21,28,16,21	22,22,10,14	23,16,10,20	18,10,10,19	19,4,10,18	20,41,10,23	21,28,10,15	22,22,4,8	23,16,4,7	18,10,4,13	19,4,4,12	20,41,4,17	21,28,4,9	22,22,41,2	23,16,41,1	18,10,41,0	19,4,41,6	20,41,41,11	21,28,41,3	22,22,28,39	23,16,28,38	18,10,28,37	19,4,28,36	20,41,28,5	21,28,28,40	
28,28,34,28	29,22,34,22	24,16,34,16	25,10,34,10	26,4,34,4	27,41,34,41	29,22,28,33	24,16,28,32	25,10,28,31	26,4,28,30	27,41,28,35	28,28,22,21	29,22,22,27	24,16,22,26	25,10,22,25	26,4,22,24	27,41,22,29	28,28,16,15	29,22,16,14	24,16,16,20	25,10,16,19	26,4,16,18	27,41,16,23	28,28,10,9	29,22,10,8	24,16,10,7	25,10,10,13	26,4,10,12	27,41,10,17	28,28,4,3	29,22,4,2	24,16,4,1	25,10,4,0	26,4,4,6	27,41,4,11	28,28,41,40	29,22,41,39	24,16,41,38	25,10,41,37	26,4,41,36	27,41,41,5	
41,41,35,41	36,28,35,28	37,22,35,22	38,16,35,16	39,10,35,10	40,4,35,4	36,28,41,34	37,22,41,33	38,16,41,32	39,10,41,31	40,4,41,30	41,41,28,29	36,28,28,21	37,22,28,27	38,16,28,26	39,10,28,25	40,4,28,24	41,41,22,23	36,28,22,15	37,22,22,14	38,16,22,20	39,10,22,19	40,4,22,18	41,41,16,17	36,28,16,9	37,22,16,8	38,16,16,7	39,10,16,13	40,4,16,12	41,41,10,11	36,28,10,3	37,22,10,2	38,16,10,1	39,10,10,0	40,4,10,6	41,41,4,5	36,28,4,40	37,22,4,39	38,16,4,38	39,10,4,37	40,4,4,36	
5,5,36,5	0,35,36,35	1,29,36,29	2,23,36,23	3,17,36,17	4,11,36,11	0,35,5,41	1,29,5,40	2,23,5,39	3,17,5,38	4,11,5,37	5,5,35,30	0,35,35,28	1,29,35,34	2,23,35,33	3,17,35,32	4,11,35,31	5,5,29,24	0,35,29,22	1,29,29,21	2,23,29,27	3,17,29,26	4,11,29,25	5,5,23,18	0,35,23,16	1,29,23,15	2,23,23,14	3,17,23,20	4,11,23,19	5,5,17,12	0,35,17,10	1,29,17,9	2,23,17,8	3,17,17,7	4,11,17,13	5,5,11,6	0,35,11,4	1,29,11,3	2,23,11,2	3,17,11,1	4,11,11,0	
11,11,37,11	6,5,37,5	7,35,37,35	8,29,37,29	9,23,37,23	10,17,37,17	6,5,11,36	7,35,11,41	8,29,11,40	9,23,11,39	10,17,11,38	11,11,5,31	6,5,5,30	7,35,5,28	8,29,5,34	9,23,5,33	10,17,5,32	11,11,35,25	6,5,35,24	7,35,35,22	8,29,35,21	9,23,35,27	10,17,35,26	11,11,29,19	6,5,29,18	7,35,29,16	8,29,29,15	9,23,29,14	10,17,29,20	11,11,23,13	6,5,23,12	7,35,23,10	8,29,23,9	9,23,23,8	10,17,23,7	11,11,17,0	6,5,17,6	7,35,17,4	8,29,17,3	9,23,17,2	10,17,17,1	
17,17,38,17	12,11,38,11	13,5,38,5	14,35,38,35	15,29,38,29	16,23,38,23	12,11,17,37	13,5,17,36	14,35,17,41	15,29,17,40	16,23,17,39	17,17,11,32	12,11,11,31	13,5,11,30	14,35,11,28	15,29,11,34	16,23,11,33	17,17,5,26	12,11,5,25	13,5,5,24	14,35,5,22	15,29,5,21	16,23,5,27	17,17,35,20	12,11,35,19	13,5,35,18	14,35,35,16	15,29,35,15	16,23,35,14	17,17,29,7	12,11,29,13	13,5,29,12	14,35,29,10	15,29,29,9	16,23,29,8	17,17,23,1	12,11,23,0	13,5,23,6	14,35,23,4	15,29,23,3	16,23,23,2	
23,23,39,23	18,17,39,17	19,11,39,11	20,5,39,5	21,35,39,35	22,29,39,29	18,17,23,38	19,11,23,37	20,5,23,36	21,35,23,41	22,29,23,40	23,23,17,33	18,17,17,32	19,11,17,31	20,5,17,30	21,35,17,28	22,29,17,34	23,23,11,27	18,17,11,26	19,11,11,25	20,5,11,24	21,35,11,22	22,29,11,21	23,23,5,14	18,17,5,20	19,11,5,19	20,5,5,18	21,35,5,16	22,29,5,15	23,23,35,8	18,17,35,7	19,11,35,13	20,5,35,12	21,35,35,10	22,29,35,9	23,23,29,2	18,17,29,1	19,11,29,0	20,5,29,6	21,35,29,4	22,29,29,3	
29,29,40,29	24,23,40,23	25,17,40,17	26,11,40,11	27,5,40,5	28,35,40,35	24,23,29,39	25,17,29,38	26,11,29,37	27,5,29,36	28,35,29,41	29,29,23,34	24,23,23,33	25,17,23,32	26,11,23,31	27,5,23,30	28,35,23,28	29,29,17,21	24,23,17,27	25,17,17,26	26,11,17,25	27,5,17,24	28,35,17,22	29,29,11,15	24,23,11,14	25,17,11,20	26,11,11,19	27,5,11,18	28,35,11,16	29,29,5,9	24,23,5,8	25,17,5,7	26,11,5,13	27,5,5,12	28,35,5,10	29,29,35,3	24,23,35,2	25,17,35,1	26,11,35,0	27,5,35,6	28,35,35,4	
35,35,41,35	30,29,41,29	31,23,41,23	32,17,41,17	33,11,41,11	34,5,41,5	30,29,35,40	31,23,35,39	32,17,35,38	33,11,35,37	34,5,35,36	35,35,29,28	30,29,29,34	31,23,29,33	32,17,29,32	33,11,29,31	34,5,29,30	35,35,23,22	30,29,23,21	31,23,23,27	32,17,23,26	33,11,23,25	34,5,23,24	35,35,17,16	30,29,17,15	31,23,17,14	32,17,17,20	33,11,17,19	34,5,17,18	35,35,11,10	30,29,11,9	31,23,11,8	32,17,11,7	33,11,11,13	34,5,11,12	35,35,5,4	30,29,5,3	31,23,5,2	32,17,5,1	33,11,5,0	34,5,5,6	
