0:	11 12 13 14 15 16 17 18 19 20 21 
1:	22 23 24 25 26 27 28 29 30 31 32 
2:	33 34 35 36 37 38 39 40 41 42 43 
3:	44 45 46 47 48 49 50 51 52 53 54 
4:	55 56 57 58 59 60 61 62 63 64 65 
5:	66 67 68 69 70 71 72 73 74 75 76 
6:	77 78 79 80 81 82 83 84 85 86 87 
7:	88 89 90 91 92 93 94 95 96 97 98 
8:	99 100 101 102 103 104 105 106 107 108 109 
9:	110 111 112 113 114 115 116 117 118 119 120 
10:	121 122 123 124 125 126 127 128 129 130 131 
11:	0 1 2 3 4 5 6 7 8 9 10 
12:	23 24 25 26 27 28 29 30 31 32 22 
13:	34 35 36 37 38 39 40 41 42 43 33 
14:	45 46 47 48 49 50 51 52 53 54 44 
15:	56 57 58 59 60 61 62 63 64 65 55 
16:	67 68 69 70 71 72 73 74 75 76 66 
17:	78 79 80 81 82 83 84 85 86 87 77 
18:	89 90 91 92 93 94 95 96 97 98 88 
19:	100 101 102 103 104 105 106 107 108 109 99 
20:	111 112 113 114 115 116 117 118 119 120 110 
21:	122 123 124 125 126 127 128 129 130 131 121 
22:	1 2 3 4 5 6 7 8 9 10 0 
23:	12 13 14 15 16 17 18 19 20 21 11 
24:	35 36 37 38 39 40 41 42 43 33 34 
25:	46 47 48 49 50 51 52 53 54 44 45 
26:	57 58 59 60 61 62 63 64 65 55 56 
27:	68 69 70 71 72 73 74 75 76 66 67 
28:	79 80 81 82 83 84 85 86 87 77 78 
29:	90 91 92 93 94 95 96 97 98 88 89 
30:	101 102 103 104 105 106 107 108 109 99 100 
31:	112 113 114 115 116 117 118 119 120 110 111 
32:	123 124 125 126 127 128 129 130 131 121 122 
33:	2 3 4 5 6 7 8 9 10 0 1 
34:	13 14 15 16 17 18 19 20 21 11 12 
35:	24 25 26 27 28 29 30 31 32 22 23 
36:	47 48 49 50 51 52 53 54 44 45 46 
37:	58 59 60 61 62 63 64 65 55 56 57 
38:	69 70 71 72 73 74 75 76 66 67 68 
39:	80 81 82 83 84 85 86 87 77 78 79 
40:	91 92 93 94 95 96 97 98 88 89 90 
41:	102 103 104 105 106 107 108 109 99 100 101 
42:	113 114 115 116 117 118 119 120 110 111 112 
43:	124 125 126 127 128 129 130 131 121 122 123 
44:	3 4 5 6 7 8 9 10 0 1 2 
45:	14 15 16 17 18 19 20 21 11 12 13 
46:	25 26 27 28 29 30 31 32 22 23 24 
47:	36 37 38 39 40 41 42 43 33 34 35 
48:	59 60 61 62 63 64 65 55 56 57 58 
49:	70 71 72 73 74 75 76 66 67 68 69 
50:	81 82 83 84 85 86 87 77 78 79 80 
51:	92 93 94 95 96 97 98 88 89 90 91 
52:	103 104 105 106 107 108 109 99 100 101 102 
53:	114 115 116 117 118 119 120 110 111 112 113 
54:	125 126 127 128 129 130 131 121 122 123 124 
55:	4 5 6 7 8 9 10 0 1 2 3 
56:	15 16 17 18 19 20 21 11 12 13 14 
57:	26 27 28 29 30 31 32 22 23 24 25 
58:	37 38 39 40 41 42 43 33 34 35 36 
59:	48 49 50 51 52 53 54 44 45 46 47 
60:	71 72 73 74 75 76 66 67 68 69 70 
61:	82 83 84 85 86 87 77 78 79 80 81 
62:	93 94 95 96 97 98 88 89 90 91 92 
63:	104 105 106 107 108 109 99 100 101 102 103 
64:	115 116 117 118 119 120 110 111 112 113 114 
65:	126 127 128 129 130 131 121 122 123 124 125 
66:	5 6 7 8 9 10 0 1 2 3 4 
67:	16 17 18 19 20 21 11 12 13 14 15 
68:	27 28 29 30 31 32 22 23 24 25 26 
69:	38 39 40 41 42 43 33 34 35 36 37 
70:	49 50 51 52 53 54 44 45 46 47 48 
71:	60 61 62 63 64 65 55 56 57 58 59 
72:	83 84 85 86 87 77 78 79 80 81 82 
73:	94 95 96 97 98 88 89 90 91 92 93 
74:	105 106 107 108 109 99 100 101 102 103 104 
75:	116 117 118 119 120 110 111 112 113 114 115 
76:	127 128 129 130 131 121 122 123 124 125 126 
77:	6 7 8 9 10 0 1 2 3 4 5 
78:	17 18 19 20 21 11 12 13 14 15 16 
79:	28 29 30 31 32 22 23 24 25 26 27 
80:	39 40 41 42 43 33 34 35 36 37 38 
81:	50 51 52 53 54 44 45 46 47 48 49 
82:	61 62 63 64 65 55 56 57 58 59 60 
83:	72 73 74 75 76 66 67 68 69 70 71 
84:	95 96 97 98 88 89 90 91 92 93 94 
85:	106 107 108 109 99 100 101 102 103 104 105 
86:	117 118 119 120 110 111 112 113 114 115 116 
87:	128 129 130 131 121 122 123 124 125 126 127 
88:	7 8 9 10 0 1 2 3 4 5 6 
89:	18 19 20 21 11 12 13 14 15 16 17 
90:	29 30 31 32 22 23 24 25 26 27 28 
91:	40 41 42 43 33 34 35 36 37 38 39 
92:	51 52 53 54 44 45 46 47 48 49 50 
93:	62 63 64 65 55 56 57 58 59 60 61 
94:	73 74 75 76 66 67 68 69 70 71 72 
95:	84 85 86 87 77 78 79 80 81 82 83 
96:	107 108 109 99 100 101 102 103 104 105 106 
97:	118 119 120 110 111 112 113 114 115 116 117 
98:	129 130 131 121 122 123 124 125 126 127 128 
99:	8 9 10 0 1 2 3 4 5 6 7 
100:	19 20 21 11 12 13 14 15 16 17 18 
101:	30 31 32 22 23 24 25 26 27 28 29 
102:	41 42 43 33 34 35 36 37 38 39 40 
103:	52 53 54 44 45 46 47 48 49 50 51 
104:	63 64 65 55 56 57 58 59 60 61 62 
105:	74 75 76 66 67 68 69 70 71 72 73 
106:	85 86 87 77 78 79 80 81 82 83 84 
107:	96 97 98 88 89 90 91 92 93 94 95 
108:	119 120 110 111 112 113 114 115 116 117 118 
109:	130 131 121 122 123 124 125 126 127 128 129 
110:	9 10 0 1 2 3 4 5 6 7 8 
111:	20 21 11 12 13 14 15 16 17 18 19 
112:	31 32 22 23 24 25 26 27 28 29 30 
113:	42 43 33 34 35 36 37 38 39 40 41 
114:	53 54 44 45 46 47 48 49 50 51 52 
115:	64 65 55 56 57 58 59 60 61 62 63 
116:	75 76 66 67 68 69 70 71 72 73 74 
117:	86 87 77 78 79 80 81 82 83 84 85 
118:	97 98 88 89 90 91 92 93 94 95 96 
119:	108 109 99 100 101 102 103 104 105 106 107 
120:	131 121 122 123 124 125 126 127 128 129 130 
121:	10 0 1 2 3 4 5 6 7 8 9 
122:	21 11 12 13 14 15 16 17 18 19 20 
123:	32 22 23 24 25 26 27 28 29 30 31 
124:	43 33 34 35 36 37 38 39 40 41 42 
125:	54 44 45 46 47 48 49 50 51 52 53 
126:	65 55 56 57 58 59 60 61 62 63 64 
127:	76 66 67 68 69 70 71 72 73 74 75 
128:	87 77 78 79 80 81 82 83 84 85 86 
129:	98 88 89 90 91 92 93 94 95 96 97 
130:	109 99 100 101 102 103 104 105 106 107 108 
131:	120 110 111 112 113 114 115 116 117 118 119 
0	11	12	13	14	15	16	17	18	19	20	21	1	2	3	4	5	6	7	8	9	10	23	24	25	26	27	28	29	30	31	32	22	34	35	36	37	38	39	40	41	42	43	33	45	46	47	48	49	50	51	52	53	54	44	56	57	58	59	60	61	62	63	64	65	55	67	68	69	70	71	72	73	74	75	76	66	78	79	80	81	82	83	84	85	86	87	77	89	90	91	92	93	94	95	96	97	98	88	100	101	102	103	104	105	106	107	108	109	99	111	112	113	114	115	116	117	118	119	120	110	122	123	124	125	126	127	128	129	130	131	121	
1	22	23	24	25	26	27	28	29	30	31	32	2	3	4	5	6	7	8	9	10	0	12	13	14	15	16	17	18	19	20	21	11	35	36	37	38	39	40	41	42	43	33	34	46	47	48	49	50	51	52	53	54	44	45	57	58	59	60	61	62	63	64	65	55	56	68	69	70	71	72	73	74	75	76	66	67	79	80	81	82	83	84	85	86	87	77	78	90	91	92	93	94	95	96	97	98	88	89	101	102	103	104	105	106	107	108	109	99	100	112	113	114	115	116	117	118	119	120	110	111	123	124	125	126	127	128	129	130	131	121	122	
2	33	34	35	36	37	38	39	40	41	42	43	3	4	5	6	7	8	9	10	0	1	13	14	15	16	17	18	19	20	21	11	12	24	25	26	27	28	29	30	31	32	22	23	47	48	49	50	51	52	53	54	44	45	46	58	59	60	61	62	63	64	65	55	56	57	69	70	71	72	73	74	75	76	66	67	68	80	81	82	83	84	85	86	87	77	78	79	91	92	93	94	95	96	97	98	88	89	90	102	103	104	105	106	107	108	109	99	100	101	113	114	115	116	117	118	119	120	110	111	112	124	125	126	127	128	129	130	131	121	122	123	
3	44	45	46	47	48	49	50	51	52	53	54	4	5	6	7	8	9	10	0	1	2	14	15	16	17	18	19	20	21	11	12	13	25	26	27	28	29	30	31	32	22	23	24	36	37	38	39	40	41	42	43	33	34	35	59	60	61	62	63	64	65	55	56	57	58	70	71	72	73	74	75	76	66	67	68	69	81	82	83	84	85	86	87	77	78	79	80	92	93	94	95	96	97	98	88	89	90	91	103	104	105	106	107	108	109	99	100	101	102	114	115	116	117	118	119	120	110	111	112	113	125	126	127	128	129	130	131	121	122	123	124	
4	55	56	57	58	59	60	61	62	63	64	65	5	6	7	8	9	10	0	1	2	3	15	16	17	18	19	20	21	11	12	13	14	26	27	28	29	30	31	32	22	23	24	25	37	38	39	40	41	42	43	33	34	35	36	48	49	50	51	52	53	54	44	45	46	47	71	72	73	74	75	76	66	67	68	69	70	82	83	84	85	86	87	77	78	79	80	81	93	94	95	96	97	98	88	89	90	91	92	104	105	106	107	108	109	99	100	101	102	103	115	116	117	118	119	120	110	111	112	113	114	126	127	128	129	130	131	121	122	123	124	125	
5	66	67	68	69	70	71	72	73	74	75	76	6	7	8	9	10	0	1	2	3	4	16	17	18	19	20	21	11	12	13	14	15	27	28	29	30	31	32	22	23	24	25	26	38	39	40	41	42	43	33	34	35	36	37	49	50	51	52	53	54	44	45	46	47	48	60	61	62	63	64	65	55	56	57	58	59	83	84	85	86	87	77	78	79	80	81	82	94	95	96	97	98	88	89	90	91	92	93	105	106	107	108	109	99	100	101	102	103	104	116	117	118	119	120	110	111	112	113	114	115	127	128	129	130	131	121	122	123	124	125	126	
6	77	78	79	80	81	82	83	84	85	86	87	7	8	9	10	0	1	2	3	4	5	17	18	19	20	21	11	12	13	14	15	16	28	29	30	31	32	22	23	24	25	26	27	39	40	41	42	43	33	34	35	36	37	38	50	51	52	53	54	44	45	46	47	48	49	61	62	63	64	65	55	56	57	58	59	60	72	73	74	75	76	66	67	68	69	70	71	95	96	97	98	88	89	90	91	92	93	94	106	107	108	109	99	100	101	102	103	104	105	117	118	119	120	110	111	112	113	114	115	116	128	129	130	131	121	122	123	124	125	126	127	
7	88	89	90	91	92	93	94	95	96	97	98	8	9	10	0	1	2	3	4	5	6	18	19	20	21	11	12	13	14	15	16	17	29	30	31	32	22	23	24	25	26	27	28	40	41	42	43	33	34	35	36	37	38	39	51	52	53	54	44	45	46	47	48	49	50	62	63	64	65	55	56	57	58	59	60	61	73	74	75	76	66	67	68	69	70	71	72	84	85	86	87	77	78	79	80	81	82	83	107	108	109	99	100	101	102	103	104	105	106	118	119	120	110	111	112	113	114	115	116	117	129	130	131	121	122	123	124	125	126	127	128	
8	99	100	101	102	103	104	105	106	107	108	109	9	10	0	1	2	3	4	5	6	7	19	20	21	11	12	13	14	15	16	17	18	30	31	32	22	23	24	25	26	27	28	29	41	42	43	33	34	35	36	37	38	39	40	52	53	54	44	45	46	47	48	49	50	51	63	64	65	55	56	57	58	59	60	61	62	74	75	76	66	67	68	69	70	71	72	73	85	86	87	77	78	79	80	81	82	83	84	96	97	98	88	89	90	91	92	93	94	95	119	120	110	111	112	113	114	115	116	117	118	130	131	121	122	123	124	125	126	127	128	129	
9	110	111	112	113	114	115	116	117	118	119	120	10	0	1	2	3	4	5	6	7	8	20	21	11	12	13	14	15	16	17	18	19	31	32	22	23	24	25	26	27	28	29	30	42	43	33	34	35	36	37	38	39	40	41	53	54	44	45	46	47	48	49	50	51	52	64	65	55	56	57	58	59	60	61	62	63	75	76	66	67	68	69	70	71	72	73	74	86	87	77	78	79	80	81	82	83	84	85	97	98	88	89	90	91	92	93	94	95	96	108	109	99	100	101	102	103	104	105	106	107	131	121	122	123	124	125	126	127	128	129	130	
10	121	122	123	124	125	126	127	128	129	130	131	0	1	2	3	4	5	6	7	8	9	21	11	12	13	14	15	16	17	18	19	20	32	22	23	24	25	26	27	28	29	30	31	43	33	34	35	36	37	38	39	40	41	42	54	44	45	46	47	48	49	50	51	52	53	65	55	56	57	58	59	60	61	62	63	64	76	66	67	68	69	70	71	72	73	74	75	87	77	78	79	80	81	82	83	84	85	86	98	88	89	90	91	92	93	94	95	96	97	109	99	100	101	102	103	104	105	106	107	108	120	110	111	112	113	114	115	116	117	118	119	
11	0	1	2	3	4	5	6	7	8	9	10	12	13	14	15	16	17	18	19	20	21	22	23	24	25	26	27	28	29	30	31	32	33	34	35	36	37	38	39	40	41	42	43	44	45	46	47	48	49	50	51	52	53	54	55	56	57	58	59	60	61	62	63	64	65	66	67	68	69	70	71	72	73	74	75	76	77	78	79	80	81	82	83	84	85	86	87	88	89	90	91	92	93	94	95	96	97	98	99	100	101	102	103	104	105	106	107	108	109	110	111	112	113	114	115	116	117	118	119	120	121	122	123	124	125	126	127	128	129	130	131	
12	23	24	25	26	27	28	29	30	31	32	22	13	14	15	16	17	18	19	20	21	11	35	36	37	38	39	40	41	42	43	33	34	46	47	48	49	50	51	52	53	54	44	45	57	58	59	60	61	62	63	64	65	55	56	68	69	70	71	72	73	74	75	76	66	67	79	80	81	82	83	84	85	86	87	77	78	90	91	92	93	94	95	96	97	98	88	89	101	102	103	104	105	106	107	108	109	99	100	112	113	114	115	116	117	118	119	120	110	111	123	124	125	126	127	128	129	130	131	121	122	1	2	3	4	5	6	7	8	9	10	0	
13	34	35	36	37	38	39	40	41	42	43	33	14	15	16	17	18	19	20	21	11	12	24	25	26	27	28	29	30	31	32	22	23	47	48	49	50	51	52	53	54	44	45	46	58	59	60	61	62	63	64	65	55	56	57	69	70	71	72	73	74	75	76	66	67	68	80	81	82	83	84	85	86	87	77	78	79	91	92	93	94	95	96	97	98	88	89	90	102	103	104	105	106	107	108	109	99	100	101	113	114	115	116	117	118	119	120	110	111	112	124	125	126	127	128	129	130	131	121	122	123	2	3	4	5	6	7	8	9	10	0	1	
14	45	46	47	48	49	50	51	52	53	54	44	15	16	17	18	19	20	21	11	12	13	25	26	27	28	29	30	31	32	22	23	24	36	37	38	39	40	41	42	43	33	34	35	59	60	61	62	63	64	65	55	56	57	58	70	71	72	73	74	75	76	66	67	68	69	81	82	83	84	85	86	87	77	78	79	80	92	93	94	95	96	97	98	88	89	90	91	103	104	105	106	107	108	109	99	100	101	102	114	115	116	117	118	119	120	110	111	112	113	125	126	127	128	129	130	131	121	122	123	124	3	4	5	6	7	8	9	10	0	1	2	
15	56	57	58	59	60	61	62	63	64	65	55	16	17	18	19	20	21	11	12	13	14	26	27	28	29	30	31	32	22	23	24	25	37	38	39	40	41	42	43	33	34	35	36	48	49	50	51	52	53	54	44	45	46	47	71	72	73	74	75	76	66	67	68	69	70	82	83	84	85	86	87	77	78	79	80	81	93	94	95	96	97	98	88	89	90	91	92	104	105	106	107	108	109	99	100	101	102	103	115	116	117	118	119	120	110	111	112	113	114	126	127	128	129	130	131	121	122	123	124	125	4	5	6	7	8	9	10	0	1	2	3	
16	67	68	69	70	71	72	73	74	75	76	66	17	18	19	20	21	11	12	13	14	15	27	28	29	30	31	32	22	23	24	25	26	38	39	40	41	42	43	33	34	35	36	37	49	50	51	52	53	54	44	45	46	47	48	60	61	62	63	64	65	55	56	57	58	59	83	84	85	86	87	77	78	79	80	81	82	94	95	96	97	98	88	89	90	91	92	93	105	106	107	108	109	99	100	101	102	103	104	116	117	118	119	120	110	111	112	113	114	115	127	128	129	130	131	121	122	123	124	125	126	5	6	7	8	9	10	0	1	2	3	4	
17	78	79	80	81	82	83	84	85	86	87	77	18	19	20	21	11	12	13	14	15	16	28	29	30	31	32	22	23	24	25	26	27	39	40	41	42	43	33	34	35	36	37	38	50	51	52	53	54	44	45	46	47	48	49	61	62	63	64	65	55	56	57	58	59	60	72	73	74	75	76	66	67	68	69	70	71	95	96	97	98	88	89	90	91	92	93	94	106	107	108	109	99	100	101	102	103	104	105	117	118	119	120	110	111	112	113	114	115	116	128	129	130	131	121	122	123	124	125	126	127	6	7	8	9	10	0	1	2	3	4	5	
18	89	90	91	92	93	94	95	96	97	98	88	19	20	21	11	12	13	14	15	16	17	29	30	31	32	22	23	24	25	26	27	28	40	41	42	43	33	34	35	36	37	38	39	51	52	53	54	44	45	46	47	48	49	50	62	63	64	65	55	56	57	58	59	60	61	73	74	75	76	66	67	68	69	70	71	72	84	85	86	87	77	78	79	80	81	82	83	107	108	109	99	100	101	102	103	104	105	106	118	119	120	110	111	112	113	114	115	116	117	129	130	131	121	122	123	124	125	126	127	128	7	8	9	10	0	1	2	3	4	5	6	
19	100	101	102	103	104	105	106	107	108	109	99	20	21	11	12	13	14	15	16	17	18	30	31	32	22	23	24	25	26	27	28	29	41	42	43	33	34	35	36	37	38	39	40	52	53	54	44	45	46	47	48	49	50	51	63	64	65	55	56	57	58	59	60	61	62	74	75	76	66	67	68	69	70	71	72	73	85	86	87	77	78	79	80	81	82	83	84	96	97	98	88	89	90	91	92	93	94	95	119	120	110	111	112	113	114	115	116	117	118	130	131	121	122	123	124	125	126	127	128	129	8	9	10	0	1	2	3	4	5	6	7	
20	111	112	113	114	115	116	117	118	119	120	110	21	11	12	13	14	15	16	17	18	19	31	32	22	23	24	25	26	27	28	29	30	42	43	33	34	35	36	37	38	39	40	41	53	54	44	45	46	47	48	49	50	51	52	64	65	55	56	57	58	59	60	61	62	63	75	76	66	67	68	69	70	71	72	73	74	86	87	77	78	79	80	81	82	83	84	85	97	98	88	89	90	91	92	93	94	95	96	108	109	99	100	101	102	103	104	105	106	107	131	121	122	123	124	125	126	127	128	129	130	9	10	0	1	2	3	4	5	6	7	8	
21	122	123	124	125	126	127	128	129	130	131	121	11	12	13	14	15	16	17	18	19	20	32	22	23	24	25	26	27	28	29	30	31	43	33	34	35	36	37	38	39	40	41	42	54	44	45	46	47	48	49	50	51	52	53	65	55	56	57	58	59	60	61	62	63	64	76	66	67	68	69	70	71	72	73	74	75	87	77	78	79	80	81	82	83	84	85	86	98	88	89	90	91	92	93	94	95	96	97	109	99	100	101	102	103	104	105	106	107	108	120	110	111	112	113	114	115	116	117	118	119	10	0	1	2	3	4	5	6	7	8	9	
22	1	2	3	4	5	6	7	8	9	10	0	23	24	25	26	27	28	29	30	31	32	33	34	35	36	37	38	39	40	41	42	43	44	45	46	47	48	49	50	51	52	53	54	55	56	57	58	59	60	61	62	63	64	65	66	67	68	69	70	71	72	73	74	75	76	77	78	79	80	81	82	83	84	85	86	87	88	89	90	91	92	93	94	95	96	97	98	99	100	101	102	103	104	105	106	107	108	109	110	111	112	113	114	115	116	117	118	119	120	121	122	123	124	125	126	127	128	129	130	131	11	12	13	14	15	16	17	18	19	20	21	
23	12	13	14	15	16	17	18	19	20	21	11	24	25	26	27	28	29	30	31	32	22	34	35	36	37	38	39	40	41	42	43	33	45	46	47	48	49	50	51	52	53	54	44	56	57	58	59	60	61	62	63	64	65	55	67	68	69	70	71	72	73	74	75	76	66	78	79	80	81	82	83	84	85	86	87	77	89	90	91	92	93	94	95	96	97	98	88	100	101	102	103	104	105	106	107	108	109	99	111	112	113	114	115	116	117	118	119	120	110	122	123	124	125	126	127	128	129	130	131	121	0	1	2	3	4	5	6	7	8	9	10	
24	35	36	37	38	39	40	41	42	43	33	34	25	26	27	28	29	30	31	32	22	23	47	48	49	50	51	52	53	54	44	45	46	58	59	60	61	62	63	64	65	55	56	57	69	70	71	72	73	74	75	76	66	67	68	80	81	82	83	84	85	86	87	77	78	79	91	92	93	94	95	96	97	98	88	89	90	102	103	104	105	106	107	108	109	99	100	101	113	114	115	116	117	118	119	120	110	111	112	124	125	126	127	128	129	130	131	121	122	123	2	3	4	5	6	7	8	9	10	0	1	13	14	15	16	17	18	19	20	21	11	12	
25	46	47	48	49	50	51	52	53	54	44	45	26	27	28	29	30	31	32	22	23	24	36	37	38	39	40	41	42	43	33	34	35	59	60	61	62	63	64	65	55	56	57	58	70	71	72	73	74	75	76	66	67	68	69	81	82	83	84	85	86	87	77	78	79	80	92	93	94	95	96	97	98	88	89	90	91	103	104	105	106	107	108	109	99	100	101	102	114	115	116	117	118	119	120	110	111	112	113	125	126	127	128	129	130	131	121	122	123	124	3	4	5	6	7	8	9	10	0	1	2	14	15	16	17	18	19	20	21	11	12	13	
26	57	58	59	60	61	62	63	64	65	55	56	27	28	29	30	31	32	22	23	24	25	37	38	39	40	41	42	43	33	34	35	36	48	49	50	51	52	53	54	44	45	46	47	71	72	73	74	75	76	66	67	68	69	70	82	83	84	85	86	87	77	78	79	80	81	93	94	95	96	97	98	88	89	90	91	92	104	105	106	107	108	109	99	100	101	102	103	115	116	117	118	119	120	110	111	112	113	114	126	127	128	129	130	131	121	122	123	124	125	4	5	6	7	8	9	10	0	1	2	3	15	16	17	18	19	20	21	11	12	13	14	
27	68	69	70	71	72	73	74	75	76	66	67	28	29	30	31	32	22	23	24	25	26	38	39	40	41	42	43	33	34	35	36	37	49	50	51	52	53	54	44	45	46	47	48	60	61	62	63	64	65	55	56	57	58	59	83	84	85	86	87	77	78	79	80	81	82	94	95	96	97	98	88	89	90	91	92	93	105	106	107	108	109	99	100	101	102	103	104	116	117	118	119	120	110	111	112	113	114	115	127	128	129	130	131	121	122	123	124	125	126	5	6	7	8	9	10	0	1	2	3	4	16	17	18	19	20	21	11	12	13	14	15	
28	79	80	81	82	83	84	85	86	87	77	78	29	30	31	32	22	23	24	25	26	27	39	40	41	42	43	33	34	35	36	37	38	50	51	52	53	54	44	45	46	47	48	49	61	62	63	64	65	55	56	57	58	59	60	72	73	74	75	76	66	67	68	69	70	71	95	96	97	98	88	89	90	91	92	93	94	106	107	108	109	99	100	101	102	103	104	105	117	118	119	120	110	111	112	113	114	115	116	128	129	130	131	121	122	123	124	125	126	127	6	7	8	9	10	0	1	2	3	4	5	17	18	19	20	21	11	12	13	14	15	16	
29	90	91	92	93	94	95	96	97	98	88	89	30	31	32	22	23	24	25	26	27	28	40	41	42	43	33	34	35	36	37	38	39	51	52	53	54	44	45	46	47	48	49	50	62	63	64	65	55	56	57	58	59	60	61	73	74	75	76	66	67	68	69	70	71	72	84	85	86	87	77	78	79	80	81	82	83	107	108	109	99	100	101	102	103	104	105	106	118	119	120	110	111	112	113	114	115	116	117	129	130	131	121	122	123	124	125	126	127	128	7	8	9	10	0	1	2	3	4	5	6	18	19	20	21	11	12	13	14	15	16	17	
30	101	102	103	104	105	106	107	108	109	99	100	31	32	22	23	24	25	26	27	28	29	41	42	43	33	34	35	36	37	38	39	40	52	53	54	44	45	46	47	48	49	50	51	63	64	65	55	56	57	58	59	60	61	62	74	75	76	66	67	68	69	70	71	72	73	85	86	87	77	78	79	80	81	82	83	84	96	97	98	88	89	90	91	92	93	94	95	119	120	110	111	112	113	114	115	116	117	118	130	131	121	122	123	124	125	126	127	128	129	8	9	10	0	1	2	3	4	5	6	7	19	20	21	11	12	13	14	15	16	17	18	
31	112	113	114	115	116	117	118	119	120	110	111	32	22	23	24	25	26	27	28	29	30	42	43	33	34	35	36	37	38	39	40	41	53	54	44	45	46	47	48	49	50	51	52	64	65	55	56	57	58	59	60	61	62	63	75	76	66	67	68	69	70	71	72	73	74	86	87	77	78	79	80	81	82	83	84	85	97	98	88	89	90	91	92	93	94	95	96	108	109	99	100	101	102	103	104	105	106	107	131	121	122	123	124	125	126	127	128	129	130	9	10	0	1	2	3	4	5	6	7	8	20	21	11	12	13	14	15	16	17	18	19	
32	123	124	125	126	127	128	129	130	131	121	122	22	23	24	25	26	27	28	29	30	31	43	33	34	35	36	37	38	39	40	41	42	54	44	45	46	47	48	49	50	51	52	53	65	55	56	57	58	59	60	61	62	63	64	76	66	67	68	69	70	71	72	73	74	75	87	77	78	79	80	81	82	83	84	85	86	98	88	89	90	91	92	93	94	95	96	97	109	99	100	101	102	103	104	105	106	107	108	120	110	111	112	113	114	115	116	117	118	119	10	0	1	2	3	4	5	6	7	8	9	21	11	12	13	14	15	16	17	18	19	20	
33	2	3	4	5	6	7	8	9	10	0	1	34	35	36	37	38	39	40	41	42	43	44	45	46	47	48	49	50	51	52	53	54	55	56	57	58	59	60	61	62	63	64	65	66	67	68	69	70	71	72	73	74	75	76	77	78	79	80	81	82	83	84	85	86	87	88	89	90	91	92	93	94	95	96	97	98	99	100	101	102	103	104	105	106	107	108	109	110	111	112	113	114	115	116	117	118	119	120	121	122	123	124	125	126	127	128	129	130	131	11	12	13	14	15	16	17	18	19	20	21	22	23	24	25	26	27	28	29	30	31	32	
34	13	14	15	16	17	18	19	20	21	11	12	35	36	37	38	39	40	41	42	43	33	45	46	47	48	49	50	51	52	53	54	44	56	57	58	59	60	61	62	63	64	65	55	67	68	69	70	71	72	73	74	75	76	66	78	79	80	81	82	83	84	85	86	87	77	89	90	91	92	93	94	95	96	97	98	88	100	101	102	103	104	105	106	107	108	109	99	111	112	113	114	115	116	117	118	119	120	110	122	123	124	125	126	127	128	129	130	131	121	0	1	2	3	4	5	6	7	8	9	10	23	24	25	26	27	28	29	30	31	32	22	
35	24	25	26	27	28	29	30	31	32	22	23	36	37	38	39	40	41	42	43	33	34	46	47	48	49	50	51	52	53	54	44	45	57	58	59	60	61	62	63	64	65	55	56	68	69	70	71	72	73	74	75	76	66	67	79	80	81	82	83	84	85	86	87	77	78	90	91	92	93	94	95	96	97	98	88	89	101	102	103	104	105	106	107	108	109	99	100	112	113	114	115	116	117	118	119	120	110	111	123	124	125	126	127	128	129	130	131	121	122	1	2	3	4	5	6	7	8	9	10	0	12	13	14	15	16	17	18	19	20	21	11	
36	47	48	49	50	51	52	53	54	44	45	46	37	38	39	40	41	42	43	33	34	35	59	60	61	62	63	64	65	55	56	57	58	70	71	72	73	74	75	76	66	67	68	69	81	82	83	84	85	86	87	77	78	79	80	92	93	94	95	96	97	98	88	89	90	91	103	104	105	106	107	108	109	99	100	101	102	114	115	116	117	118	119	120	110	111	112	113	125	126	127	128	129	130	131	121	122	123	124	3	4	5	6	7	8	9	10	0	1	2	14	15	16	17	18	19	20	21	11	12	13	25	26	27	28	29	30	31	32	22	23	24	
37	58	59	60	61	62	63	64	65	55	56	57	38	39	40	41	42	43	33	34	35	36	48	49	50	51	52	53	54	44	45	46	47	71	72	73	74	75	76	66	67	68	69	70	82	83	84	85	86	87	77	78	79	80	81	93	94	95	96	97	98	88	89	90	91	92	104	105	106	107	108	109	99	100	101	102	103	115	116	117	118	119	120	110	111	112	113	114	126	127	128	129	130	131	121	122	123	124	125	4	5	6	7	8	9	10	0	1	2	3	15	16	17	18	19	20	21	11	12	13	14	26	27	28	29	30	31	32	22	23	24	25	
38	69	70	71	72	73	74	75	76	66	67	68	39	40	41	42	43	33	34	35	36	37	49	50	51	52	53	54	44	45	46	47	48	60	61	62	63	64	65	55	56	57	58	59	83	84	85	86	87	77	78	79	80	81	82	94	95	96	97	98	88	89	90	91	92	93	105	106	107	108	109	99	100	101	102	103	104	116	117	118	119	120	110	111	112	113	114	115	127	128	129	130	131	121	122	123	124	125	126	5	6	7	8	9	10	0	1	2	3	4	16	17	18	19	20	21	11	12	13	14	15	27	28	29	30	31	32	22	23	24	25	26	
39	80	81	82	83	84	85	86	87	77	78	79	40	41	42	43	33	34	35	36	37	38	50	51	52	53	54	44	45	46	47	48	49	61	62	63	64	65	55	56	57	58	59	60	72	73	74	75	76	66	67	68	69	70	71	95	96	97	98	88	89	90	91	92	93	94	106	107	108	109	99	100	101	102	103	104	105	117	118	119	120	110	111	112	113	114	115	116	128	129	130	131	121	122	123	124	125	126	127	6	7	8	9	10	0	1	2	3	4	5	17	18	19	20	21	11	12	13	14	15	16	28	29	30	31	32	22	23	24	25	26	27	
40	91	92	93	94	95	96	97	98	88	89	90	41	42	43	33	34	35	36	37	38	39	51	52	53	54	44	45	46	47	48	49	50	62	63	64	65	55	56	57	58	59	60	61	73	74	75	76	66	67	68	69	70	71	72	84	85	86	87	77	78	79	80	81	82	83	107	108	109	99	100	101	102	103	104	105	106	118	119	120	110	111	112	113	114	115	116	117	129	130	131	121	122	123	124	125	126	127	128	7	8	9	10	0	1	2	3	4	5	6	18	19	20	21	11	12	13	14	15	16	17	29	30	31	32	22	23	24	25	26	27	28	
41	102	103	104	105	106	107	108	109	99	100	101	42	43	33	34	35	36	37	38	39	40	52	53	54	44	45	46	47	48	49	50	51	63	64	65	55	56	57	58	59	60	61	62	74	75	76	66	67	68	69	70	71	72	73	85	86	87	77	78	79	80	81	82	83	84	96	97	98	88	89	90	91	92	93	94	95	119	120	110	111	112	113	114	115	116	117	118	130	131	121	122	123	124	125	126	127	128	129	8	9	10	0	1	2	3	4	5	6	7	19	20	21	11	12	13	14	15	16	17	18	30	31	32	22	23	24	25	26	27	28	29	
42	113	114	115	116	117	118	119	120	110	111	112	43	33	34	35	36	37	38	39	40	41	53	54	44	45	46	47	48	49	50	51	52	64	65	55	56	57	58	59	60	61	62	63	75	76	66	67	68	69	70	71	72	73	74	86	87	77	78	79	80	81	82	83	84	85	97	98	88	89	90	91	92	93	94	95	96	108	109	99	100	101	102	103	104	105	106	107	131	121	122	123	124	125	126	127	128	129	130	9	10	0	1	2	3	4	5	6	7	8	20	21	11	12	13	14	15	16	17	18	19	31	32	22	23	24	25	26	27	28	29	30	
43	124	125	126	127	128	129	130	131	121	122	123	33	34	35	36	37	38	39	40	41	42	54	44	45	46	47	48	49	50	51	52	53	65	55	56	57	58	59	60	61	62	63	64	76	66	67	68	69	70	71	72	73	74	75	87	77	78	79	80	81	82	83	84	85	86	98	88	89	90	91	92	93	94	95	96	97	109	99	100	101	102	103	104	105	106	107	108	120	110	111	112	113	114	115	116	117	118	119	10	0	1	2	3	4	5	6	7	8	9	21	11	12	13	14	15	16	17	18	19	20	32	22	23	24	25	26	27	28	29	30	31	
44	3	4	5	6	7	8	9	10	0	1	2	45	46	47	48	49	50	51	52	53	54	55	56	57	58	59	60	61	62	63	64	65	66	67	68	69	70	71	72	73	74	75	76	77	78	79	80	81	82	83	84	85	86	87	88	89	90	91	92	93	94	95	96	97	98	99	100	101	102	103	104	105	106	107	108	109	110	111	112	113	114	115	116	117	118	119	120	121	122	123	124	125	126	127	128	129	130	131	11	12	13	14	15	16	17	18	19	20	21	22	23	24	25	26	27	28	29	30	31	32	33	34	35	36	37	38	39	40	41	42	43	
45	14	15	16	17	18	19	20	21	11	12	13	46	47	48	49	50	51	52	53	54	44	56	57	58	59	60	61	62	63	64	65	55	67	68	69	70	71	72	73	74	75	76	66	78	79	80	81	82	83	84	85	86	87	77	89	90	91	92	93	94	95	96	97	98	88	100	101	102	103	104	105	106	107	108	109	99	111	112	113	114	115	116	117	118	119	120	110	122	123	124	125	126	127	128	129	130	131	121	0	1	2	3	4	5	6	7	8	9	10	23	24	25	26	27	28	29	30	31	32	22	34	35	36	37	38	39	40	41	42	43	33	
46	25	26	27	28	29	30	31	32	22	23	24	47	48	49	50	51	52	53	54	44	45	57	58	59	60	61	62	63	64	65	55	56	68	69	70	71	72	73	74	75	76	66	67	79	80	81	82	83	84	85	86	87	77	78	90	91	92	93	94	95	96	97	98	88	89	101	102	103	104	105	106	107	108	109	99	100	112	113	114	115	116	117	118	119	120	110	111	123	124	125	126	127	128	129	130	131	121	122	1	2	3	4	5	6	7	8	9	10	0	12	13	14	15	16	17	18	19	20	21	11	35	36	37	38	39	40	41	42	43	33	34	
47	36	37	38	39	40	41	42	43	33	34	35	48	49	50	51	52	53	54	44	45	46	58	59	60	61	62	63	64	65	55	56	57	69	70	71	72	73	74	75	76	66	67	68	80	81	82	83	84	85	86	87	77	78	79	91	92	93	94	95	96	97	98	88	89	90	102	103	104	105	106	107	108	109	99	100	101	113	114	115	116	117	118	119	120	110	111	112	124	125	126	127	128	129	130	131	121	122	123	2	3	4	5	6	7	8	9	10	0	1	13	14	15	16	17	18	19	20	21	11	12	24	25	26	27	28	29	30	31	32	22	23	
48	59	60	61	62	63	64	65	55	56	57	58	49	50	51	52	53	54	44	45	46	47	71	72	73	74	75	76	66	67	68	69	70	82	83	84	85	86	87	77	78	79	80	81	93	94	95	96	97	98	88	89	90	91	92	104	105	106	107	108	109	99	100	101	102	103	115	116	117	118	119	120	110	111	112	113	114	126	127	128	129	130	131	121	122	123	124	125	4	5	6	7	8	9	10	0	1	2	3	15	16	17	18	19	20	21	11	12	13	14	26	27	28	29	30	31	32	22	23	24	25	37	38	39	40	41	42	43	33	34	35	36	
49	70	71	72	73	74	75	76	66	67	68	69	50	51	52	53	54	44	45	46	47	48	60	61	62	63	64	65	55	56	57	58	59	83	84	85	86	87	77	78	79	80	81	82	94	95	96	97	98	88	89	90	91	92	93	105	106	107	108	109	99	100	101	102	103	104	116	117	118	119	120	110	111	112	113	114	115	127	128	129	130	131	121	122	123	124	125	126	5	6	7	8	9	10	0	1	2	3	4	16	17	18	19	20	21	11	12	13	14	15	27	28	29	30	31	32	22	23	24	25	26	38	39	40	41	42	43	33	34	35	36	37	
50	81	82	83	84	85	86	87	77	78	79	80	51	52	53	54	44	45	46	47	48	49	61	62	63	64	65	55	56	57	58	59	60	72	73	74	75	76	66	67	68	69	70	71	95	96	97	98	88	89	90	91	92	93	94	106	107	108	109	99	100	101	102	103	104	105	117	118	119	120	110	111	112	113	114	115	116	128	129	130	131	121	122	123	124	125	126	127	6	7	8	9	10	0	1	2	3	4	5	17	18	19	20	21	11	12	13	14	15	16	28	29	30	31	32	22	23	24	25	26	27	39	40	41	42	43	33	34	35	36	37	38	
51	92	93	94	95	96	97	98	88	89	90	91	52	53	54	44	45	46	47	48	49	50	62	63	64	65	55	56	57	58	59	60	61	73	74	75	76	66	67	68	69	70	71	72	84	85	86	87	77	78	79	80	81	82	83	107	108	109	99	100	101	102	103	104	105	106	118	119	120	110	111	112	113	114	115	116	117	129	130	131	121	122	123	124	125	126	127	128	7	8	9	10	0	1	2	3	4	5	6	18	19	20	21	11	12	13	14	15	16	17	29	30	31	32	22	23	24	25	26	27	28	40	41	42	43	33	34	35	36	37	38	39	
52	103	104	105	106	107	108	109	99	100	101	102	53	54	44	45	46	47	48	49	50	51	63	64	65	55	56	57	58	59	60	61	62	74	75	76	66	67	68	69	70	71	72	73	85	86	87	77	78	79	80	81	82	83	84	96	97	98	88	89	90	91	92	93	94	95	119	120	110	111	112	113	114	115	116	117	118	130	131	121	122	123	124	125	126	127	128	129	8	9	10	0	1	2	3	4	5	6	7	19	20	21	11	12	13	14	15	16	17	18	30	31	32	22	23	24	25	26	27	28	29	41	42	43	33	34	35	36	37	38	39	40	
53	114	115	116	117	118	119	120	110	111	112	113	54	44	45	46	47	48	49	50	51	52	64	65	55	56	57	58	59	60	61	62	63	75	76	66	67	68	69	70	71	72	73	74	86	87	77	78	79	80	81	82	83	84	85	97	98	88	89	90	91	92	93	94	95	96	108	109	99	100	101	102	103	104	105	106	107	131	121	122	123	124	125	126	127	128	129	130	9	10	0	1	2	3	4	5	6	7	8	20	21	11	12	13	14	15	16	17	18	19	31	32	22	23	24	25	26	27	28	29	30	42	43	33	34	35	36	37	38	39	40	41	
54	125	126	127	128	129	130	131	121	122	123	124	44	45	46	47	48	49	50	51	52	53	65	55	56	57	58	59	60	61	62	63	64	76	66	67	68	69	70	71	72	73	74	75	87	77	78	79	80	81	82	83	84	85	86	98	88	89	90	91	92	93	94	95	96	97	109	99	100	101	102	103	104	105	106	107	108	120	110	111	112	113	114	115	116	117	118	119	10	0	1	2	3	4	5	6	7	8	9	21	11	12	13	14	15	16	17	18	19	20	32	22	23	24	25	26	27	28	29	30	31	43	33	34	35	36	37	38	39	40	41	42	
55	4	5	6	7	8	9	10	0	1	2	3	56	57	58	59	60	61	62	63	64	65	66	67	68	69	70	71	72	73	74	75	76	77	78	79	80	81	82	83	84	85	86	87	88	89	90	91	92	93	94	95	96	97	98	99	100	101	102	103	104	105	106	107	108	109	110	111	112	113	114	115	116	117	118	119	120	121	122	123	124	125	126	127	128	129	130	131	11	12	13	14	15	16	17	18	19	20	21	22	23	24	25	26	27	28	29	30	31	32	33	34	35	36	37	38	39	40	41	42	43	44	45	46	47	48	49	50	51	52	53	54	
56	15	16	17	18	19	20	21	11	12	13	14	57	58	59	60	61	62	63	64	65	55	67	68	69	70	71	72	73	74	75	76	66	78	79	80	81	82	83	84	85	86	87	77	89	90	91	92	93	94	95	96	97	98	88	100	101	102	103	104	105	106	107	108	109	99	111	112	113	114	115	116	117	118	119	120	110	122	123	124	125	126	127	128	129	130	131	121	0	1	2	3	4	5	6	7	8	9	10	23	24	25	26	27	28	29	30	31	32	22	34	35	36	37	38	39	40	41	42	43	33	45	46	47	48	49	50	51	52	53	54	44	
57	26	27	28	29	30	31	32	22	23	24	25	58	59	60	61	62	63	64	65	55	56	68	69	70	71	72	73	74	75	76	66	67	79	80	81	82	83	84	85	86	87	77	78	90	91	92	93	94	95	96	97	98	88	89	101	102	103	104	105	106	107	108	109	99	100	112	113	114	115	116	117	118	119	120	110	111	123	124	125	126	127	128	129	130	131	121	122	1	2	3	4	5	6	7	8	9	10	0	12	13	14	15	16	17	18	19	20	21	11	35	36	37	38	39	40	41	42	43	33	34	46	47	48	49	50	51	52	53	54	44	45	
58	37	38	39	40	41	42	43	33	34	35	36	59	60	61	62	63	64	65	55	56	57	69	70	71	72	73	74	75	76	66	67	68	80	81	82	83	84	85	86	87	77	78	79	91	92	93	94	95	96	97	98	88	89	90	102	103	104	105	106	107	108	109	99	100	101	113	114	115	116	117	118	119	120	110	111	112	124	125	126	127	128	129	130	131	121	122	123	2	3	4	5	6	7	8	9	10	0	1	13	14	15	16	17	18	19	20	21	11	12	24	25	26	27	28	29	30	31	32	22	23	47	48	49	50	51	52	53	54	44	45	46	
59	48	49	50	51	52	53	54	44	45	46	47	60	61	62	63	64	65	55	56	57	58	70	71	72	73	74	75	76	66	67	68	69	81	82	83	84	85	86	87	77	78	79	80	92	93	94	95	96	97	98	88	89	90	91	103	104	105	106	107	108	109	99	100	101	102	114	115	116	117	118	119	120	110	111	112	113	125	126	127	128	129	130	131	121	122	123	124	3	4	5	6	7	8	9	10	0	1	2	14	15	16	17	18	19	20	21	11	12	13	25	26	27	28	29	30	31	32	22	23	24	36	37	38	39	40	41	42	43	33	34	35	
60	71	72	73	74	75	76	66	67	68	69	70	61	62	63	64	65	55	56	57	58	59	83	84	85	86	87	77	78	79	80	81	82	94	95	96	97	98	88	89	90	91	92	93	105	106	107	108	109	99	100	101	102	103	104	116	117	118	119	120	110	111	112	113	114	115	127	128	129	130	131	121	122	123	124	125	126	5	6	7	8	9	10	0	1	2	3	4	16	17	18	19	20	21	11	12	13	14	15	27	28	29	30	31	32	22	23	24	25	26	38	39	40	41	42	43	33	34	35	36	37	49	50	51	52	53	54	44	45	46	47	48	
61	82	83	84	85	86	87	77	78	79	80	81	62	63	64	65	55	56	57	58	59	60	72	73	74	75	76	66	67	68	69	70	71	95	96	97	98	88	89	90	91	92	93	94	106	107	108	109	99	100	101	102	103	104	105	117	118	119	120	110	111	112	113	114	115	116	128	129	130	131	121	122	123	124	125	126	127	6	7	8	9	10	0	1	2	3	4	5	17	18	19	20	21	11	12	13	14	15	16	28	29	30	31	32	22	23	24	25	26	27	39	40	41	42	43	33	34	35	36	37	38	50	51	52	53	54	44	45	46	47	48	49	
62	93	94	95	96	97	98	88	89	90	91	92	63	64	65	55	56	57	58	59	60	61	73	74	75	76	66	67	68	69	70	71	72	84	85	86	87	77	78	79	80	81	82	83	107	108	109	99	100	101	102	103	104	105	106	118	119	120	110	111	112	113	114	115	116	117	129	130	131	121	122	123	124	125	126	127	128	7	8	9	10	0	1	2	3	4	5	6	18	19	20	21	11	12	13	14	15	16	17	29	30	31	32	22	23	24	25	26	27	28	40	41	42	43	33	34	35	36	37	38	39	51	52	53	54	44	45	46	47	48	49	50	
63	104	105	106	107	108	109	99	100	101	102	103	64	65	55	56	57	58	59	60	61	62	74	75	76	66	67	68	69	70	71	72	73	85	86	87	77	78	79	80	81	82	83	84	96	97	98	88	89	90	91	92	93	94	95	119	120	110	111	112	113	114	115	116	117	118	130	131	121	122	123	124	125	126	127	128	129	8	9	10	0	1	2	3	4	5	6	7	19	20	21	11	12	13	14	15	16	17	18	30	31	32	22	23	24	25	26	27	28	29	41	42	43	33	34	35	36	37	38	39	40	52	53	54	44	45	46	47	48	49	50	51	
64	115	116	117	118	119	120	110	111	112	113	114	65	55	56	57	58	59	60	61	62	63	75	76	66	67	68	69	70	71	72	73	74	86	87	77	78	79	80	81	82	83	84	85	97	98	88	89	90	91	92	93	94	95	96	108	109	99	100	101	102	103	104	105	106	107	131	121	122	123	124	125	126	127	128	129	130	9	10	0	1	2	3	4	5	6	7	8	20	21	11	12	13	14	15	16	17	18	19	31	32	22	23	24	25	26	27	28	29	30	42	43	33	34	35	36	37	38	39	40	41	53	54	44	45	46	47	48	49	50	51	52	
65	126	127	128	129	130	131	121	122	123	124	125	55	56	57	58	59	60	61	62	63	64	76	66	67	68	69	70	71	72	73	74	75	87	77	78	79	80	81	82	83	84	85	86	98	88	89	90	91	92	93	94	95	96	97	109	99	100	101	102	103	104	105	106	107	108	120	110	111	112	113	114	115	116	117	118	119	10	0	1	2	3	4	5	6	7	8	9	21	11	12	13	14	15	16	17	18	19	20	32	22	23	24	25	26	27	28	29	30	31	43	33	34	35	36	37	38	39	40	41	42	54	44	45	46	47	48	49	50	51	52	53	
66	5	6	7	8	9	10	0	1	2	3	4	67	68	69	70	71	72	73	74	75	76	77	78	79	80	81	82	83	84	85	86	87	88	89	90	91	92	93	94	95	96	97	98	99	100	101	102	103	104	105	106	107	108	109	110	111	112	113	114	115	116	117	118	119	120	121	122	123	124	125	126	127	128	129	130	131	11	12	13	14	15	16	17	18	19	20	21	22	23	24	25	26	27	28	29	30	31	32	33	34	35	36	37	38	39	40	41	42	43	44	45	46	47	48	49	50	51	52	53	54	55	56	57	58	59	60	61	62	63	64	65	
67	16	17	18	19	20	21	11	12	13	14	15	68	69	70	71	72	73	74	75	76	66	78	79	80	81	82	83	84	85	86	87	77	89	90	91	92	93	94	95	96	97	98	88	100	101	102	103	104	105	106	107	108	109	99	111	112	113	114	115	116	117	118	119	120	110	122	123	124	125	126	127	128	129	130	131	121	0	1	2	3	4	5	6	7	8	9	10	23	24	25	26	27	28	29	30	31	32	22	34	35	36	37	38	39	40	41	42	43	33	45	46	47	48	49	50	51	52	53	54	44	56	57	58	59	60	61	62	63	64	65	55	
68	27	28	29	30	31	32	22	23	24	25	26	69	70	71	72	73	74	75	76	66	67	79	80	81	82	83	84	85	86	87	77	78	90	91	92	93	94	95	96	97	98	88	89	101	102	103	104	105	106	107	108	109	99	100	112	113	114	115	116	117	118	119	120	110	111	123	124	125	126	127	128	129	130	131	121	122	1	2	3	4	5	6	7	8	9	10	0	12	13	14	15	16	17	18	19	20	21	11	35	36	37	38	39	40	41	42	43	33	34	46	47	48	49	50	51	52	53	54	44	45	57	58	59	60	61	62	63	64	65	55	56	
69	38	39	40	41	42	43	33	34	35	36	37	70	71	72	73	74	75	76	66	67	68	80	81	82	83	84	85	86	87	77	78	79	91	92	93	94	95	96	97	98	88	89	90	102	103	104	105	106	107	108	109	99	100	101	113	114	115	116	117	118	119	120	110	111	112	124	125	126	127	128	129	130	131	121	122	123	2	3	4	5	6	7	8	9	10	0	1	13	14	15	16	17	18	19	20	21	11	12	24	25	26	27	28	29	30	31	32	22	23	47	48	49	50	51	52	53	54	44	45	46	58	59	60	61	62	63	64	65	55	56	57	
70	49	50	51	52	53	54	44	45	46	47	48	71	72	73	74	75	76	66	67	68	69	81	82	83	84	85	86	87	77	78	79	80	92	93	94	95	96	97	98	88	89	90	91	103	104	105	106	107	108	109	99	100	101	102	114	115	116	117	118	119	120	110	111	112	113	125	126	127	128	129	130	131	121	122	123	124	3	4	5	6	7	8	9	10	0	1	2	14	15	16	17	18	19	20	21	11	12	13	25	26	27	28	29	30	31	32	22	23	24	36	37	38	39	40	41	42	43	33	34	35	59	60	61	62	63	64	65	55	56	57	58	
71	60	61	62	63	64	65	55	56	57	58	59	72	73	74	75	76	66	67	68	69	70	82	83	84	85	86	87	77	78	79	80	81	93	94	95	96	97	98	88	89	90	91	92	104	105	106	107	108	109	99	100	101	102	103	115	116	117	118	119	120	110	111	112	113	114	126	127	128	129	130	131	121	122	123	124	125	4	5	6	7	8	9	10	0	1	2	3	15	16	17	18	19	20	21	11	12	13	14	26	27	28	29	30	31	32	22	23	24	25	37	38	39	40	41	42	43	33	34	35	36	48	49	50	51	52	53	54	44	45	46	47	
72	83	84	85	86	87	77	78	79	80	81	82	73	74	75	76	66	67	68	69	70	71	95	96	97	98	88	89	90	91	92	93	94	106	107	108	109	99	100	101	102	103	104	105	117	118	119	120	110	111	112	113	114	115	116	128	129	130	131	121	122	123	124	125	126	127	6	7	8	9	10	0	1	2	3	4	5	17	18	19	20	21	11	12	13	14	15	16	28	29	30	31	32	22	23	24	25	26	27	39	40	41	42	43	33	34	35	36	37	38	50	51	52	53	54	44	45	46	47	48	49	61	62	63	64	65	55	56	57	58	59	60	
73	94	95	96	97	98	88	89	90	91	92	93	74	75	76	66	67	68	69	70	71	72	84	85	86	87	77	78	79	80	81	82	83	107	108	109	99	100	101	102	103	104	105	106	118	119	120	110	111	112	113	114	115	116	117	129	130	131	121	122	123	124	125	126	127	128	7	8	9	10	0	1	2	3	4	5	6	18	19	20	21	11	12	13	14	15	16	17	29	30	31	32	22	23	24	25	26	27	28	40	41	42	43	33	34	35	36	37	38	39	51	52	53	54	44	45	46	47	48	49	50	62	63	64	65	55	56	57	58	59	60	61	
74	105	106	107	108	109	99	100	101	102	103	104	75	76	66	67	68	69	70	71	72	73	85	86	87	77	78	79	80	81	82	83	84	96	97	98	88	89	90	91	92	93	94	95	119	120	110	111	112	113	114	115	116	117	118	130	131	121	122	123	124	125	126	127	128	129	8	9	10	0	1	2	3	4	5	6	7	19	20	21	11	12	13	14	15	16	17	18	30	31	32	22	23	24	25	26	27	28	29	41	42	43	33	34	35	36	37	38	39	40	52	53	54	44	45	46	47	48	49	50	51	63	64	65	55	56	57	58	59	60	61	62	
75	116	117	118	119	120	110	111	112	113	114	115	76	66	67	68	69	70	71	72	73	74	86	87	77	78	79	80	81	82	83	84	85	97	98	88	89	90	91	92	93	94	95	96	108	109	99	100	101	102	103	104	105	106	107	131	121	122	123	124	125	126	127	128	129	130	9	10	0	1	2	3	4	5	6	7	8	20	21	11	12	13	14	15	16	17	18	19	31	32	22	23	24	25	26	27	28	29	30	42	43	33	34	35	36	37	38	39	40	41	53	54	44	45	46	47	48	49	50	51	52	64	65	55	56	57	58	59	60	61	62	63	
76	127	128	129	130	131	121	122	123	124	125	126	66	67	68	69	70	71	72	73	74	75	87	77	78	79	80	81	82	83	84	85	86	98	88	89	90	91	92	93	94	95	96	97	109	99	100	101	102	103	104	105	106	107	108	120	110	111	112	113	114	115	116	117	118	119	10	0	1	2	3	4	5	6	7	8	9	21	11	12	13	14	15	16	17	18	19	20	32	22	23	24	25	26	27	28	29	30	31	43	33	34	35	36	37	38	39	40	41	42	54	44	45	46	47	48	49	50	51	52	53	65	55	56	57	58	59	60	61	62	63	64	
77	6	7	8	9	10	0	1	2	3	4	5	78	79	80	81	82	83	84	85	86	87	88	89	90	91	92	93	94	95	96	97	98	99	100	101	102	103	104	105	106	107	108	109	110	111	112	113	114	115	116	117	118	119	120	121	122	123	124	125	126	127	128	129	130	131	11	12	13	14	15	16	17	18	19	20	21	22	23	24	25	26	27	28	29	30	31	32	33	34	35	36	37	38	39	40	41	42	43	44	45	46	47	48	49	50	51	52	53	54	55	56	57	58	59	60	61	62	63	64	65	66	67	68	69	70	71	72	73	74	75	76	
78	17	18	19	20	21	11	12	13	14	15	16	79	80	81	82	83	84	85	86	87	77	89	90	91	92	93	94	95	96	97	98	88	100	101	102	103	104	105	106	107	108	109	99	111	112	113	114	115	116	117	118	119	120	110	122	123	124	125	126	127	128	129	130	131	121	0	1	2	3	4	5	6	7	8	9	10	23	24	25	26	27	28	29	30	31	32	22	34	35	36	37	38	39	40	41	42	43	33	45	46	47	48	49	50	51	52	53	54	44	56	57	58	59	60	61	62	63	64	65	55	67	68	69	70	71	72	73	74	75	76	66	
79	28	29	30	31	32	22	23	24	25	26	27	80	81	82	83	84	85	86	87	77	78	90	91	92	93	94	95	96	97	98	88	89	101	102	103	104	105	106	107	108	109	99	100	112	113	114	115	116	117	118	119	120	110	111	123	124	125	126	127	128	129	130	131	121	122	1	2	3	4	5	6	7	8	9	10	0	12	13	14	15	16	17	18	19	20	21	11	35	36	37	38	39	40	41	42	43	33	34	46	47	48	49	50	51	52	53	54	44	45	57	58	59	60	61	62	63	64	65	55	56	68	69	70	71	72	73	74	75	76	66	67	
80	39	40	41	42	43	33	34	35	36	37	38	81	82	83	84	85	86	87	77	78	79	91	92	93	94	95	96	97	98	88	89	90	102	103	104	105	106	107	108	109	99	100	101	113	114	115	116	117	118	119	120	110	111	112	124	125	126	127	128	129	130	131	121	122	123	2	3	4	5	6	7	8	9	10	0	1	13	14	15	16	17	18	19	20	21	11	12	24	25	26	27	28	29	30	31	32	22	23	47	48	49	50	51	52	53	54	44	45	46	58	59	60	61	62	63	64	65	55	56	57	69	70	71	72	73	74	75	76	66	67	68	
81	50	51	52	53	54	44	45	46	47	48	49	82	83	84	85	86	87	77	78	79	80	92	93	94	95	96	97	98	88	89	90	91	103	104	105	106	107	108	109	99	100	101	102	114	115	116	117	118	119	120	110	111	112	113	125	126	127	128	129	130	131	121	122	123	124	3	4	5	6	7	8	9	10	0	1	2	14	15	16	17	18	19	20	21	11	12	13	25	26	27	28	29	30	31	32	22	23	24	36	37	38	39	40	41	42	43	33	34	35	59	60	61	62	63	64	65	55	56	57	58	70	71	72	73	74	75	76	66	67	68	69	
82	61	62	63	64	65	55	56	57	58	59	60	83	84	85	86	87	77	78	79	80	81	93	94	95	96	97	98	88	89	90	91	92	104	105	106	107	108	109	99	100	101	102	103	115	116	117	118	119	120	110	111	112	113	114	126	127	128	129	130	131	121	122	123	124	125	4	5	6	7	8	9	10	0	1	2	3	15	16	17	18	19	20	21	11	12	13	14	26	27	28	29	30	31	32	22	23	24	25	37	38	39	40	41	42	43	33	34	35	36	48	49	50	51	52	53	54	44	45	46	47	71	72	73	74	75	76	66	67	68	69	70	
83	72	73	74	75	76	66	67	68	69	70	71	84	85	86	87	77	78	79	80	81	82	94	95	96	97	98	88	89	90	91	92	93	105	106	107	108	109	99	100	101	102	103	104	116	117	118	119	120	110	111	112	113	114	115	127	128	129	130	131	121	122	123	124	125	126	5	6	7	8	9	10	0	1	2	3	4	16	17	18	19	20	21	11	12	13	14	15	27	28	29	30	31	32	22	23	24	25	26	38	39	40	41	42	43	33	34	35	36	37	49	50	51	52	53	54	44	45	46	47	48	60	61	62	63	64	65	55	56	57	58	59	
84	95	96	97	98	88	89	90	91	92	93	94	85	86	87	77	78	79	80	81	82	83	107	108	109	99	100	101	102	103	104	105	106	118	119	120	110	111	112	113	114	115	116	117	129	130	131	121	122	123	124	125	126	127	128	7	8	9	10	0	1	2	3	4	5	6	18	19	20	21	11	12	13	14	15	16	17	29	30	31	32	22	23	24	25	26	27	28	40	41	42	43	33	34	35	36	37	38	39	51	52	53	54	44	45	46	47	48	49	50	62	63	64	65	55	56	57	58	59	60	61	73	74	75	76	66	67	68	69	70	71	72	
85	106	107	108	109	99	100	101	102	103	104	105	86	87	77	78	79	80	81	82	83	84	96	97	98	88	89	90	91	92	93	94	95	119	120	110	111	112	113	114	115	116	117	118	130	131	121	122	123	124	125	126	127	128	129	8	9	10	0	1	2	3	4	5	6	7	19	20	21	11	12	13	14	15	16	17	18	30	31	32	22	23	24	25	26	27	28	29	41	42	43	33	34	35	36	37	38	39	40	52	53	54	44	45	46	47	48	49	50	51	63	64	65	55	56	57	58	59	60	61	62	74	75	76	66	67	68	69	70	71	72	73	
86	117	118	119	120	110	111	112	113	114	115	116	87	77	78	79	80	81	82	83	84	85	97	98	88	89	90	91	92	93	94	95	96	108	109	99	100	101	102	103	104	105	106	107	131	121	122	123	124	125	126	127	128	129	130	9	10	0	1	2	3	4	5	6	7	8	20	21	11	12	13	14	15	16	17	18	19	31	32	22	23	24	25	26	27	28	29	30	42	43	33	34	35	36	37	38	39	40	41	53	54	44	45	46	47	48	49	50	51	52	64	65	55	56	57	58	59	60	61	62	63	75	76	66	67	68	69	70	71	72	73	74	
87	128	129	130	131	121	122	123	124	125	126	127	77	78	79	80	81	82	83	84	85	86	98	88	89	90	91	92	93	94	95	96	97	109	99	100	101	102	103	104	105	106	107	108	120	110	111	112	113	114	115	116	117	118	119	10	0	1	2	3	4	5	6	7	8	9	21	11	12	13	14	15	16	17	18	19	20	32	22	23	24	25	26	27	28	29	30	31	43	33	34	35	36	37	38	39	40	41	42	54	44	45	46	47	48	49	50	51	52	53	65	55	56	57	58	59	60	61	62	63	64	76	66	67	68	69	70	71	72	73	74	75	
88	7	8	9	10	0	1	2	3	4	5	6	89	90	91	92	93	94	95	96	97	98	99	100	101	102	103	104	105	106	107	108	109	110	111	112	113	114	115	116	117	118	119	120	121	122	123	124	125	126	127	128	129	130	131	11	12	13	14	15	16	17	18	19	20	21	22	23	24	25	26	27	28	29	30	31	32	33	34	35	36	37	38	39	40	41	42	43	44	45	46	47	48	49	50	51	52	53	54	55	56	57	58	59	60	61	62	63	64	65	66	67	68	69	70	71	72	73	74	75	76	77	78	79	80	81	82	83	84	85	86	87	
89	18	19	20	21	11	12	13	14	15	16	17	90	91	92	93	94	95	96	97	98	88	100	101	102	103	104	105	106	107	108	109	99	111	112	113	114	115	116	117	118	119	120	110	122	123	124	125	126	127	128	129	130	131	121	0	1	2	3	4	5	6	7	8	9	10	23	24	25	26	27	28	29	30	31	32	22	34	35	36	37	38	39	40	41	42	43	33	45	46	47	48	49	50	51	52	53	54	44	56	57	58	59	60	61	62	63	64	65	55	67	68	69	70	71	72	73	74	75	76	66	78	79	80	81	82	83	84	85	86	87	77	
90	29	30	31	32	22	23	24	25	26	27	28	91	92	93	94	95	96	97	98	88	89	101	102	103	104	105	106	107	108	109	99	100	112	113	114	115	116	117	118	119	120	110	111	123	124	125	126	127	128	129	130	131	121	122	1	2	3	4	5	6	7	8	9	10	0	12	13	14	15	16	17	18	19	20	21	11	35	36	37	38	39	40	41	42	43	33	34	46	47	48	49	50	51	52	53	54	44	45	57	58	59	60	61	62	63	64	65	55	56	68	69	70	71	72	73	74	75	76	66	67	79	80	81	82	83	84	85	86	87	77	78	
91	40	41	42	43	33	34	35	36	37	38	39	92	93	94	95	96	97	98	88	89	90	102	103	104	105	106	107	108	109	99	100	101	113	114	115	116	117	118	119	120	110	111	112	124	125	126	127	128	129	130	131	121	122	123	2	3	4	5	6	7	8	9	10	0	1	13	14	15	16	17	18	19	20	21	11	12	24	25	26	27	28	29	30	31	32	22	23	47	48	49	50	51	52	53	54	44	45	46	58	59	60	61	62	63	64	65	55	56	57	69	70	71	72	73	74	75	76	66	67	68	80	81	82	83	84	85	86	87	77	78	79	
92	51	52	53	54	44	45	46	47	48	49	50	93	94	95	96	97	98	88	89	90	91	103	104	105	106	107	108	109	99	100	101	102	114	115	116	117	118	119	120	110	111	112	113	125	126	127	128	129	130	131	121	122	123	124	3	4	5	6	7	8	9	10	0	1	2	14	15	16	17	18	19	20	21	11	12	13	25	26	27	28	29	30	31	32	22	23	24	36	37	38	39	40	41	42	43	33	34	35	59	60	61	62	63	64	65	55	56	57	58	70	71	72	73	74	75	76	66	67	68	69	81	82	83	84	85	86	87	77	78	79	80	
93	62	63	64	65	55	56	57	58	59	60	61	94	95	96	97	98	88	89	90	91	92	104	105	106	107	108	109	99	100	101	102	103	115	116	117	118	119	120	110	111	112	113	114	126	127	128	129	130	131	121	122	123	124	125	4	5	6	7	8	9	10	0	1	2	3	15	16	17	18	19	20	21	11	12	13	14	26	27	28	29	30	31	32	22	23	24	25	37	38	39	40	41	42	43	33	34	35	36	48	49	50	51	52	53	54	44	45	46	47	71	72	73	74	75	76	66	67	68	69	70	82	83	84	85	86	87	77	78	79	80	81	
94	73	74	75	76	66	67	68	69	70	71	72	95	96	97	98	88	89	90	91	92	93	105	106	107	108	109	99	100	101	102	103	104	116	117	118	119	120	110	111	112	113	114	115	127	128	129	130	131	121	122	123	124	125	126	5	6	7	8	9	10	0	1	2	3	4	16	17	18	19	20	21	11	12	13	14	15	27	28	29	30	31	32	22	23	24	25	26	38	39	40	41	42	43	33	34	35	36	37	49	50	51	52	53	54	44	45	46	47	48	60	61	62	63	64	65	55	56	57	58	59	83	84	85	86	87	77	78	79	80	81	82	
95	84	85	86	87	77	78	79	80	81	82	83	96	97	98	88	89	90	91	92	93	94	106	107	108	109	99	100	101	102	103	104	105	117	118	119	120	110	111	112	113	114	115	116	128	129	130	131	121	122	123	124	125	126	127	6	7	8	9	10	0	1	2	3	4	5	17	18	19	20	21	11	12	13	14	15	16	28	29	30	31	32	22	23	24	25	26	27	39	40	41	42	43	33	34	35	36	37	38	50	51	52	53	54	44	45	46	47	48	49	61	62	63	64	65	55	56	57	58	59	60	72	73	74	75	76	66	67	68	69	70	71	
96	107	108	109	99	100	101	102	103	104	105	106	97	98	88	89	90	91	92	93	94	95	119	120	110	111	112	113	114	115	116	117	118	130	131	121	122	123	124	125	126	127	128	129	8	9	10	0	1	2	3	4	5	6	7	19	20	21	11	12	13	14	15	16	17	18	30	31	32	22	23	24	25	26	27	28	29	41	42	43	33	34	35	36	37	38	39	40	52	53	54	44	45	46	47	48	49	50	51	63	64	65	55	56	57	58	59	60	61	62	74	75	76	66	67	68	69	70	71	72	73	85	86	87	77	78	79	80	81	82	83	84	
97	118	119	120	110	111	112	113	114	115	116	117	98	88	89	90	91	92	93	94	95	96	108	109	99	100	101	102	103	104	105	106	107	131	121	122	123	124	125	126	127	128	129	130	9	10	0	1	2	3	4	5	6	7	8	20	21	11	12	13	14	15	16	17	18	19	31	32	22	23	24	25	26	27	28	29	30	42	43	33	34	35	36	37	38	39	40	41	53	54	44	45	46	47	48	49	50	51	52	64	65	55	56	57	58	59	60	61	62	63	75	76	66	67	68	69	70	71	72	73	74	86	87	77	78	79	80	81	82	83	84	85	
98	129	130	131	121	122	123	124	125	126	127	128	88	89	90	91	92	93	94	95	96	97	109	99	100	101	102	103	104	105	106	107	108	120	110	111	112	113	114	115	116	117	118	119	10	0	1	2	3	4	5	6	7	8	9	21	11	12	13	14	15	16	17	18	19	20	32	22	23	24	25	26	27	28	29	30	31	43	33	34	35	36	37	38	39	40	41	42	54	44	45	46	47	48	49	50	51	52	53	65	55	56	57	58	59	60	61	62	63	64	76	66	67	68	69	70	71	72	73	74	75	87	77	78	79	80	81	82	83	84	85	86	
99	8	9	10	0	1	2	3	4	5	6	7	100	101	102	103	104	105	106	107	108	109	110	111	112	113	114	115	116	117	118	119	120	121	122	123	124	125	126	127	128	129	130	131	11	12	13	14	15	16	17	18	19	20	21	22	23	24	25	26	27	28	29	30	31	32	33	34	35	36	37	38	39	40	41	42	43	44	45	46	47	48	49	50	51	52	53	54	55	56	57	58	59	60	61	62	63	64	65	66	67	68	69	70	71	72	73	74	75	76	77	78	79	80	81	82	83	84	85	86	87	88	89	90	91	92	93	94	95	96	97	98	
100	19	20	21	11	12	13	14	15	16	17	18	101	102	103	104	105	106	107	108	109	99	111	112	113	114	115	116	117	118	119	120	110	122	123	124	125	126	127	128	129	130	131	121	0	1	2	3	4	5	6	7	8	9	10	23	24	25	26	27	28	29	30	31	32	22	34	35	36	37	38	39	40	41	42	43	33	45	46	47	48	49	50	51	52	53	54	44	56	57	58	59	60	61	62	63	64	65	55	67	68	69	70	71	72	73	74	75	76	66	78	79	80	81	82	83	84	85	86	87	77	89	90	91	92	93	94	95	96	97	98	88	
101	30	31	32	22	23	24	25	26	27	28	29	102	103	104	105	106	107	108	109	99	100	112	113	114	115	116	117	118	119	120	110	111	123	124	125	126	127	128	129	130	131	121	122	1	2	3	4	5	6	7	8	9	10	0	12	13	14	15	16	17	18	19	20	21	11	35	36	37	38	39	40	41	42	43	33	34	46	47	48	49	50	51	52	53	54	44	45	57	58	59	60	61	62	63	64	65	55	56	68	69	70	71	72	73	74	75	76	66	67	79	80	81	82	83	84	85	86	87	77	78	90	91	92	93	94	95	96	97	98	88	89	
102	41	42	43	33	34	35	36	37	38	39	40	103	104	105	106	107	108	109	99	100	101	113	114	115	116	117	118	119	120	110	111	112	124	125	126	127	128	129	130	131	121	122	123	2	3	4	5	6	7	8	9	10	0	1	13	14	15	16	17	18	19	20	21	11	12	24	25	26	27	28	29	30	31	32	22	23	47	48	49	50	51	52	53	54	44	45	46	58	59	60	61	62	63	64	65	55	56	57	69	70	71	72	73	74	75	76	66	67	68	80	81	82	83	84	85	86	87	77	78	79	91	92	93	94	95	96	97	98	88	89	90	
103	52	53	54	44	45	46	47	48	49	50	51	104	105	106	107	108	109	99	100	101	102	114	115	116	117	118	119	120	110	111	112	113	125	126	127	128	129	130	131	121	122	123	124	3	4	5	6	7	8	9	10	0	1	2	14	15	16	17	18	19	20	21	11	12	13	25	26	27	28	29	30	31	32	22	23	24	36	37	38	39	40	41	42	43	33	34	35	59	60	61	62	63	64	65	55	56	57	58	70	71	72	73	74	75	76	66	67	68	69	81	82	83	84	85	86	87	77	78	79	80	92	93	94	95	96	97	98	88	89	90	91	
104	63	64	65	55	56	57	58	59	60	61	62	105	106	107	108	109	99	100	101	102	103	115	116	117	118	119	120	110	111	112	113	114	126	127	128	129	130	131	121	122	123	124	125	4	5	6	7	8	9	10	0	1	2	3	15	16	17	18	19	20	21	11	12	13	14	26	27	28	29	30	31	32	22	23	24	25	37	38	39	40	41	42	43	33	34	35	36	48	49	50	51	52	53	54	44	45	46	47	71	72	73	74	75	76	66	67	68	69	70	82	83	84	85	86	87	77	78	79	80	81	93	94	95	96	97	98	88	89	90	91	92	
105	74	75	76	66	67	68	69	70	71	72	73	106	107	108	109	99	100	101	102	103	104	116	117	118	119	120	110	111	112	113	114	115	127	128	129	130	131	121	122	123	124	125	126	5	6	7	8	9	10	0	1	2	3	4	16	17	18	19	20	21	11	12	13	14	15	27	28	29	30	31	32	22	23	24	25	26	38	39	40	41	42	43	33	34	35	36	37	49	50	51	52	53	54	44	45	46	47	48	60	61	62	63	64	65	55	56	57	58	59	83	84	85	86	87	77	78	79	80	81	82	94	95	96	97	98	88	89	90	91	92	93	
106	85	86	87	77	78	79	80	81	82	83	84	107	108	109	99	100	101	102	103	104	105	117	118	119	120	110	111	112	113	114	115	116	128	129	130	131	121	122	123	124	125	126	127	6	7	8	9	10	0	1	2	3	4	5	17	18	19	20	21	11	12	13	14	15	16	28	29	30	31	32	22	23	24	25	26	27	39	40	41	42	43	33	34	35	36	37	38	50	51	52	53	54	44	45	46	47	48	49	61	62	63	64	65	55	56	57	58	59	60	72	73	74	75	76	66	67	68	69	70	71	95	96	97	98	88	89	90	91	92	93	94	
107	96	97	98	88	89	90	91	92	93	94	95	108	109	99	100	101	102	103	104	105	106	118	119	120	110	111	112	113	114	115	116	117	129	130	131	121	122	123	124	125	126	127	128	7	8	9	10	0	1	2	3	4	5	6	18	19	20	21	11	12	13	14	15	16	17	29	30	31	32	22	23	24	25	26	27	28	40	41	42	43	33	34	35	36	37	38	39	51	52	53	54	44	45	46	47	48	49	50	62	63	64	65	55	56	57	58	59	60	61	73	74	75	76	66	67	68	69	70	71	72	84	85	86	87	77	78	79	80	81	82	83	
108	119	120	110	111	112	113	114	115	116	117	118	109	99	100	101	102	103	104	105	106	107	131	121	122	123	124	125	126	127	128	129	130	9	10	0	1	2	3	4	5	6	7	8	20	21	11	12	13	14	15	16	17	18	19	31	32	22	23	24	25	26	27	28	29	30	42	43	33	34	35	36	37	38	39	40	41	53	54	44	45	46	47	48	49	50	51	52	64	65	55	56	57	58	59	60	61	62	63	75	76	66	67	68	69	70	71	72	73	74	86	87	77	78	79	80	81	82	83	84	85	97	98	88	89	90	91	92	93	94	95	96	
109	130	131	121	122	123	124	125	126	127	128	129	99	100	101	102	103	104	105	106	107	108	120	110	111	112	113	114	115	116	117	118	119	10	0	1	2	3	4	5	6	7	8	9	21	11	12	13	14	15	16	17	18	19	20	32	22	23	24	25	26	27	28	29	30	31	43	33	34	35	36	37	38	39	40	41	42	54	44	45	46	47	48	49	50	51	52	53	65	55	56	57	58	59	60	61	62	63	64	76	66	67	68	69	70	71	72	73	74	75	87	77	78	79	80	81	82	83	84	85	86	98	88	89	90	91	92	93	94	95	96	97	
110	9	10	0	1	2	3	4	5	6	7	8	111	112	113	114	115	116	117	118	119	120	121	122	123	124	125	126	127	128	129	130	131	11	12	13	14	15	16	17	18	19	20	21	22	23	24	25	26	27	28	29	30	31	32	33	34	35	36	37	38	39	40	41	42	43	44	45	46	47	48	49	50	51	52	53	54	55	56	57	58	59	60	61	62	63	64	65	66	67	68	69	70	71	72	73	74	75	76	77	78	79	80	81	82	83	84	85	86	87	88	89	90	91	92	93	94	95	96	97	98	99	100	101	102	103	104	105	106	107	108	109	
111	20	21	11	12	13	14	15	16	17	18	19	112	113	114	115	116	117	118	119	120	110	122	123	124	125	126	127	128	129	130	131	121	0	1	2	3	4	5	6	7	8	9	10	23	24	25	26	27	28	29	30	31	32	22	34	35	36	37	38	39	40	41	42	43	33	45	46	47	48	49	50	51	52	53	54	44	56	57	58	59	60	61	62	63	64	65	55	67	68	69	70	71	72	73	74	75	76	66	78	79	80	81	82	83	84	85	86	87	77	89	90	91	92	93	94	95	96	97	98	88	100	101	102	103	104	105	106	107	108	109	99	
112	31	32	22	23	24	25	26	27	28	29	30	113	114	115	116	117	118	119	120	110	111	123	124	125	126	127	128	129	130	131	121	122	1	2	3	4	5	6	7	8	9	10	0	12	13	14	15	16	17	18	19	20	21	11	35	36	37	38	39	40	41	42	43	33	34	46	47	48	49	50	51	52	53	54	44	45	57	58	59	60	61	62	63	64	65	55	56	68	69	70	71	72	73	74	75	76	66	67	79	80	81	82	83	84	85	86	87	77	78	90	91	92	93	94	95	96	97	98	88	89	101	102	103	104	105	106	107	108	109	99	100	
113	42	43	33	34	35	36	37	38	39	40	41	114	115	116	117	118	119	120	110	111	112	124	125	126	127	128	129	130	131	121	122	123	2	3	4	5	6	7	8	9	10	0	1	13	14	15	16	17	18	19	20	21	11	12	24	25	26	27	28	29	30	31	32	22	23	47	48	49	50	51	52	53	54	44	45	46	58	59	60	61	62	63	64	65	55	56	57	69	70	71	72	73	74	75	76	66	67	68	80	81	82	83	84	85	86	87	77	78	79	91	92	93	94	95	96	97	98	88	89	90	102	103	104	105	106	107	108	109	99	100	101	
114	53	54	44	45	46	47	48	49	50	51	52	115	116	117	118	119	120	110	111	112	113	125	126	127	128	129	130	131	121	122	123	124	3	4	5	6	7	8	9	10	0	1	2	14	15	16	17	18	19	20	21	11	12	13	25	26	27	28	29	30	31	32	22	23	24	36	37	38	39	40	41	42	43	33	34	35	59	60	61	62	63	64	65	55	56	57	58	70	71	72	73	74	75	76	66	67	68	69	81	82	83	84	85	86	87	77	78	79	80	92	93	94	95	96	97	98	88	89	90	91	103	104	105	106	107	108	109	99	100	101	102	
115	64	65	55	56	57	58	59	60	61	62	63	116	117	118	119	120	110	111	112	113	114	126	127	128	129	130	131	121	122	123	124	125	4	5	6	7	8	9	10	0	1	2	3	15	16	17	18	19	20	21	11	12	13	14	26	27	28	29	30	31	32	22	23	24	25	37	38	39	40	41	42	43	33	34	35	36	48	49	50	51	52	53	54	44	45	46	47	71	72	73	74	75	76	66	67	68	69	70	82	83	84	85	86	87	77	78	79	80	81	93	94	95	96	97	98	88	89	90	91	92	104	105	106	107	108	109	99	100	101	102	103	
116	75	76	66	67	68	69	70	71	72	73	74	117	118	119	120	110	111	112	113	114	115	127	128	129	130	131	121	122	123	124	125	126	5	6	7	8	9	10	0	1	2	3	4	16	17	18	19	20	21	11	12	13	14	15	27	28	29	30	31	32	22	23	24	25	26	38	39	40	41	42	43	33	34	35	36	37	49	50	51	52	53	54	44	45	46	47	48	60	61	62	63	64	65	55	56	57	58	59	83	84	85	86	87	77	78	79	80	81	82	94	95	96	97	98	88	89	90	91	92	93	105	106	107	108	109	99	100	101	102	103	104	
117	86	87	77	78	79	80	81	82	83	84	85	118	119	120	110	111	112	113	114	115	116	128	129	130	131	121	122	123	124	125	126	127	6	7	8	9	10	0	1	2	3	4	5	17	18	19	20	21	11	12	13	14	15	16	28	29	30	31	32	22	23	24	25	26	27	39	40	41	42	43	33	34	35	36	37	38	50	51	52	53	54	44	45	46	47	48	49	61	62	63	64	65	55	56	57	58	59	60	72	73	74	75	76	66	67	68	69	70	71	95	96	97	98	88	89	90	91	92	93	94	106	107	108	109	99	100	101	102	103	104	105	
118	97	98	88	89	90	91	92	93	94	95	96	119	120	110	111	112	113	114	115	116	117	129	130	131	121	122	123	124	125	126	127	128	7	8	9	10	0	1	2	3	4	5	6	18	19	20	21	11	12	13	14	15	16	17	29	30	31	32	22	23	24	25	26	27	28	40	41	42	43	33	34	35	36	37	38	39	51	52	53	54	44	45	46	47	48	49	50	62	63	64	65	55	56	57	58	59	60	61	73	74	75	76	66	67	68	69	70	71	72	84	85	86	87	77	78	79	80	81	82	83	107	108	109	99	100	101	102	103	104	105	106	
119	108	109	99	100	101	102	103	104	105	106	107	120	110	111	112	113	114	115	116	117	118	130	131	121	122	123	124	125	126	127	128	129	8	9	10	0	1	2	3	4	5	6	7	19	20	21	11	12	13	14	15	16	17	18	30	31	32	22	23	24	25	26	27	28	29	41	42	43	33	34	35	36	37	38	39	40	52	53	54	44	45	46	47	48	49	50	51	63	64	65	55	56	57	58	59	60	61	62	74	75	76	66	67	68	69	70	71	72	73	85	86	87	77	78	79	80	81	82	83	84	96	97	98	88	89	90	91	92	93	94	95	
120	131	121	122	123	124	125	126	127	128	129	130	110	111	112	113	114	115	116	117	118	119	10	0	1	2	3	4	5	6	7	8	9	21	11	12	13	14	15	16	17	18	19	20	32	22	23	24	25	26	27	28	29	30	31	43	33	34	35	36	37	38	39	40	41	42	54	44	45	46	47	48	49	50	51	52	53	65	55	56	57	58	59	60	61	62	63	64	76	66	67	68	69	70	71	72	73	74	75	87	77	78	79	80	81	82	83	84	85	86	98	88	89	90	91	92	93	94	95	96	97	109	99	100	101	102	103	104	105	106	107	108	
121	10	0	1	2	3	4	5	6	7	8	9	122	123	124	125	126	127	128	129	130	131	11	12	13	14	15	16	17	18	19	20	21	22	23	24	25	26	27	28	29	30	31	32	33	34	35	36	37	38	39	40	41	42	43	44	45	46	47	48	49	50	51	52	53	54	55	56	57	58	59	60	61	62	63	64	65	66	67	68	69	70	71	72	73	74	75	76	77	78	79	80	81	82	83	84	85	86	87	88	89	90	91	92	93	94	95	96	97	98	99	100	101	102	103	104	105	106	107	108	109	110	111	112	113	114	115	116	117	118	119	120	
122	21	11	12	13	14	15	16	17	18	19	20	123	124	125	126	127	128	129	130	131	121	0	1	2	3	4	5	6	7	8	9	10	23	24	25	26	27	28	29	30	31	32	22	34	35	36	37	38	39	40	41	42	43	33	45	46	47	48	49	50	51	52	53	54	44	56	57	58	59	60	61	62	63	64	65	55	67	68	69	70	71	72	73	74	75	76	66	78	79	80	81	82	83	84	85	86	87	77	89	90	91	92	93	94	95	96	97	98	88	100	101	102	103	104	105	106	107	108	109	99	111	112	113	114	115	116	117	118	119	120	110	
123	32	22	23	24	25	26	27	28	29	30	31	124	125	126	127	128	129	130	131	121	122	1	2	3	4	5	6	7	8	9	10	0	12	13	14	15	16	17	18	19	20	21	11	35	36	37	38	39	40	41	42	43	33	34	46	47	48	49	50	51	52	53	54	44	45	57	58	59	60	61	62	63	64	65	55	56	68	69	70	71	72	73	74	75	76	66	67	79	80	81	82	83	84	85	86	87	77	78	90	91	92	93	94	95	96	97	98	88	89	101	102	103	104	105	106	107	108	109	99	100	112	113	114	115	116	117	118	119	120	110	111	
124	43	33	34	35	36	37	38	39	40	41	42	125	126	127	128	129	130	131	121	122	123	2	3	4	5	6	7	8	9	10	0	1	13	14	15	16	17	18	19	20	21	11	12	24	25	26	27	28	29	30	31	32	22	23	47	48	49	50	51	52	53	54	44	45	46	58	59	60	61	62	63	64	65	55	56	57	69	70	71	72	73	74	75	76	66	67	68	80	81	82	83	84	85	86	87	77	78	79	91	92	93	94	95	96	97	98	88	89	90	102	103	104	105	106	107	108	109	99	100	101	113	114	115	116	117	118	119	120	110	111	112	
125	54	44	45	46	47	48	49	50	51	52	53	126	127	128	129	130	131	121	122	123	124	3	4	5	6	7	8	9	10	0	1	2	14	15	16	17	18	19	20	21	11	12	13	25	26	27	28	29	30	31	32	22	23	24	36	37	38	39	40	41	42	43	33	34	35	59	60	61	62	63	64	65	55	56	57	58	70	71	72	73	74	75	76	66	67	68	69	81	82	83	84	85	86	87	77	78	79	80	92	93	94	95	96	97	98	88	89	90	91	103	104	105	106	107	108	109	99	100	101	102	114	115	116	117	118	119	120	110	111	112	113	
126	65	55	56	57	58	59	60	61	62	63	64	127	128	129	130	131	121	122	123	124	125	4	5	6	7	8	9	10	0	1	2	3	15	16	17	18	19	20	21	11	12	13	14	26	27	28	29	30	31	32	22	23	24	25	37	38	39	40	41	42	43	33	34	35	36	48	49	50	51	52	53	54	44	45	46	47	71	72	73	74	75	76	66	67	68	69	70	82	83	84	85	86	87	77	78	79	80	81	93	94	95	96	97	98	88	89	90	91	92	104	105	106	107	108	109	99	100	101	102	103	115	116	117	118	119	120	110	111	112	113	114	
127	76	66	67	68	69	70	71	72	73	74	75	128	129	130	131	121	122	123	124	125	126	5	6	7	8	9	10	0	1	2	3	4	16	17	18	19	20	21	11	12	13	14	15	27	28	29	30	31	32	22	23	24	25	26	38	39	40	41	42	43	33	34	35	36	37	49	50	51	52	53	54	44	45	46	47	48	60	61	62	63	64	65	55	56	57	58	59	83	84	85	86	87	77	78	79	80	81	82	94	95	96	97	98	88	89	90	91	92	93	105	106	107	108	109	99	100	101	102	103	104	116	117	118	119	120	110	111	112	113	114	115	
128	87	77	78	79	80	81	82	83	84	85	86	129	130	131	121	122	123	124	125	126	127	6	7	8	9	10	0	1	2	3	4	5	17	18	19	20	21	11	12	13	14	15	16	28	29	30	31	32	22	23	24	25	26	27	39	40	41	42	43	33	34	35	36	37	38	50	51	52	53	54	44	45	46	47	48	49	61	62	63	64	65	55	56	57	58	59	60	72	73	74	75	76	66	67	68	69	70	71	95	96	97	98	88	89	90	91	92	93	94	106	107	108	109	99	100	101	102	103	104	105	117	118	119	120	110	111	112	113	114	115	116	
129	98	88	89	90	91	92	93	94	95	96	97	130	131	121	122	123	124	125	126	127	128	7	8	9	10	0	1	2	3	4	5	6	18	19	20	21	11	12	13	14	15	16	17	29	30	31	32	22	23	24	25	26	27	28	40	41	42	43	33	34	35	36	37	38	39	51	52	53	54	44	45	46	47	48	49	50	62	63	64	65	55	56	57	58	59	60	61	73	74	75	76	66	67	68	69	70	71	72	84	85	86	87	77	78	79	80	81	82	83	107	108	109	99	100	101	102	103	104	105	106	118	119	120	110	111	112	113	114	115	116	117	
130	109	99	100	101	102	103	104	105	106	107	108	131	121	122	123	124	125	126	127	128	129	8	9	10	0	1	2	3	4	5	6	7	19	20	21	11	12	13	14	15	16	17	18	30	31	32	22	23	24	25	26	27	28	29	41	42	43	33	34	35	36	37	38	39	40	52	53	54	44	45	46	47	48	49	50	51	63	64	65	55	56	57	58	59	60	61	62	74	75	76	66	67	68	69	70	71	72	73	85	86	87	77	78	79	80	81	82	83	84	96	97	98	88	89	90	91	92	93	94	95	119	120	110	111	112	113	114	115	116	117	118	
131	120	110	111	112	113	114	115	116	117	118	119	121	122	123	124	125	126	127	128	129	130	9	10	0	1	2	3	4	5	6	7	8	20	21	11	12	13	14	15	16	17	18	19	31	32	22	23	24	25	26	27	28	29	30	42	43	33	34	35	36	37	38	39	40	41	53	54	44	45	46	47	48	49	50	51	52	64	65	55	56	57	58	59	60	61	62	63	75	76	66	67	68	69	70	71	72	73	74	86	87	77	78	79	80	81	82	83	84	85	97	98	88	89	90	91	92	93	94	95	96	108	109	99	100	101	102	103	104	105	106	107	
