0:	10 11 12 13 14 15 16 17 18 19 
1:	20 21 22 23 24 25 26 27 28 29 
2:	30 31 32 33 34 35 36 37 38 39 
3:	40 41 42 43 44 45 46 47 48 49 
4:	50 51 52 53 54 55 56 57 58 59 
5:	60 61 62 63 64 65 66 67 68 69 
6:	70 71 72 73 74 75 76 77 78 79 
7:	80 81 82 83 84 85 86 87 88 89 
8:	90 91 92 93 94 95 96 97 98 99 
9:	100 101 102 103 104 105 106 107 108 109 
10:	0 1 2 3 4 5 6 7 8 9 
11:	21 22 23 24 25 26 27 28 29 20 
12:	31 32 33 34 35 36 37 38 39 30 
13:	41 42 43 44 45 46 47 48 49 40 
14:	51 52 53 54 55 56 57 58 59 50 
15:	61 62 63 64 65 66 67 68 69 60 
16:	71 72 73 74 75 76 77 78 79 70 
17:	81 82 83 84 85 86 87 88 89 80 
18:	91 92 93 94 95 96 97 98 99 90 
19:	101 102 103 104 105 106 107 108 109 100 
20:	1 2 3 4 5 6 7 8 9 0 
21:	11 12 13 14 15 16 17 18 19 10 
22:	32 33 34 35 36 37 38 39 30 31 
23:	42 43 44 45 46 47 48 49 40 41 
24:	52 53 54 55 56 57 58 59 50 51 
25:	62 63 64 65 66 67 68 69 60 61 
26:	72 73 74 75 76 77 78 79 70 71 
27:	82 83 84 85 86 87 88 89 80 81 
28:	92 93 94 95 96 97 98 99 90 91 
29:	102 103 104 105 106 107 108 109 100 101 
30:	2 3 4 5 6 7 8 9 0 1 
31:	12 13 14 15 16 17 18 19 10 11 
32:	22 23 24 25 26 27 28 29 20 21 
33:	43 44 45 46 47 48 49 40 41 42 
34:	53 54 55 56 57 58 59 50 51 52 
35:	63 64 65 66 67 68 69 60 61 62 
36:	73 74 75 76 77 78 79 70 71 72 
37:	83 84 85 86 87 88 89 80 81 82 
38:	93 94 95 96 97 98 99 90 91 92 
39:	103 104 105 106 107 108 109 100 101 102 
40:	3 4 5 6 7 8 9 0 1 2 
41:	13 14 15 16 17 18 19 10 11 12 
42:	23 24 25 26 27 28 29 20 21 22 
43:	33 34 35 36 37 38 39 30 31 32 
44:	54 55 56 57 58 59 50 51 52 53 
45:	64 65 66 67 68 69 60 61 62 63 
46:	74 75 76 77 78 79 70 71 72 73 
47:	84 85 86 87 88 89 80 81 82 83 
48:	94 95 96 97 98 99 90 91 92 93 
49:	104 105 106 107 108 109 100 101 102 103 
50:	4 5 6 7 8 9 0 1 2 3 
51:	14 15 16 17 18 19 10 11 12 13 
52:	24 25 26 27 28 29 20 21 22 23 
53:	34 35 36 37 38 39 30 31 32 33 
54:	44 45 46 47 48 49 40 41 42 43 
55:	65 66 67 68 69 60 61 62 63 64 
56:	75 76 77 78 79 70 71 72 73 74 
57:	85 86 87 88 89 80 81 82 83 84 
58:	95 96 97 98 99 90 91 92 93 94 
59:	105 106 107 108 109 100 101 102 103 104 
60:	5 6 7 8 9 0 1 2 3 4 
61:	15 16 17 18 19 10 11 12 13 14 
62:	25 26 27 28 29 20 21 22 23 24 
63:	35 36 37 38 39 30 31 32 33 34 
64:	45 46 47 48 49 40 41 42 43 44 
65:	55 56 57 58 59 50 51 52 53 54 
66:	76 77 78 79 70 71 72 73 74 75 
67:	86 87 88 89 80 81 82 83 84 85 
68:	96 97 98 99 90 91 92 93 94 95 
69:	106 107 108 109 100 101 102 103 104 105 
70:	6 7 8 9 0 1 2 3 4 5 
71:	16 17 18 19 10 11 12 13 14 15 
72:	26 27 28 29 20 21 22 23 24 25 
73:	36 37 38 39 30 31 32 33 34 35 
74:	46 47 48 49 40 41 42 43 44 45 
75:	56 57 58 59 50 51 52 53 54 55 
76:	66 67 68 69 60 61 62 63 64 65 
77:	87 88 89 80 81 82 83 84 85 86 
78:	97 98 99 90 91 92 93 94 95 96 
79:	107 108 109 100 101 102 103 104 105 106 
80:	7 8 9 0 1 2 3 4 5 6 
81:	17 18 19 10 11 12 13 14 15 16 
82:	27 28 29 20 21 22 23 24 25 26 
83:	37 38 39 30 31 32 33 34 35 36 
84:	47 48 49 40 41 42 43 44 45 46 
85:	57 58 59 50 51 52 53 54 55 56 
86:	67 68 69 60 61 62 63 64 65 66 
87:	77 78 79 70 71 72 73 74 75 76 
88:	98 99 90 91 92 93 94 95 96 97 
89:	108 109 100 101 102 103 104 105 106 107 
90:	8 9 0 1 2 3 4 5 6 7 
91:	18 19 10 11 12 13 14 15 16 17 
92:	28 29 20 21 22 23 24 25 26 27 
93:	38 39 30 31 32 33 34 35 36 37 
94:	48 49 40 41 42 43 44 45 46 47 
95:	58 59 50 51 52 53 54 55 56 57 
96:	68 69 60 61 62 63 64 65 66 67 
97:	78 79 70 71 72 73 74 75 76 77 
98:	88 89 80 81 82 83 84 85 86 87 
99:	109 100 101 102 103 104 105 106 107 108 
100:	9 0 1 2 3 4 5 6 7 8 
101:	19 10 11 12 13 14 15 16 17 18 
102:	29 20 21 22 23 24 25 26 27 28 
103:	39 30 31 32 33 34 35 36 37 38 
104:	49 40 41 42 43 44 45 46 47 48 
105:	59 50 51 52 53 54 55 56 57 58 
106:	69 60 61 62 63 64 65 66 67 68 
107:	79 70 71 72 73 74 75 76 77 78 
108:	89 80 81 82 83 84 85 86 87 88 
109:	99 90 91 92 93 94 95 96 97 98 
0	10	11	12	13	14	15	16	17	18	19	1	2	3	4	5	6	7	8	9	21	22	23	24	25	26	27	28	29	20	31	32	33	34	35	36	37	38	39	30	41	42	43	44	45	46	47	48	49	40	51	52	53	54	55	56	57	58	59	50	61	62	63	64	65	66	67	68	69	60	71	72	73	74	75	76	77	78	79	70	81	82	83	84	85	86	87	88	89	80	91	92	93	94	95	96	97	98	99	90	101	102	103	104	105	106	107	108	109	100	
1	20	21	22	23	24	25	26	27	28	29	2	3	4	5	6	7	8	9	0	11	12	13	14	15	16	17	18	19	10	32	33	34	35	36	37	38	39	30	31	42	43	44	45	46	47	48	49	40	41	52	53	54	55	56	57	58	59	50	51	62	63	64	65	66	67	68	69	60	61	72	73	74	75	76	77	78	79	70	71	82	83	84	85	86	87	88	89	80	81	92	93	94	95	96	97	98	99	90	91	102	103	104	105	106	107	108	109	100	101	
2	30	31	32	33	34	35	36	37	38	39	3	4	5	6	7	8	9	0	1	12	13	14	15	16	17	18	19	10	11	22	23	24	25	26	27	28	29	20	21	43	44	45	46	47	48	49	40	41	42	53	54	55	56	57	58	59	50	51	52	63	64	65	66	67	68	69	60	61	62	73	74	75	76	77	78	79	70	71	72	83	84	85	86	87	88	89	80	81	82	93	94	95	96	97	98	99	90	91	92	103	104	105	106	107	108	109	100	101	102	
3	40	41	42	43	44	45	46	47	48	49	4	5	6	7	8	9	0	1	2	13	14	15	16	17	18	19	10	11	12	23	24	25	26	27	28	29	20	21	22	33	34	35	36	37	38	39	30	31	32	54	55	56	57	58	59	50	51	52	53	64	65	66	67	68	69	60	61	62	63	74	75	76	77	78	79	70	71	72	73	84	85	86	87	88	89	80	81	82	83	94	95	96	97	98	99	90	91	92	93	104	105	106	107	108	109	100	101	102	103	
4	50	51	52	53	54	55	56	57	58	59	5	6	7	8	9	0	1	2	3	14	15	16	17	18	19	10	11	12	13	24	25	26	27	28	29	20	21	22	23	34	35	36	37	38	39	30	31	32	33	44	45	46	47	48	49	40	41	42	43	65	66	67	68	69	60	61	62	63	64	75	76	77	78	79	70	71	72	73	74	85	86	87	88	89	80	81	82	83	84	95	96	97	98	99	90	91	92	93	94	105	106	107	108	109	100	101	102	103	104	
5	60	61	62	63	64	65	66	67	68	69	6	7	8	9	0	1	2	3	4	15	16	17	18	19	10	11	12	13	14	25	26	27	28	29	20	21	22	23	24	35	36	37	38	39	30	31	32	33	34	45	46	47	48	49	40	41	42	43	44	55	56	57	58	59	50	51	52	53	54	76	77	78	79	70	71	72	73	74	75	86	87	88	89	80	81	82	83	84	85	96	97	98	99	90	91	92	93	94	95	106	107	108	109	100	101	102	103	104	105	
6	70	71	72	73	74	75	76	77	78	79	7	8	9	0	1	2	3	4	5	16	17	18	19	10	11	12	13	14	15	26	27	28	29	20	21	22	23	24	25	36	37	38	39	30	31	32	33	34	35	46	47	48	49	40	41	42	43	44	45	56	57	58	59	50	51	52	53	54	55	66	67	68	69	60	61	62	63	64	65	87	88	89	80	81	82	83	84	85	86	97	98	99	90	91	92	93	94	95	96	107	108	109	100	101	102	103	104	105	106	
7	80	81	82	83	84	85	86	87	88	89	8	9	0	1	2	3	4	5	6	17	18	19	10	11	12	13	14	15	16	27	28	29	20	21	22	23	24	25	26	37	38	39	30	31	32	33	34	35	36	47	48	49	40	41	42	43	44	45	46	57	58	59	50	51	52	53	54	55	56	67	68	69	60	61	62	63	64	65	66	77	78	79	70	71	72	73	74	75	76	98	99	90	91	92	93	94	95	96	97	108	109	100	101	102	103	104	105	106	107	
8	90	91	92	93	94	95	96	97	98	99	9	0	1	2	3	4	5	6	7	18	19	10	11	12	13	14	15	16	17	28	29	20	21	22	23	24	25	26	27	38	39	30	31	32	33	34	35	36	37	48	49	40	41	42	43	44	45	46	47	58	59	50	51	52	53	54	55	56	57	68	69	60	61	62	63	64	65	66	67	78	79	70	71	72	73	74	75	76	77	88	89	80	81	82	83	84	85	86	87	109	100	101	102	103	104	105	106	107	108	
9	100	101	102	103	104	105	106	107	108	109	0	1	2	3	4	5	6	7	8	19	10	11	12	13	14	15	16	17	18	29	20	21	22	23	24	25	26	27	28	39	30	31	32	33	34	35	36	37	38	49	40	41	42	43	44	45	46	47	48	59	50	51	52	53	54	55	56	57	58	69	60	61	62	63	64	65	66	67	68	79	70	71	72	73	74	75	76	77	78	89	80	81	82	83	84	85	86	87	88	99	90	91	92	93	94	95	96	97	98	
10	0	1	2	3	4	5	6	7	8	9	11	12	13	14	15	16	17	18	19	20	21	22	23	24	25	26	27	28	29	30	31	32	33	34	35	36	37	38	39	40	41	42	43	44	45	46	47	48	49	50	51	52	53	54	55	56	57	58	59	60	61	62	63	64	65	66	67	68	69	70	71	72	73	74	75	76	77	78	79	80	81	82	83	84	85	86	87	88	89	90	91	92	93	94	95	96	97	98	99	100	101	102	103	104	105	106	107	108	109	
11	21	22	23	24	25	26	27	28	29	20	12	13	14	15	16	17	18	19	10	32	33	34	35	36	37	38	39	30	31	42	43	44	45	46	47	48	49	40	41	52	53	54	55	56	57	58	59	50	51	62	63	64	65	66	67	68	69	60	61	72	73	74	75	76	77	78	79	70	71	82	83	84	85	86	87	88	89	80	81	92	93	94	95	96	97	98	99	90	91	102	103	104	105	106	107	108	109	100	101	1	2	3	4	5	6	7	8	9	0	
12	31	32	33	34	35	36	37	38	39	30	13	14	15	16	17	18	19	10	11	22	23	24	25	26	27	28	29	20	21	43	44	45	46	47	48	49	40	41	42	53	54	55	56	57	58	59	50	51	52	63	64	65	66	67	68	69	60	61	62	73	74	75	76	77	78	79	70	71	72	83	84	85	86	87	88	89	80	81	82	93	94	95	96	97	98	99	90	91	92	103	104	105	106	107	108	109	100	101	102	2	3	4	5	6	7	8	9	0	1	
13	41	42	43	44	45	46	47	48	49	40	14	15	16	17	18	19	10	11	12	23	24	25	26	27	28	29	20	21	22	33	34	35	36	37	38	39	30	31	32	54	55	56	57	58	59	50	51	52	53	64	65	66	67	68	69	60	61	62	63	74	75	76	77	78	79	70	71	72	73	84	85	86	87	88	89	80	81	82	83	94	95	96	97	98	99	90	91	92	93	104	105	106	107	108	109	100	101	102	103	3	4	5	6	7	8	9	0	1	2	
14	51	52	53	54	55	56	57	58	59	50	15	16	17	18	19	10	11	12	13	24	25	26	27	28	29	20	21	22	23	34	35	36	37	38	39	30	31	32	33	44	45	46	47	48	49	40	41	42	43	65	66	67	68	69	60	61	62	63	64	75	76	77	78	79	70	71	72	73	74	85	86	87	88	89	80	81	82	83	84	95	96	97	98	99	90	91	92	93	94	105	106	107	108	109	100	101	102	103	104	4	5	6	7	8	9	0	1	2	3	
15	61	62	63	64	65	66	67	68	69	60	16	17	18	19	10	11	12	13	14	25	26	27	28	29	20	21	22	23	24	35	36	37	38	39	30	31	32	33	34	45	46	47	48	49	40	41	42	43	44	55	56	57	58	59	50	51	52	53	54	76	77	78	79	70	71	72	73	74	75	86	87	88	89	80	81	82	83	84	85	96	97	98	99	90	91	92	93	94	95	106	107	108	109	100	101	102	103	104	105	5	6	7	8	9	0	1	2	3	4	
16	71	72	73	74	75	76	77	78	79	70	17	18	19	10	11	12	13	14	15	26	27	28	29	20	21	22	23	24	25	36	37	38	39	30	31	32	33	34	35	46	47	48	49	40	41	42	43	44	45	56	57	58	59	50	51	52	53	54	55	66	67	68	69	60	61	62	63	64	65	87	88	89	80	81	82	83	84	85	86	97	98	99	90	91	92	93	94	95	96	107	108	109	100	101	102	103	104	105	106	6	7	8	9	0	1	2	3	4	5	
17	81	82	83	84	85	86	87	88	89	80	18	19	10	11	12	13	14	15	16	27	28	29	20	21	22	23	24	25	26	37	38	39	30	31	32	33	34	35	36	47	48	49	40	41	42	43	44	45	46	57	58	59	50	51	52	53	54	55	56	67	68	69	60	61	62	63	64	65	66	77	78	79	70	71	72	73	74	75	76	98	99	90	91	92	93	94	95	96	97	108	109	100	101	102	103	104	105	106	107	7	8	9	0	1	2	3	4	5	6	
18	91	92	93	94	95	96	97	98	99	90	19	10	11	12	13	14	15	16	17	28	29	20	21	22	23	24	25	26	27	38	39	30	31	32	33	34	35	36	37	48	49	40	41	42	43	44	45	46	47	58	59	50	51	52	53	54	55	56	57	68	69	60	61	62	63	64	65	66	67	78	79	70	71	72	73	74	75	76	77	88	89	80	81	82	83	84	85	86	87	109	100	101	102	103	104	105	106	107	108	8	9	0	1	2	3	4	5	6	7	
19	101	102	103	104	105	106	107	108	109	100	10	11	12	13	14	15	16	17	18	29	20	21	22	23	24	25	26	27	28	39	30	31	32	33	34	35	36	37	38	49	40	41	42	43	44	45	46	47	48	59	50	51	52	53	54	55	56	57	58	69	60	61	62	63	64	65	66	67	68	79	70	71	72	73	74	75	76	77	78	89	80	81	82	83	84	85	86	87	88	99	90	91	92	93	94	95	96	97	98	9	0	1	2	3	4	5	6	7	8	
20	1	2	3	4	5	6	7	8	9	0	21	22	23	24	25	26	27	28	29	30	31	32	33	34	35	36	37	38	39	40	41	42	43	44	45	46	47	48	49	50	51	52	53	54	55	56	57	58	59	60	61	62	63	64	65	66	67	68	69	70	71	72	73	74	75	76	77	78	79	80	81	82	83	84	85	86	87	88	89	90	91	92	93	94	95	96	97	98	99	100	101	102	103	104	105	106	107	108	109	10	11	12	13	14	15	16	17	18	19	
21	11	12	13	14	15	16	17	18	19	10	22	23	24	25	26	27	28	29	20	31	32	33	34	35	36	37	38	39	30	41	42	43	44	45	46	47	48	49	40	51	52	53	54	55	56	57	58	59	50	61	62	63	64	65	66	67	68	69	60	71	72	73	74	75	76	77	78	79	70	81	82	83	84	85	86	87	88	89	80	91	92	93	94	95	96	97	98	99	90	101	102	103	104	105	106	107	108	109	100	0	1	2	3	4	5	6	7	8	9	
22	32	33	34	35	36	37	38	39	30	31	23	24	25	26	27	28	29	20	21	43	44	45	46	47	48	49	40	41	42	53	54	55	56	57	58	59	50	51	52	63	64	65	66	67	68	69	60	61	62	73	74	75	76	77	78	79	70	71	72	83	84	85	86	87	88	89	80	81	82	93	94	95	96	97	98	99	90	91	92	103	104	105	106	107	108	109	100	101	102	2	3	4	5	6	7	8	9	0	1	12	13	14	15	16	17	18	19	10	11	
23	42	43	44	45	46	47	48	49	40	41	24	25	26	27	28	29	20	21	22	33	34	35	36	37	38	39	30	31	32	54	55	56	57	58	59	50	51	52	53	64	65	66	67	68	69	60	61	62	63	74	75	76	77	78	79	70	71	72	73	84	85	86	87	88	89	80	81	82	83	94	95	96	97	98	99	90	91	92	93	104	105	106	107	108	109	100	101	102	103	3	4	5	6	7	8	9	0	1	2	13	14	15	16	17	18	19	10	11	12	
24	52	53	54	55	56	57	58	59	50	51	25	26	27	28	29	20	21	22	23	34	35	36	37	38	39	30	31	32	33	44	45	46	47	48	49	40	41	42	43	65	66	67	68	69	60	61	62	63	64	75	76	77	78	79	70	71	72	73	74	85	86	87	88	89	80	81	82	83	84	95	96	97	98	99	90	91	92	93	94	105	106	107	108	109	100	101	102	103	104	4	5	6	7	8	9	0	1	2	3	14	15	16	17	18	19	10	11	12	13	
25	62	63	64	65	66	67	68	69	60	61	26	27	28	29	20	21	22	23	24	35	36	37	38	39	30	31	32	33	34	45	46	47	48	49	40	41	42	43	44	55	56	57	58	59	50	51	52	53	54	76	77	78	79	70	71	72	73	74	75	86	87	88	89	80	81	82	83	84	85	96	97	98	99	90	91	92	93	94	95	106	107	108	109	100	101	102	103	104	105	5	6	7	8	9	0	1	2	3	4	15	16	17	18	19	10	11	12	13	14	
26	72	73	74	75	76	77	78	79	70	71	27	28	29	20	21	22	23	24	25	36	37	38	39	30	31	32	33	34	35	46	47	48	49	40	41	42	43	44	45	56	57	58	59	50	51	52	53	54	55	66	67	68	69	60	61	62	63	64	65	87	88	89	80	81	82	83	84	85	86	97	98	99	90	91	92	93	94	95	96	107	108	109	100	101	102	103	104	105	106	6	7	8	9	0	1	2	3	4	5	16	17	18	19	10	11	12	13	14	15	
27	82	83	84	85	86	87	88	89	80	81	28	29	20	21	22	23	24	25	26	37	38	39	30	31	32	33	34	35	36	47	48	49	40	41	42	43	44	45	46	57	58	59	50	51	52	53	54	55	56	67	68	69	60	61	62	63	64	65	66	77	78	79	70	71	72	73	74	75	76	98	99	90	91	92	93	94	95	96	97	108	109	100	101	102	103	104	105	106	107	7	8	9	0	1	2	3	4	5	6	17	18	19	10	11	12	13	14	15	16	
28	92	93	94	95	96	97	98	99	90	91	29	20	21	22	23	24	25	26	27	38	39	30	31	32	33	34	35	36	37	48	49	40	41	42	43	44	45	46	47	58	59	50	51	52	53	54	55	56	57	68	69	60	61	62	63	64	65	66	67	78	79	70	71	72	73	74	75	76	77	88	89	80	81	82	83	84	85	86	87	109	100	101	102	103	104	105	106	107	108	8	9	0	1	2	3	4	5	6	7	18	19	10	11	12	13	14	15	16	17	
29	102	103	104	105	106	107	108	109	100	101	20	21	22	23	24	25	26	27	28	39	30	31	32	33	34	35	36	37	38	49	40	41	42	43	44	45	46	47	48	59	50	51	52	53	54	55	56	57	58	69	60	61	62	63	64	65	66	67	68	79	70	71	72	73	74	75	76	77	78	89	80	81	82	83	84	85	86	87	88	99	90	91	92	93	94	95	96	97	98	9	0	1	2	3	4	5	6	7	8	19	10	11	12	13	14	15	16	17	18	
30	2	3	4	5	6	7	8	9	0	1	31	32	33	34	35	36	37	38	39	40	41	42	43	44	45	46	47	48	49	50	51	52	53	54	55	56	57	58	59	60	61	62	63	64	65	66	67	68	69	70	71	72	73	74	75	76	77	78	79	80	81	82	83	84	85	86	87	88	89	90	91	92	93	94	95	96	97	98	99	100	101	102	103	104	105	106	107	108	109	10	11	12	13	14	15	16	17	18	19	20	21	22	23	24	25	26	27	28	29	
31	12	13	14	15	16	17	18	19	10	11	32	33	34	35	36	37	38	39	30	41	42	43	44	45	46	47	48	49	40	51	52	53	54	55	56	57	58	59	50	61	62	63	64	65	66	67	68	69	60	71	72	73	74	75	76	77	78	79	70	81	82	83	84	85	86	87	88	89	80	91	92	93	94	95	96	97	98	99	90	101	102	103	104	105	106	107	108	109	100	0	1	2	3	4	5	6	7	8	9	21	22	23	24	25	26	27	28	29	20	
32	22	23	24	25	26	27	28	29	20	21	33	34	35	36	37	38	39	30	31	42	43	44	45	46	47	48	49	40	41	52	53	54	55	56	57	58	59	50	51	62	63	64	65	66	67	68	69	60	61	72	73	74	75	76	77	78	79	70	71	82	83	84	85	86	87	88	89	80	81	92	93	94	95	96	97	98	99	90	91	102	103	104	105	106	107	108	109	100	101	1	2	3	4	5	6	7	8	9	0	11	12	13	14	15	16	17	18	19	10	
33	43	44	45	46	47	48	49	40	41	42	34	35	36	37	38	39	30	31	32	54	55	56	57	58	59	50	51	52	53	64	65	66	67	68	69	60	61	62	63	74	75	76	77	78	79	70	71	72	73	84	85	86	87	88	89	80	81	82	83	94	95	96	97	98	99	90	91	92	93	104	105	106	107	108	109	100	101	102	103	3	4	5	6	7	8	9	0	1	2	13	14	15	16	17	18	19	10	11	12	23	24	25	26	27	28	29	20	21	22	
34	53	54	55	56	57	58	59	50	51	52	35	36	37	38	39	30	31	32	33	44	45	46	47	48	49	40	41	42	43	65	66	67	68	69	60	61	62	63	64	75	76	77	78	79	70	71	72	73	74	85	86	87	88	89	80	81	82	83	84	95	96	97	98	99	90	91	92	93	94	105	106	107	108	109	100	101	102	103	104	4	5	6	7	8	9	0	1	2	3	14	15	16	17	18	19	10	11	12	13	24	25	26	27	28	29	20	21	22	23	
35	63	64	65	66	67	68	69	60	61	62	36	37	38	39	30	31	32	33	34	45	46	47	48	49	40	41	42	43	44	55	56	57	58	59	50	51	52	53	54	76	77	78	79	70	71	72	73	74	75	86	87	88	89	80	81	82	83	84	85	96	97	98	99	90	91	92	93	94	95	106	107	108	109	100	101	102	103	104	105	5	6	7	8	9	0	1	2	3	4	15	16	17	18	19	10	11	12	13	14	25	26	27	28	29	20	21	22	23	24	
36	73	74	75	76	77	78	79	70	71	72	37	38	39	30	31	32	33	34	35	46	47	48	49	40	41	42	43	44	45	56	57	58	59	50	51	52	53	54	55	66	67	68	69	60	61	62	63	64	65	87	88	89	80	81	82	83	84	85	86	97	98	99	90	91	92	93	94	95	96	107	108	109	100	101	102	103	104	105	106	6	7	8	9	0	1	2	3	4	5	16	17	18	19	10	11	12	13	14	15	26	27	28	29	20	21	22	23	24	25	
37	83	84	85	86	87	88	89	80	81	82	38	39	30	31	32	33	34	35	36	47	48	49	40	41	42	43	44	45	46	57	58	59	50	51	52	53	54	55	56	67	68	69	60	61	62	63	64	65	66	77	78	79	70	71	72	73	74	75	76	98	99	90	91	92	93	94	95	96	97	108	109	100	101	102	103	104	105	106	107	7	8	9	0	1	2	3	4	5	6	17	18	19	10	11	12	13	14	15	16	27	28	29	20	21	22	23	24	25	26	
38	93	94	95	96	97	98	99	90	91	92	39	30	31	32	33	34	35	36	37	48	49	40	41	42	43	44	45	46	47	58	59	50	51	52	53	54	55	56	57	68	69	60	61	62	63	64	65	66	67	78	79	70	71	72	73	74	75	76	77	88	89	80	81	82	83	84	85	86	87	109	100	101	102	103	104	105	106	107	108	8	9	0	1	2	3	4	5	6	7	18	19	10	11	12	13	14	15	16	17	28	29	20	21	22	23	24	25	26	27	
39	103	104	105	106	107	108	109	100	101	102	30	31	32	33	34	35	36	37	38	49	40	41	42	43	44	45	46	47	48	59	50	51	52	53	54	55	56	57	58	69	60	61	62	63	64	65	66	67	68	79	70	71	72	73	74	75	76	77	78	89	80	81	82	83	84	85	86	87	88	99	90	91	92	93	94	95	96	97	98	9	0	1	2	3	4	5	6	7	8	19	10	11	12	13	14	15	16	17	18	29	20	21	22	23	24	25	26	27	28	
40	3	4	5	6	7	8	9	0	1	2	41	42	43	44	45	46	47	48	49	50	51	52	53	54	55	56	57	58	59	60	61	62	63	64	65	66	67	68	69	70	71	72	73	74	75	76	77	78	79	80	81	82	83	84	85	86	87	88	89	90	91	92	93	94	95	96	97	98	99	100	101	102	103	104	105	106	107	108	109	10	11	12	13	14	15	16	17	18	19	20	21	22	23	24	25	26	27	28	29	30	31	32	33	34	35	36	37	38	39	
41	13	14	15	16	17	18	19	10	11	12	42	43	44	45	46	47	48	49	40	51	52	53	54	55	56	57	58	59	50	61	62	63	64	65	66	67	68	69	60	71	72	73	74	75	76	77	78	79	70	81	82	83	84	85	86	87	88	89	80	91	92	93	94	95	96	97	98	99	90	101	102	103	104	105	106	107	108	109	100	0	1	2	3	4	5	6	7	8	9	21	22	23	24	25	26	27	28	29	20	31	32	33	34	35	36	37	38	39	30	
42	23	24	25	26	27	28	29	20	21	22	43	44	45	46	47	48	49	40	41	52	53	54	55	56	57	58	59	50	51	62	63	64	65	66	67	68	69	60	61	72	73	74	75	76	77	78	79	70	71	82	83	84	85	86	87	88	89	80	81	92	93	94	95	96	97	98	99	90	91	102	103	104	105	106	107	108	109	100	101	1	2	3	4	5	6	7	8	9	0	11	12	13	14	15	16	17	18	19	10	32	33	34	35	36	37	38	39	30	31	
43	33	34	35	36	37	38	39	30	31	32	44	45	46	47	48	49	40	41	42	53	54	55	56	57	58	59	50	51	52	63	64	65	66	67	68	69	60	61	62	73	74	75	76	77	78	79	70	71	72	83	84	85	86	87	88	89	80	81	82	93	94	95	96	97	98	99	90	91	92	103	104	105	106	107	108	109	100	101	102	2	3	4	5	6	7	8	9	0	1	12	13	14	15	16	17	18	19	10	11	22	23	24	25	26	27	28	29	20	21	
44	54	55	56	57	58	59	50	51	52	53	45	46	47	48	49	40	41	42	43	65	66	67	68	69	60	61	62	63	64	75	76	77	78	79	70	71	72	73	74	85	86	87	88	89	80	81	82	83	84	95	96	97	98	99	90	91	92	93	94	105	106	107	108	109	100	101	102	103	104	4	5	6	7	8	9	0	1	2	3	14	15	16	17	18	19	10	11	12	13	24	25	26	27	28	29	20	21	22	23	34	35	36	37	38	39	30	31	32	33	
45	64	65	66	67	68	69	60	61	62	63	46	47	48	49	40	41	42	43	44	55	56	57	58	59	50	51	52	53	54	76	77	78	79	70	71	72	73	74	75	86	87	88	89	80	81	82	83	84	85	96	97	98	99	90	91	92	93	94	95	106	107	108	109	100	101	102	103	104	105	5	6	7	8	9	0	1	2	3	4	15	16	17	18	19	10	11	12	13	14	25	26	27	28	29	20	21	22	23	24	35	36	37	38	39	30	31	32	33	34	
46	74	75	76	77	78	79	70	71	72	73	47	48	49	40	41	42	43	44	45	56	57	58	59	50	51	52	53	54	55	66	67	68	69	60	61	62	63	64	65	87	88	89	80	81	82	83	84	85	86	97	98	99	90	91	92	93	94	95	96	107	108	109	100	101	102	103	104	105	106	6	7	8	9	0	1	2	3	4	5	16	17	18	19	10	11	12	13	14	15	26	27	28	29	20	21	22	23	24	25	36	37	38	39	30	31	32	33	34	35	
47	84	85	86	87	88	89	80	81	82	83	48	49	40	41	42	43	44	45	46	57	58	59	50	51	52	53	54	55	56	67	68	69	60	61	62	63	64	65	66	77	78	79	70	71	72	73	74	75	76	98	99	90	91	92	93	94	95	96	97	108	109	100	101	102	103	104	105	106	107	7	8	9	0	1	2	3	4	5	6	17	18	19	10	11	12	13	14	15	16	27	28	29	20	21	22	23	24	25	26	37	38	39	30	31	32	33	34	35	36	
48	94	95	96	97	98	99	90	91	92	93	49	40	41	42	43	44	45	46	47	58	59	50	51	52	53	54	55	56	57	68	69	60	61	62	63	64	65	66	67	78	79	70	71	72	73	74	75	76	77	88	89	80	81	82	83	84	85	86	87	109	100	101	102	103	104	105	106	107	108	8	9	0	1	2	3	4	5	6	7	18	19	10	11	12	13	14	15	16	17	28	29	20	21	22	23	24	25	26	27	38	39	30	31	32	33	34	35	36	37	
49	104	105	106	107	108	109	100	101	102	103	40	41	42	43	44	45	46	47	48	59	50	51	52	53	54	55	56	57	58	69	60	61	62	63	64	65	66	67	68	79	70	71	72	73	74	75	76	77	78	89	80	81	82	83	84	85	86	87	88	99	90	91	92	93	94	95	96	97	98	9	0	1	2	3	4	5	6	7	8	19	10	11	12	13	14	15	16	17	18	29	20	21	22	23	24	25	26	27	28	39	30	31	32	33	34	35	36	37	38	
50	4	5	6	7	8	9	0	1	2	3	51	52	53	54	55	56	57	58	59	60	61	62	63	64	65	66	67	68	69	70	71	72	73	74	75	76	77	78	79	80	81	82	83	84	85	86	87	88	89	90	91	92	93	94	95	96	97	98	99	100	101	102	103	104	105	106	107	108	109	10	11	12	13	14	15	16	17	18	19	20	21	22	23	24	25	26	27	28	29	30	31	32	33	34	35	36	37	38	39	40	41	42	43	44	45	46	47	48	49	
51	14	15	16	17	18	19	10	11	12	13	52	53	54	55	56	57	58	59	50	61	62	63	64	65	66	67	68	69	60	71	72	73	74	75	76	77	78	79	70	81	82	83	84	85	86	87	88	89	80	91	92	93	94	95	96	97	98	99	90	101	102	103	104	105	106	107	108	109	100	0	1	2	3	4	5	6	7	8	9	21	22	23	24	25	26	27	28	29	20	31	32	33	34	35	36	37	38	39	30	41	42	43	44	45	46	47	48	49	40	
52	24	25	26	27	28	29	20	21	22	23	53	54	55	56	57	58	59	50	51	62	63	64	65	66	67	68	69	60	61	72	73	74	75	76	77	78	79	70	71	82	83	84	85	86	87	88	89	80	81	92	93	94	95	96	97	98	99	90	91	102	103	104	105	106	107	108	109	100	101	1	2	3	4	5	6	7	8	9	0	11	12	13	14	15	16	17	18	19	10	32	33	34	35	36	37	38	39	30	31	42	43	44	45	46	47	48	49	40	41	
53	34	35	36	37	38	39	30	31	32	33	54	55	56	57	58	59	50	51	52	63	64	65	66	67	68	69	60	61	62	73	74	75	76	77	78	79	70	71	72	83	84	85	86	87	88	89	80	81	82	93	94	95	96	97	98	99	90	91	92	103	104	105	106	107	108	109	100	101	102	2	3	4	5	6	7	8	9	0	1	12	13	14	15	16	17	18	19	10	11	22	23	24	25	26	27	28	29	20	21	43	44	45	46	47	48	49	40	41	42	
54	44	45	46	47	48	49	40	41	42	43	55	56	57	58	59	50	51	52	53	64	65	66	67	68	69	60	61	62	63	74	75	76	77	78	79	70	71	72	73	84	85	86	87	88	89	80	81	82	83	94	95	96	97	98	99	90	91	92	93	104	105	106	107	108	109	100	101	102	103	3	4	5	6	7	8	9	0	1	2	13	14	15	16	17	18	19	10	11	12	23	24	25	26	27	28	29	20	21	22	33	34	35	36	37	38	39	30	31	32	
55	65	66	67	68	69	60	61	62	63	64	56	57	58	59	50	51	52	53	54	76	77	78	79	70	71	72	73	74	75	86	87	88	89	80	81	82	83	84	85	96	97	98	99	90	91	92	93	94	95	106	107	108	109	100	101	102	103	104	105	5	6	7	8	9	0	1	2	3	4	15	16	17	18	19	10	11	12	13	14	25	26	27	28	29	20	21	22	23	24	35	36	37	38	39	30	31	32	33	34	45	46	47	48	49	40	41	42	43	44	
56	75	76	77	78	79	70	71	72	73	74	57	58	59	50	51	52	53	54	55	66	67	68	69	60	61	62	63	64	65	87	88	89	80	81	82	83	84	85	86	97	98	99	90	91	92	93	94	95	96	107	108	109	100	101	102	103	104	105	106	6	7	8	9	0	1	2	3	4	5	16	17	18	19	10	11	12	13	14	15	26	27	28	29	20	21	22	23	24	25	36	37	38	39	30	31	32	33	34	35	46	47	48	49	40	41	42	43	44	45	
57	85	86	87	88	89	80	81	82	83	84	58	59	50	51	52	53	54	55	56	67	68	69	60	61	62	63	64	65	66	77	78	79	70	71	72	73	74	75	76	98	99	90	91	92	93	94	95	96	97	108	109	100	101	102	103	104	105	106	107	7	8	9	0	1	2	3	4	5	6	17	18	19	10	11	12	13	14	15	16	27	28	29	20	21	22	23	24	25	26	37	38	39	30	31	32	33	34	35	36	47	48	49	40	41	42	43	44	45	46	
58	95	96	97	98	99	90	91	92	93	94	59	50	51	52	53	54	55	56	57	68	69	60	61	62	63	64	65	66	67	78	79	70	71	72	73	74	75	76	77	88	89	80	81	82	83	84	85	86	87	109	100	101	102	103	104	105	106	107	108	8	9	0	1	2	3	4	5	6	7	18	19	10	11	12	13	14	15	16	17	28	29	20	21	22	23	24	25	26	27	38	39	30	31	32	33	34	35	36	37	48	49	40	41	42	43	44	45	46	47	
59	105	106	107	108	109	100	101	102	103	104	50	51	52	53	54	55	56	57	58	69	60	61	62	63	64	65	66	67	68	79	70	71	72	73	74	75	76	77	78	89	80	81	82	83	84	85	86	87	88	99	90	91	92	93	94	95	96	97	98	9	0	1	2	3	4	5	6	7	8	19	10	11	12	13	14	15	16	17	18	29	20	21	22	23	24	25	26	27	28	39	30	31	32	33	34	35	36	37	38	49	40	41	42	43	44	45	46	47	48	
60	5	6	7	8	9	0	1	2	3	4	61	62	63	64	65	66	67	68	69	70	71	72	73	74	75	76	77	78	79	80	81	82	83	84	85	86	87	88	89	90	91	92	93	94	95	96	97	98	99	100	101	102	103	104	105	106	107	108	109	10	11	12	13	14	15	16	17	18	19	20	21	22	23	24	25	26	27	28	29	30	31	32	33	34	35	36	37	38	39	40	41	42	43	44	45	46	47	48	49	50	51	52	53	54	55	56	57	58	59	
61	15	16	17	18	19	10	11	12	13	14	62	63	64	65	66	67	68	69	60	71	72	73	74	75	76	77	78	79	70	81	82	83	84	85	86	87	88	89	80	91	92	93	94	95	96	97	98	99	90	101	102	103	104	105	106	107	108	109	100	0	1	2	3	4	5	6	7	8	9	21	22	23	24	25	26	27	28	29	20	31	32	33	34	35	36	37	38	39	30	41	42	43	44	45	46	47	48	49	40	51	52	53	54	55	56	57	58	59	50	
62	25	26	27	28	29	20	21	22	23	24	63	64	65	66	67	68	69	60	61	72	73	74	75	76	77	78	79	70	71	82	83	84	85	86	87	88	89	80	81	92	93	94	95	96	97	98	99	90	91	102	103	104	105	106	107	108	109	100	101	1	2	3	4	5	6	7	8	9	0	11	12	13	14	15	16	17	18	19	10	32	33	34	35	36	37	38	39	30	31	42	43	44	45	46	47	48	49	40	41	52	53	54	55	56	57	58	59	50	51	
63	35	36	37	38	39	30	31	32	33	34	64	65	66	67	68	69	60	61	62	73	74	75	76	77	78	79	70	71	72	83	84	85	86	87	88	89	80	81	82	93	94	95	96	97	98	99	90	91	92	103	104	105	106	107	108	109	100	101	102	2	3	4	5	6	7	8	9	0	1	12	13	14	15	16	17	18	19	10	11	22	23	24	25	26	27	28	29	20	21	43	44	45	46	47	48	49	40	41	42	53	54	55	56	57	58	59	50	51	52	
64	45	46	47	48	49	40	41	42	43	44	65	66	67	68	69	60	61	62	63	74	75	76	77	78	79	70	71	72	73	84	85	86	87	88	89	80	81	82	83	94	95	96	97	98	99	90	91	92	93	104	105	106	107	108	109	100	101	102	103	3	4	5	6	7	8	9	0	1	2	13	14	15	16	17	18	19	10	11	12	23	24	25	26	27	28	29	20	21	22	33	34	35	36	37	38	39	30	31	32	54	55	56	57	58	59	50	51	52	53	
65	55	56	57	58	59	50	51	52	53	54	66	67	68	69	60	61	62	63	64	75	76	77	78	79	70	71	72	73	74	85	86	87	88	89	80	81	82	83	84	95	96	97	98	99	90	91	92	93	94	105	106	107	108	109	100	101	102	103	104	4	5	6	7	8	9	0	1	2	3	14	15	16	17	18	19	10	11	12	13	24	25	26	27	28	29	20	21	22	23	34	35	36	37	38	39	30	31	32	33	44	45	46	47	48	49	40	41	42	43	
66	76	77	78	79	70	71	72	73	74	75	67	68	69	60	61	62	63	64	65	87	88	89	80	81	82	83	84	85	86	97	98	99	90	91	92	93	94	95	96	107	108	109	100	101	102	103	104	105	106	6	7	8	9	0	1	2	3	4	5	16	17	18	19	10	11	12	13	14	15	26	27	28	29	20	21	22	23	24	25	36	37	38	39	30	31	32	33	34	35	46	47	48	49	40	41	42	43	44	45	56	57	58	59	50	51	52	53	54	55	
67	86	87	88	89	80	81	82	83	84	85	68	69	60	61	62	63	64	65	66	77	78	79	70	71	72	73	74	75	76	98	99	90	91	92	93	94	95	96	97	108	109	100	101	102	103	104	105	106	107	7	8	9	0	1	2	3	4	5	6	17	18	19	10	11	12	13	14	15	16	27	28	29	20	21	22	23	24	25	26	37	38	39	30	31	32	33	34	35	36	47	48	49	40	41	42	43	44	45	46	57	58	59	50	51	52	53	54	55	56	
68	96	97	98	99	90	91	92	93	94	95	69	60	61	62	63	64	65	66	67	78	79	70	71	72	73	74	75	76	77	88	89	80	81	82	83	84	85	86	87	109	100	101	102	103	104	105	106	107	108	8	9	0	1	2	3	4	5	6	7	18	19	10	11	12	13	14	15	16	17	28	29	20	21	22	23	24	25	26	27	38	39	30	31	32	33	34	35	36	37	48	49	40	41	42	43	44	45	46	47	58	59	50	51	52	53	54	55	56	57	
69	106	107	108	109	100	101	102	103	104	105	60	61	62	63	64	65	66	67	68	79	70	71	72	73	74	75	76	77	78	89	80	81	82	83	84	85	86	87	88	99	90	91	92	93	94	95	96	97	98	9	0	1	2	3	4	5	6	7	8	19	10	11	12	13	14	15	16	17	18	29	20	21	22	23	24	25	26	27	28	39	30	31	32	33	34	35	36	37	38	49	40	41	42	43	44	45	46	47	48	59	50	51	52	53	54	55	56	57	58	
70	6	7	8	9	0	1	2	3	4	5	71	72	73	74	75	76	77	78	79	80	81	82	83	84	85	86	87	88	89	90	91	92	93	94	95	96	97	98	99	100	101	102	103	104	105	106	107	108	109	10	11	12	13	14	15	16	17	18	19	20	21	22	23	24	25	26	27	28	29	30	31	32	33	34	35	36	37	38	39	40	41	42	43	44	45	46	47	48	49	50	51	52	53	54	55	56	57	58	59	60	61	62	63	64	65	66	67	68	69	
71	16	17	18	19	10	11	12	13	14	15	72	73	74	75	76	77	78	79	70	81	82	83	84	85	86	87	88	89	80	91	92	93	94	95	96	97	98	99	90	101	102	103	104	105	106	107	108	109	100	0	1	2	3	4	5	6	7	8	9	21	22	23	24	25	26	27	28	29	20	31	32	33	34	35	36	37	38	39	30	41	42	43	44	45	46	47	48	49	40	51	52	53	54	55	56	57	58	59	50	61	62	63	64	65	66	67	68	69	60	
72	26	27	28	29	20	21	22	23	24	25	73	74	75	76	77	78	79	70	71	82	83	84	85	86	87	88	89	80	81	92	93	94	95	96	97	98	99	90	91	102	103	104	105	106	107	108	109	100	101	1	2	3	4	5	6	7	8	9	0	11	12	13	14	15	16	17	18	19	10	32	33	34	35	36	37	38	39	30	31	42	43	44	45	46	47	48	49	40	41	52	53	54	55	56	57	58	59	50	51	62	63	64	65	66	67	68	69	60	61	
73	36	37	38	39	30	31	32	33	34	35	74	75	76	77	78	79	70	71	72	83	84	85	86	87	88	89	80	81	82	93	94	95	96	97	98	99	90	91	92	103	104	105	106	107	108	109	100	101	102	2	3	4	5	6	7	8	9	0	1	12	13	14	15	16	17	18	19	10	11	22	23	24	25	26	27	28	29	20	21	43	44	45	46	47	48	49	40	41	42	53	54	55	56	57	58	59	50	51	52	63	64	65	66	67	68	69	60	61	62	
74	46	47	48	49	40	41	42	43	44	45	75	76	77	78	79	70	71	72	73	84	85	86	87	88	89	80	81	82	83	94	95	96	97	98	99	90	91	92	93	104	105	106	107	108	109	100	101	102	103	3	4	5	6	7	8	9	0	1	2	13	14	15	16	17	18	19	10	11	12	23	24	25	26	27	28	29	20	21	22	33	34	35	36	37	38	39	30	31	32	54	55	56	57	58	59	50	51	52	53	64	65	66	67	68	69	60	61	62	63	
75	56	57	58	59	50	51	52	53	54	55	76	77	78	79	70	71	72	73	74	85	86	87	88	89	80	81	82	83	84	95	96	97	98	99	90	91	92	93	94	105	106	107	108	109	100	101	102	103	104	4	5	6	7	8	9	0	1	2	3	14	15	16	17	18	19	10	11	12	13	24	25	26	27	28	29	20	21	22	23	34	35	36	37	38	39	30	31	32	33	44	45	46	47	48	49	40	41	42	43	65	66	67	68	69	60	61	62	63	64	
76	66	67	68	69	60	61	62	63	64	65	77	78	79	70	71	72	73	74	75	86	87	88	89	80	81	82	83	84	85	96	97	98	99	90	91	92	93	94	95	106	107	108	109	100	101	102	103	104	105	5	6	7	8	9	0	1	2	3	4	15	16	17	18	19	10	11	12	13	14	25	26	27	28	29	20	21	22	23	24	35	36	37	38	39	30	31	32	33	34	45	46	47	48	49	40	41	42	43	44	55	56	57	58	59	50	51	52	53	54	
77	87	88	89	80	81	82	83	84	85	86	78	79	70	71	72	73	74	75	76	98	99	90	91	92	93	94	95	96	97	108	109	100	101	102	103	104	105	106	107	7	8	9	0	1	2	3	4	5	6	17	18	19	10	11	12	13	14	15	16	27	28	29	20	21	22	23	24	25	26	37	38	39	30	31	32	33	34	35	36	47	48	49	40	41	42	43	44	45	46	57	58	59	50	51	52	53	54	55	56	67	68	69	60	61	62	63	64	65	66	
78	97	98	99	90	91	92	93	94	95	96	79	70	71	72	73	74	75	76	77	88	89	80	81	82	83	84	85	86	87	109	100	101	102	103	104	105	106	107	108	8	9	0	1	2	3	4	5	6	7	18	19	10	11	12	13	14	15	16	17	28	29	20	21	22	23	24	25	26	27	38	39	30	31	32	33	34	35	36	37	48	49	40	41	42	43	44	45	46	47	58	59	50	51	52	53	54	55	56	57	68	69	60	61	62	63	64	65	66	67	
79	107	108	109	100	101	102	103	104	105	106	70	71	72	73	74	75	76	77	78	89	80	81	82	83	84	85	86	87	88	99	90	91	92	93	94	95	96	97	98	9	0	1	2	3	4	5	6	7	8	19	10	11	12	13	14	15	16	17	18	29	20	21	22	23	24	25	26	27	28	39	30	31	32	33	34	35	36	37	38	49	40	41	42	43	44	45	46	47	48	59	50	51	52	53	54	55	56	57	58	69	60	61	62	63	64	65	66	67	68	
80	7	8	9	0	1	2	3	4	5	6	81	82	83	84	85	86	87	88	89	90	91	92	93	94	95	96	97	98	99	100	101	102	103	104	105	106	107	108	109	10	11	12	13	14	15	16	17	18	19	20	21	22	23	24	25	26	27	28	29	30	31	32	33	34	35	36	37	38	39	40	41	42	43	44	45	46	47	48	49	50	51	52	53	54	55	56	57	58	59	60	61	62	63	64	65	66	67	68	69	70	71	72	73	74	75	76	77	78	79	
81	17	18	19	10	11	12	13	14	15	16	82	83	84	85	86	87	88	89	80	91	92	93	94	95	96	97	98	99	90	101	102	103	104	105	106	107	108	109	100	0	1	2	3	4	5	6	7	8	9	21	22	23	24	25	26	27	28	29	20	31	32	33	34	35	36	37	38	39	30	41	42	43	44	45	46	47	48	49	40	51	52	53	54	55	56	57	58	59	50	61	62	63	64	65	66	67	68	69	60	71	72	73	74	75	76	77	78	79	70	
82	27	28	29	20	21	22	23	24	25	26	83	84	85	86	87	88	89	80	81	92	93	94	95	96	97	98	99	90	91	102	103	104	105	106	107	108	109	100	101	1	2	3	4	5	6	7	8	9	0	11	12	13	14	15	16	17	18	19	10	32	33	34	35	36	37	38	39	30	31	42	43	44	45	46	47	48	49	40	41	52	53	54	55	56	57	58	59	50	51	62	63	64	65	66	67	68	69	60	61	72	73	74	75	76	77	78	79	70	71	
83	37	38	39	30	31	32	33	34	35	36	84	85	86	87	88	89	80	81	82	93	94	95	96	97	98	99	90	91	92	103	104	105	106	107	108	109	100	101	102	2	3	4	5	6	7	8	9	0	1	12	13	14	15	16	17	18	19	10	11	22	23	24	25	26	27	28	29	20	21	43	44	45	46	47	48	49	40	41	42	53	54	55	56	57	58	59	50	51	52	63	64	65	66	67	68	69	60	61	62	73	74	75	76	77	78	79	70	71	72	
84	47	48	49	40	41	42	43	44	45	46	85	86	87	88	89	80	81	82	83	94	95	96	97	98	99	90	91	92	93	104	105	106	107	108	109	100	101	102	103	3	4	5	6	7	8	9	0	1	2	13	14	15	16	17	18	19	10	11	12	23	24	25	26	27	28	29	20	21	22	33	34	35	36	37	38	39	30	31	32	54	55	56	57	58	59	50	51	52	53	64	65	66	67	68	69	60	61	62	63	74	75	76	77	78	79	70	71	72	73	
85	57	58	59	50	51	52	53	54	55	56	86	87	88	89	80	81	82	83	84	95	96	97	98	99	90	91	92	93	94	105	106	107	108	109	100	101	102	103	104	4	5	6	7	8	9	0	1	2	3	14	15	16	17	18	19	10	11	12	13	24	25	26	27	28	29	20	21	22	23	34	35	36	37	38	39	30	31	32	33	44	45	46	47	48	49	40	41	42	43	65	66	67	68	69	60	61	62	63	64	75	76	77	78	79	70	71	72	73	74	
86	67	68	69	60	61	62	63	64	65	66	87	88	89	80	81	82	83	84	85	96	97	98	99	90	91	92	93	94	95	106	107	108	109	100	101	102	103	104	105	5	6	7	8	9	0	1	2	3	4	15	16	17	18	19	10	11	12	13	14	25	26	27	28	29	20	21	22	23	24	35	36	37	38	39	30	31	32	33	34	45	46	47	48	49	40	41	42	43	44	55	56	57	58	59	50	51	52	53	54	76	77	78	79	70	71	72	73	74	75	
87	77	78	79	70	71	72	73	74	75	76	88	89	80	81	82	83	84	85	86	97	98	99	90	91	92	93	94	95	96	107	108	109	100	101	102	103	104	105	106	6	7	8	9	0	1	2	3	4	5	16	17	18	19	10	11	12	13	14	15	26	27	28	29	20	21	22	23	24	25	36	37	38	39	30	31	32	33	34	35	46	47	48	49	40	41	42	43	44	45	56	57	58	59	50	51	52	53	54	55	66	67	68	69	60	61	62	63	64	65	
88	98	99	90	91	92	93	94	95	96	97	89	80	81	82	83	84	85	86	87	109	100	101	102	103	104	105	106	107	108	8	9	0	1	2	3	4	5	6	7	18	19	10	11	12	13	14	15	16	17	28	29	20	21	22	23	24	25	26	27	38	39	30	31	32	33	34	35	36	37	48	49	40	41	42	43	44	45	46	47	58	59	50	51	52	53	54	55	56	57	68	69	60	61	62	63	64	65	66	67	78	79	70	71	72	73	74	75	76	77	
89	108	109	100	101	102	103	104	105	106	107	80	81	82	83	84	85	86	87	88	99	90	91	92	93	94	95	96	97	98	9	0	1	2	3	4	5	6	7	8	19	10	11	12	13	14	15	16	17	18	29	20	21	22	23	24	25	26	27	28	39	30	31	32	33	34	35	36	37	38	49	40	41	42	43	44	45	46	47	48	59	50	51	52	53	54	55	56	57	58	69	60	61	62	63	64	65	66	67	68	79	70	71	72	73	74	75	76	77	78	
90	8	9	0	1	2	3	4	5	6	7	91	92	93	94	95	96	97	98	99	100	101	102	103	104	105	106	107	108	109	10	11	12	13	14	15	16	17	18	19	20	21	22	23	24	25	26	27	28	29	30	31	32	33	34	35	36	37	38	39	40	41	42	43	44	45	46	47	48	49	50	51	52	53	54	55	56	57	58	59	60	61	62	63	64	65	66	67	68	69	70	71	72	73	74	75	76	77	78	79	80	81	82	83	84	85	86	87	88	89	
91	18	19	10	11	12	13	14	15	16	17	92	93	94	95	96	97	98	99	90	101	102	103	104	105	106	107	108	109	100	0	1	2	3	4	5	6	7	8	9	21	22	23	24	25	26	27	28	29	20	31	32	33	34	35	36	37	38	39	30	41	42	43	44	45	46	47	48	49	40	51	52	53	54	55	56	57	58	59	50	61	62	63	64	65	66	67	68	69	60	71	72	73	74	75	76	77	78	79	70	81	82	83	84	85	86	87	88	89	80	
92	28	29	20	21	22	23	24	25	26	27	93	94	95	96	97	98	99	90	91	102	103	104	105	106	107	108	109	100	101	1	2	3	4	5	6	7	8	9	0	11	12	13	14	15	16	17	18	19	10	32	33	34	35	36	37	38	39	30	31	42	43	44	45	46	47	48	49	40	41	52	53	54	55	56	57	58	59	50	51	62	63	64	65	66	67	68	69	60	61	72	73	74	75	76	77	78	79	70	71	82	83	84	85	86	87	88	89	80	81	
93	38	39	30	31	32	33	34	35	36	37	94	95	96	97	98	99	90	91	92	103	104	105	106	107	108	109	100	101	102	2	3	4	5	6	7	8	9	0	1	12	13	14	15	16	17	18	19	10	11	22	23	24	25	26	27	28	29	20	21	43	44	45	46	47	48	49	40	41	42	53	54	55	56	57	58	59	50	51	52	63	64	65	66	67	68	69	60	61	62	73	74	75	76	77	78	79	70	71	72	83	84	85	86	87	88	89	80	81	82	
94	48	49	40	41	42	43	44	45	46	47	95	96	97	98	99	90	91	92	93	104	105	106	107	108	109	100	101	102	103	3	4	5	6	7	8	9	0	1	2	13	14	15	16	17	18	19	10	11	12	23	24	25	26	27	28	29	20	21	22	33	34	35	36	37	38	39	30	31	32	54	55	56	57	58	59	50	51	52	53	64	65	66	67	68	69	60	61	62	63	74	75	76	77	78	79	70	71	72	73	84	85	86	87	88	89	80	81	82	83	
95	58	59	50	51	52	53	54	55	56	57	96	97	98	99	90	91	92	93	94	105	106	107	108	109	100	101	102	103	104	4	5	6	7	8	9	0	1	2	3	14	15	16	17	18	19	10	11	12	13	24	25	26	27	28	29	20	21	22	23	34	35	36	37	38	39	30	31	32	33	44	45	46	47	48	49	40	41	42	43	65	66	67	68	69	60	61	62	63	64	75	76	77	78	79	70	71	72	73	74	85	86	87	88	89	80	81	82	83	84	
96	68	69	60	61	62	63	64	65	66	67	97	98	99	90	91	92	93	94	95	106	107	108	109	100	101	102	103	104	105	5	6	7	8	9	0	1	2	3	4	15	16	17	18	19	10	11	12	13	14	25	26	27	28	29	20	21	22	23	24	35	36	37	38	39	30	31	32	33	34	45	46	47	48	49	40	41	42	43	44	55	56	57	58	59	50	51	52	53	54	76	77	78	79	70	71	72	73	74	75	86	87	88	89	80	81	82	83	84	85	
97	78	79	70	71	72	73	74	75	76	77	98	99	90	91	92	93	94	95	96	107	108	109	100	101	102	103	104	105	106	6	7	8	9	0	1	2	3	4	5	16	17	18	19	10	11	12	13	14	15	26	27	28	29	20	21	22	23	24	25	36	37	38	39	30	31	32	33	34	35	46	47	48	49	40	41	42	43	44	45	56	57	58	59	50	51	52	53	54	55	66	67	68	69	60	61	62	63	64	65	87	88	89	80	81	82	83	84	85	86	
98	88	89	80	81	82	83	84	85	86	87	99	90	91	92	93	94	95	96	97	108	109	100	101	102	103	104	105	106	107	7	8	9	0	1	2	3	4	5	6	17	18	19	10	11	12	13	14	15	16	27	28	29	20	21	22	23	24	25	26	37	38	39	30	31	32	33	34	35	36	47	48	49	40	41	42	43	44	45	46	57	58	59	50	51	52	53	54	55	56	67	68	69	60	61	62	63	64	65	66	77	78	79	70	71	72	73	74	75	76	
99	109	100	101	102	103	104	105	106	107	108	90	91	92	93	94	95	96	97	98	9	0	1	2	3	4	5	6	7	8	19	10	11	12	13	14	15	16	17	18	29	20	21	22	23	24	25	26	27	28	39	30	31	32	33	34	35	36	37	38	49	40	41	42	43	44	45	46	47	48	59	50	51	52	53	54	55	56	57	58	69	60	61	62	63	64	65	66	67	68	79	70	71	72	73	74	75	76	77	78	89	80	81	82	83	84	85	86	87	88	
100	9	0	1	2	3	4	5	6	7	8	101	102	103	104	105	106	107	108	109	10	11	12	13	14	15	16	17	18	19	20	21	22	23	24	25	26	27	28	29	30	31	32	33	34	35	36	37	38	39	40	41	42	43	44	45	46	47	48	49	50	51	52	53	54	55	56	57	58	59	60	61	62	63	64	65	66	67	68	69	70	71	72	73	74	75	76	77	78	79	80	81	82	83	84	85	86	87	88	89	90	91	92	93	94	95	96	97	98	99	
101	19	10	11	12	13	14	15	16	17	18	102	103	104	105	106	107	108	109	100	0	1	2	3	4	5	6	7	8	9	21	22	23	24	25	26	27	28	29	20	31	32	33	34	35	36	37	38	39	30	41	42	43	44	45	46	47	48	49	40	51	52	53	54	55	56	57	58	59	50	61	62	63	64	65	66	67	68	69	60	71	72	73	74	75	76	77	78	79	70	81	82	83	84	85	86	87	88	89	80	91	92	93	94	95	96	97	98	99	90	
102	29	20	21	22	23	24	25	26	27	28	103	104	105	106	107	108	109	100	101	1	2	3	4	5	6	7	8	9	0	11	12	13	14	15	16	17	18	19	10	32	33	34	35	36	37	38	39	30	31	42	43	44	45	46	47	48	49	40	41	52	53	54	55	56	57	58	59	50	51	62	63	64	65	66	67	68	69	60	61	72	73	74	75	76	77	78	79	70	71	82	83	84	85	86	87	88	89	80	81	92	93	94	95	96	97	98	99	90	91	
103	39	30	31	32	33	34	35	36	37	38	104	105	106	107	108	109	100	101	102	2	3	4	5	6	7	8	9	0	1	12	13	14	15	16	17	18	19	10	11	22	23	24	25	26	27	28	29	20	21	43	44	45	46	47	48	49	40	41	42	53	54	55	56	57	58	59	50	51	52	63	64	65	66	67	68	69	60	61	62	73	74	75	76	77	78	79	70	71	72	83	84	85	86	87	88	89	80	81	82	93	94	95	96	97	98	99	90	91	92	
104	49	40	41	42	43	44	45	46	47	48	105	106	107	108	109	100	101	102	103	3	4	5	6	7	8	9	0	1	2	13	14	15	16	17	18	19	10	11	12	23	24	25	26	27	28	29	20	21	22	33	34	35	36	37	38	39	30	31	32	54	55	56	57	58	59	50	51	52	53	64	65	66	67	68	69	60	61	62	63	74	75	76	77	78	79	70	71	72	73	84	85	86	87	88	89	80	81	82	83	94	95	96	97	98	99	90	91	92	93	
105	59	50	51	52	53	54	55	56	57	58	106	107	108	109	100	101	102	103	104	4	5	6	7	8	9	0	1	2	3	14	15	16	17	18	19	10	11	12	13	24	25	26	27	28	29	20	21	22	23	34	35	36	37	38	39	30	31	32	33	44	45	46	47	48	49	40	41	42	43	65	66	67	68	69	60	61	62	63	64	75	76	77	78	79	70	71	72	73	74	85	86	87	88	89	80	81	82	83	84	95	96	97	98	99	90	91	92	93	94	
106	69	60	61	62	63	64	65	66	67	68	107	108	109	100	101	102	103	104	105	5	6	7	8	9	0	1	2	3	4	15	16	17	18	19	10	11	12	13	14	25	26	27	28	29	20	21	22	23	24	35	36	37	38	39	30	31	32	33	34	45	46	47	48	49	40	41	42	43	44	55	56	57	58	59	50	51	52	53	54	76	77	78	79	70	71	72	73	74	75	86	87	88	89	80	81	82	83	84	85	96	97	98	99	90	91	92	93	94	95	
107	79	70	71	72	73	74	75	76	77	78	108	109	100	101	102	103	104	105	106	6	7	8	9	0	1	2	3	4	5	16	17	18	19	10	11	12	13	14	15	26	27	28	29	20	21	22	23	24	25	36	37	38	39	30	31	32	33	34	35	46	47	48	49	40	41	42	43	44	45	56	57	58	59	50	51	52	53	54	55	66	67	68	69	60	61	62	63	64	65	87	88	89	80	81	82	83	84	85	86	97	98	99	90	91	92	93	94	95	96	
108	89	80	81	82	83	84	85	86	87	88	109	100	101	102	103	104	105	106	107	7	8	9	0	1	2	3	4	5	6	17	18	19	10	11	12	13	14	15	16	27	28	29	20	21	22	23	24	25	26	37	38	39	30	31	32	33	34	35	36	47	48	49	40	41	42	43	44	45	46	57	58	59	50	51	52	53	54	55	56	67	68	69	60	61	62	63	64	65	66	77	78	79	70	71	72	73	74	75	76	98	99	90	91	92	93	94	95	96	97	
109	99	90	91	92	93	94	95	96	97	98	100	101	102	103	104	105	106	107	108	8	9	0	1	2	3	4	5	6	7	18	19	10	11	12	13	14	15	16	17	28	29	20	21	22	23	24	25	26	27	38	39	30	31	32	33	34	35	36	37	48	49	40	41	42	43	44	45	46	47	58	59	50	51	52	53	54	55	56	57	68	69	60	61	62	63	64	65	66	67	78	79	70	71	72	73	74	75	76	77	88	89	80	81	82	83	84	85	86	87	
