mpic++ -o allgather allgather.cpp helper.cpp 
../../simgrid-3.28/install/bin/smpicxx -o allgathersmpi allgather.cpp helper.cpp 
k2,0.0000131,256
k2,0.0000131,0.0000127,256
k3,0.0000134,256
k3,0.0000134,0.0000133,256
k4,0.0000164,256
k4,0.0000164,0.0000136,256
k5,0.0000165,256
k5,0.0000165,0.0000136,256
k6,0.0000172,256
k6,0.0000172,0.0000140,256
k7,0.0000186,256
k7,0.0000186,0.0000112,256
k8,0.0000183,256
k8,0.0000183,0.0000102,256
k9,0.0000165,256
k9,0.0000165,0.0000279,256
k10,0.0000200,256
k10,0.0000200,0.0000447,256
k11,0.0000203,256
k11,0.0000203,0.0000127,256
k12,0.0000210,256
k12,0.0000210,0.0000122,256
k13,0.0000224,256
k13,0.0000224,0.0000163,256
k2,0.0000125,512
k2,0.0000125,0.0000123,512
k3,0.0000152,512
k3,0.0000152,0.0000084,512
k4,0.0000179,512
k4,0.0000179,0.0000134,512
k5,0.0000162,512
k5,0.0000162,0.0000133,512
k6,0.0000169,512
k6,0.0000169,0.0000128,512
k7,0.0000176,512
k7,0.0000176,0.0000148,512
k8,0.0000188,512
k8,0.0000188,0.0000128,512
k9,0.0000181,512
k9,0.0000181,0.0000157,512
k10,0.0000192,512
k10,0.0000192,0.0000483,512
k11,0.0000207,512
k11,0.0000207,0.0000155,512
k12,0.0000233,512
k12,0.0000233,0.0000160,512
k13,0.0000222,512
k13,0.0000222,0.0000154,512
k2,0.0003260,262144
k2,0.0003260,0.0004880,262144
k3,0.0004241,262144
k3,0.0004241,0.0006754,262144
k4,0.0005223,262144
k4,0.0005223,0.0008620,262144
k5,0.0006207,262144
k5,0.0006207,0.0010486,262144
k6,0.0007185,262144
k6,0.0007185,0.0012345,262144
k7,0.0008188,262144
k7,0.0008188,0.0014205,262144
k8,0.0009177,262144
k8,0.0009177,0.0016076,262144
k9,0.0010133,262144
k9,0.0010133,0.0017954,262144
k10,0.0011116,262144
k10,0.0011116,0.0019834,262144
k11,0.0012101,262144
k11,0.0012101,0.0021705,262144
k12,0.0013095,262144
k12,0.0013095,0.0023589,262144
k13,0.0014104,262144
k13,0.0014104,0.0025494,262144
k2,0.0006201,524288
k2,0.0006201,0.0009563,524288
k3,0.0008166,524288
k3,0.0008166,0.0013305,524288
k4,0.0010129,524288
k4,0.0010129,0.0017049,524288
k5,0.0012089,524288
k5,0.0012089,0.0020790,524288
k6,0.0014052,524288
k6,0.0014052,0.0024510,524288
k7,0.0016013,524288
k7,0.0016013,0.0028272,524288
k8,0.0017976,524288
k8,0.0017976,0.0031999,524288
k9,0.0019962,524288
k9,0.0019962,0.0035761,524288
k10,0.0021904,524288
k10,0.0021904,0.0039507,524288
k11,0.0023873,524288
k11,0.0023873,0.0043259,524288
k12,0.0025845,524288
k12,0.0025845,0.0047004,524288
k13,0.0027811,524288
k13,0.0027811,0.0050744,524288
k2,0.0000130,256
k2,0.0000130,0.0000129,256
k3,0.0000131,256
k3,0.0000131,0.0000133,256
k4,0.0000205,256
k4,0.0000205,0.0000139,256
k5,0.0000158,256
k5,0.0000158,0.0000144,256
k6,0.0000140,256
k6,0.0000140,0.0000149,256
k7,0.0000184,256
k7,0.0000184,0.0000154,256
k8,0.0000170,256
k8,0.0000170,0.0000158,256
k9,0.0000205,256
k9,0.0000205,0.0000162,256
k10,0.0000262,256
k10,0.0000262,0.0000168,256
k11,0.0000248,256
k11,0.0000248,0.0000173,256
k12,0.0000280,256
k12,0.0000280,0.0000179,256
k13,0.0000258,256
k13,0.0000258,0.0000183,256
k2,0.0000160,512
k2,0.0000160,0.0000146,512
k3,0.0000136,512
k3,0.0000136,0.0000146,512
k4,0.0000138,512
k4,0.0000138,0.0000134,512
k5,0.0000218,512
k5,0.0000218,0.0000141,512
k6,0.0000322,512
k6,0.0000322,0.0000145,512
k7,0.0000247,512
k7,0.0000247,0.0000151,512
k8,0.0000253,512
k8,0.0000253,0.0000155,512
k9,0.0000247,512
k9,0.0000247,0.0000161,512
k10,0.0000313,512
k10,0.0000313,0.0000168,512
k11,0.0000307,512
k11,0.0000307,0.0000168,512
k12,0.0000422,512
k12,0.0000422,0.0000178,512
k13,0.0000434,512
k13,0.0000434,0.0000181,512
k2,0.0000154,256
k2,0.0000154,0.0000128,256
k3,0.0000200,256
k3,0.0000200,0.0000134,256
k4,0.0000242,256
k4,0.0000242,0.0000138,256
k5,0.0000270,256
k5,0.0000270,0.0000142,256
k6,0.0000274,256
k6,0.0000274,0.0000147,256
k7,0.0000272,256
k7,0.0000272,0.0000156,256
k8,0.0000349,256
k8,0.0000349,0.0000158,256
k9,0.0000380,256
k9,0.0000380,0.0000152,256
k10,0.0000379,256
k10,0.0000379,0.0000174,256
k11,0.0000433,256
k11,0.0000433,0.0000170,256
k12,0.0000510,256
k12,0.0000510,0.0000178,256
k13,0.0000514,256
k13,0.0000514,0.0000166,256
k2,0.0000147,512
k2,0.0000147,0.0000122,512
k3,0.0000191,512
k3,0.0000191,0.0000144,512
k4,0.0000231,512
k4,0.0000231,0.0000135,512
k5,0.0000231,512
k5,0.0000231,0.0000138,512
k6,0.0000225,512
k6,0.0000225,0.0000147,512
k7,0.0000250,512
k7,0.0000250,0.0000151,512
k8,0.0000296,512
k8,0.0000296,0.0000146,512
k9,0.0000322,512
k9,0.0000322,0.0000146,512
k10,0.0000325,512
k10,0.0000325,0.0000161,512
k11,0.0000347,512
k11,0.0000347,0.0000170,512
k12,0.0000447,512
k12,0.0000447,0.0000133,512
k13,0.0000411,512
k13,0.0000411,0.0000164,512
