mpic++ -o allgather allgather.cpp helper.cpp 
mpic++ -g -o alltoall alltoall.cpp helper.cpp 
mpic++ -g -o allreduce allreduce.cpp helper.cpp
../../simgrid-3.28/install/bin/smpicxx -o allreducesmpi allreduce.cpp helper.cpp 
../../simgrid-3.28/install/bin/smpicxx -o allgathersmpi allgather.cpp helper.cpp 
../../simgrid-3.28/install/bin/smpicxx -o alltoallsmpi alltoall.cpp helper.cpp 
../../simgrid-3.28/install/bin/smpicxx -o allgathersmpi-b allgather-behavior.cpp helper.cpp 
../../simgrid-3.28/install/bin/smpicxx -o alltoallsmpi-b alltoall-behavior.cpp helper.cpp 
cmb
k2,0.0000167,256
k2,0.0000167,0.0000203,-0.0000089,258
k4,0.0000173,256
k4,0.0000173,0.0000291,-0.0000095,260
k8,0.0000184,256
k8,0.0000184,0.0000384,-0.0000139,288
k16,0.0000202,256
k16,0.0000202,0.0000501,-0.0000450,272
k2,0.0000168,512
k2,0.0000168,0.0000184,-0.0000082,516
k4,0.0000175,512
k4,0.0000175,0.0000255,-0.0000094,520
k8,0.0000184,512
k8,0.0000184,0.0000318,-0.0000144,576
k16,0.0000211,512
k16,0.0000211,0.0000451,-0.0000449,544
k2,0.0000175,1024
k2,0.0000175,0.0000206,-0.0000079,1026
k4,0.0000177,1024
k4,0.0000177,0.0000296,-0.0000093,1040
k8,0.0000194,1024
k8,0.0000194,0.0000412,-0.0000142,1080
k16,0.0000211,1024
k16,0.0000211,0.0000544,-0.0000444,1088
k2,0.0000184,2048
k2,0.0000184,0.0000229,-0.0000079,2052
k4,0.0000183,2048
k4,0.0000183,0.0000347,-0.0000097,2060
k8,0.0000186,2048
k8,0.0000186,0.0000452,-0.0000149,2088
k16,0.0000295,2048
k16,0.0000295,0.0000654,-0.0000462,2176
k2,0.0000181,4096
k2,0.0000181,0.0000348,-0.0000091,4098
k4,0.0000187,4096
k4,0.0000187,0.0000582,-0.0000100,4100
k8,0.0000247,4096
k8,0.0000247,0.0000870,-0.0000149,4104
k16,0.0003629,4096
k16,0.0003629,0.0001287,-0.0000470,4352
k2,0.0000224,8192
k2,0.0000224,0.0000442,-0.0000116,8196
k4,0.0000190,8192
k4,0.0000190,0.0000770,-0.0000124,8200
k8,0.0000255,8192
k8,0.0000255,0.0001210,-0.0000179,8208
k16,0.0000264,8192
k16,0.0000264,0.0001871,-0.0000498,8432
k2,0.0000306,16384
k2,0.0000306,0.0001153,-0.0000130,16386
k4,0.0000233,16384
k4,0.0000233,0.0001959,-0.0000135,16400
k8,0.0000216,16384
k8,0.0000216,0.0002759,-0.0000183,16416
k16,0.0000247,16384
k16,0.0000247,0.0003788,-0.0000496,16592
k2,0.0000445,32768
k2,0.0000445,0.0001448,-0.0000171,32772
k4,0.0000329,32768
k4,0.0000329,0.0002476,-0.0000179,32780
k8,0.0000297,32768
k8,0.0000297,0.0003612,-0.0000231,32832
k16,0.0000345,32768
k16,0.0000345,0.0005191,-0.0000537,32912
k2,0.0000728,65536
k2,0.0000728,0.0002116,-0.0000263,65538
k4,0.0000521,65536
k4,0.0000521,0.0003588,-0.0000279,65540
k8,0.0000425,65536
k8,0.0000425,0.0005394,-0.0000328,65592
k16,0.0000704,65536
k16,0.0000704,0.0008079,-0.0000644,65552
k2,0.0001249,131072
k2,0.0001249,0.0003454,-0.0000443,131076
k4,0.0000833,131072
k4,0.0000833,0.0005819,-0.0000446,131080
k8,0.0000583,131072
k8,0.0000583,0.0008960,-0.0000496,131112
k16,0.0000869,131072
k16,0.0000869,0.0013871,-0.0000836,131104
k2,0.0002009,262144
k2,0.0002009,0.0006128,-0.0000818,262146
k4,0.0001322,262144
k4,0.0001322,0.0010277,-0.0000814,262160
k8,0.0001159,262144
k8,0.0001159,0.0016092,-0.0000886,262152
k16,0.0001391,262144
k16,0.0001391,0.0025471,-0.0001179,262208
k2,0.0003335,524288
k2,0.0003335,0.0011477,-0.0001526,524292
k4,0.0002422,524288
k4,0.0002422,0.0019194,-0.0001569,524300
k8,0.0001772,524288
k8,0.0001772,0.0030363,-0.0001623,524304
k16,0.0002287,524288
k16,0.0002287,0.0048659,-0.0001913,524416
k2,0.0006022,1048576
k2,0.0006022,0.0022179,-0.0002902,1048578
k4,0.0003897,1048576
k4,0.0003897,0.0037029,-0.0002929,1048580
k8,0.0003130,1048576
k8,0.0003130,0.0058889,-0.0002998,1048608
k16,0.0004383,1048576
k16,0.0004383,0.0095045,-0.0003304,1048832
conges
k2,0.0000168,256
k2,0.0000168,0.0000203,0.0000084,258
k4,0.0000177,256
k4,0.0000177,0.0000286,0.0000089,260
k8,0.0000185,256
k8,0.0000185,0.0000394,0.0000100,288
k16,0.0000205,256
k16,0.0000205,0.0000494,0.0000089,272
k2,0.0000168,512
k2,0.0000168,0.0000184,0.0000084,516
k4,0.0000177,512
k4,0.0000177,0.0000254,0.0000089,520
k8,0.0000196,512
k8,0.0000196,0.0000318,0.0000100,576
k16,0.0002273,512
k16,0.0002273,0.0000435,0.0000092,544
k2,0.0000177,1024
k2,0.0000177,0.0000205,0.0000088,1026
k4,0.0000179,1024
k4,0.0000179,0.0000295,0.0000090,1040
k8,0.0000186,1024
k8,0.0000186,0.0000380,0.0000100,1080
k16,0.0002808,1024
k16,0.0002808,0.0000538,0.0000095,1088
k2,0.0000187,2048
k2,0.0000187,0.0000229,0.0000093,2052
k4,0.0000182,2048
k4,0.0000182,0.0000340,0.0000090,2060
k8,0.0000188,2048
k8,0.0000188,0.0000452,0.0000102,2088
k16,0.0003163,2048
k16,0.0003163,0.0000628,0.0000098,2176
k2,0.0000178,4096
k2,0.0000178,0.0000347,0.0000089,4098
k4,0.0000196,4096
k4,0.0000196,0.0000575,0.0000099,4100
k8,0.0000189,4096
k8,0.0000189,0.0000872,0.0000101,4104
k16,0.0000340,4096
k16,0.0000340,0.0001269,0.0000096,4352
k2,0.0000210,8192
k2,0.0000210,0.0000442,0.0000108,8196
k4,0.0000184,8192
k4,0.0000184,0.0000764,0.0000093,8200
k8,0.0000201,8192
k8,0.0000201,0.0001212,0.0000105,8208
k16,0.0000220,8192
k16,0.0000220,0.0001857,0.0000093,8432
k2,0.0000311,16384
k2,0.0000311,0.0001153,0.0000163,16386
k4,0.0000224,16384
k4,0.0000224,0.0001958,0.0000117,16400
k8,0.0000221,16384
k8,0.0000221,0.0002758,0.0000114,16416
k16,0.0000219,16384
k16,0.0000219,0.0003791,0.0000110,16592
k2,0.0000439,32768
k2,0.0000439,0.0001447,0.0000237,32772
k4,0.0000273,32768
k4,0.0000273,0.0002474,0.0000154,32780
k8,0.0000222,32768
k8,0.0000222,0.0003612,0.0000121,32832
k16,0.0000286,32768
k16,0.0000286,0.0005193,0.0000124,32912
k2,0.0000649,65536
k2,0.0000649,0.0002116,0.0000357,65538
k4,0.0000469,65536
k4,0.0000469,0.0003590,0.0000270,65540
k8,0.0000291,65536
k8,0.0000291,0.0005395,0.0000167,65592
k16,0.0000349,65536
k16,0.0000349,0.0008080,0.0000190,65552
k2,0.0001230,131072
k2,0.0001230,0.0003453,0.0000681,131076
k4,0.0000696,131072
k4,0.0000696,0.0005818,0.0000412,131080
k8,0.0000377,131072
k8,0.0000377,0.0008962,0.0000230,131112
k16,0.0000361,131072
k16,0.0000361,0.0013878,0.0000227,131104
k2,0.0001900,262144
k2,0.0001900,0.0006128,0.0001096,262146
k4,0.0001157,262144
k4,0.0001157,0.0010278,0.0000702,262160
k8,0.0000798,262144
k8,0.0000798,0.0016094,0.0000495,262152
k16,0.0000548,262144
k16,0.0000548,0.0025473,0.0000350,262208
k2,0.0003116,524288
k2,0.0003116,0.0011477,0.0001793,524292
k4,0.0002099,524288
k4,0.0002099,0.0019193,0.0001312,524300
k8,0.0001345,524288
k8,0.0001345,0.0030363,0.0000885,524304
k16,0.0000867,524288
k16,0.0000867,0.0048665,0.0000560,524416
k2,0.0005750,1048576
k2,0.0005750,0.0022178,0.0003400,1048578
k4,0.0003429,1048576
k4,0.0003429,0.0037028,0.0002144,1048580
k8,0.0002337,1048576
k8,0.0002337,0.0058900,0.0001546,1048608
k16,0.0001655,1048576
k16,0.0001655,0.0095046,0.0001180,1048832
mttree
k2,0.0000204,256
k2,0.0000204,0.0000204,0.0000102,258
k4,0.0000300,256
k4,0.0000300,0.0000292,0.0000151,260
k8,0.0000469,256
k8,0.0000469,0.0000386,0.0000242,288
k16,0.0000825,256
k16,0.0000825,0.0000502,0.0000402,272
k2,0.0000210,512
k2,0.0000210,0.0000184,0.0000105,516
k4,0.0000301,512
k4,0.0000301,0.0000260,0.0000152,520
k8,0.0000471,512
k8,0.0000471,0.0000343,0.0000244,576
k16,0.0000815,512
k16,0.0000815,0.0000448,0.0000403,544
k2,0.0000210,1024
k2,0.0000210,0.0000206,0.0000105,1026
k4,0.0000293,1024
k4,0.0000293,0.0000301,0.0000148,1040
k8,0.0000473,1024
k8,0.0000473,0.0000412,0.0000243,1080
k16,0.0000805,1024
k16,0.0000805,0.0000544,0.0000403,1088
k2,0.0000227,2048
k2,0.0000227,0.0000228,0.0000114,2052
k4,0.0000305,2048
k4,0.0000305,0.0000345,0.0000154,2060
k8,0.0000474,2048
k8,0.0000474,0.0000482,0.0000246,2088
k16,0.0000817,2048
k16,0.0000817,0.0000656,0.0000406,2176
k2,0.0000212,4096
k2,0.0000212,0.0000348,0.0000107,4098
k4,0.0000320,4096
k4,0.0000320,0.0000581,0.0000164,4100
k8,0.0000479,4096
k8,0.0000479,0.0000870,0.0000249,4104
k16,0.0000803,4096
k16,0.0000803,0.0001292,0.0000400,4352
k2,0.0000247,8192
k2,0.0000247,0.0000442,0.0000126,8196
k4,0.0000291,8192
k4,0.0000291,0.0000768,0.0000151,8200
k8,0.0000487,8192
k8,0.0000487,0.0001204,0.0000254,8208
k16,0.0000797,8192
k16,0.0000797,0.0001871,0.0000400,8432
k2,0.0000358,16384
k2,0.0000358,0.0001154,0.0000186,16386
k4,0.0000317,16384
k4,0.0000317,0.0001957,0.0000166,16400
k8,0.0000510,16384
k8,0.0000510,0.0002755,0.0000268,16416
k16,0.0000810,16384
k16,0.0000810,0.0003795,0.0000401,16592
k2,0.0000500,32768
k2,0.0000500,0.0001447,0.0000264,32772
k4,0.0000401,32768
k4,0.0000401,0.0002473,0.0000216,32780
k8,0.0000462,32768
k8,0.0000462,0.0003609,0.0000248,32832
k16,0.0000847,32768
k16,0.0000847,0.0005180,0.0000436,32912
k2,0.0000684,65536
k2,0.0000684,0.0002116,0.0000364,65538
k4,0.0000607,65536
k4,0.0000607,0.0003589,0.0000330,65540
k8,0.0000546,65536
k8,0.0000546,0.0005392,0.0000295,65592
k16,0.0000910,65536
k16,0.0000910,0.0008070,0.0000467,65552
k2,0.0001439,131072
k2,0.0001439,0.0003454,0.0000782,131076
k4,0.0000878,131072
k4,0.0000878,0.0005819,0.0000487,131080
k8,0.0000665,131072
k8,0.0000665,0.0008957,0.0000371,131112
k16,0.0000837,131072
k16,0.0000837,0.0013868,0.0000440,131104
k2,0.0001986,262144
k2,0.0001986,0.0006129,0.0001077,262146
k4,0.0001329,262144
k4,0.0001329,0.0010277,0.0000767,262160
k8,0.0001092,262144
k8,0.0001092,0.0016094,0.0000615,262152
k16,0.0001015,262144
k16,0.0001015,0.0025472,0.0000560,262208
k2,0.0003377,524288
k2,0.0003377,0.0011477,0.0001934,524292
k4,0.0002696,524288
k4,0.0002696,0.0019193,0.0001561,524300
k8,0.0001632,524288
k8,0.0001632,0.0030363,0.0000938,524304
k16,0.0001277,524288
k16,0.0001277,0.0048664,0.0000741,524416
k2,0.0005828,1048576
k2,0.0005828,0.0022178,0.0003354,1048578
k4,0.0003983,1048576
k4,0.0003983,0.0037028,0.0002347,1048580
k8,0.0002510,1048576
k8,0.0002510,0.0058889,0.0001480,1048608
k16,0.0002366,1048576
k16,0.0002366,0.0095047,0.0001380,1048832
