mpic++ -o allgather allgather.cpp helper.cpp 
../../simgrid-3.28/install/bin/smpicxx -o allgathersmpi allgather.cpp helper.cpp 
../../simgrid-3.28/install/bin/smpicxx -o allgathersmpi-b allgather-behavior.cpp helper.cpp 
cmb
k4,0.0000149,256,0.0000063,0.0000039,0.0000003
k8,0.0000159,256,0.0000063,0.0000032,0.0000010
k16,0.0000435,256,0.0000064,0.0000059,0.0000037
k32,0.0003016,256,0.0000072,0.0000106,0.0000135
k64,0.0001880,256,0.0000097,0.0000285,0.0000533
k4,0.0000140,512,0.0000060,0.0000032,0.0000005
k8,0.0000226,512,0.0000061,0.0000057,0.0000018
k16,0.0000723,512,0.0000062,0.0000084,0.0000073
k32,0.0001084,512,0.0000069,0.0000201,0.0000265
k64,0.0001843,512,0.0000101,0.0000325,0.0001112
k4,0.0000200,1024,0.0000065,0.0000057,0.0000009
k8,0.0000282,1024,0.0000064,0.0000078,0.0000036
k16,0.0000496,1024,0.0000066,0.0000191,0.0000142
k32,0.0001099,1024,0.0000073,0.0000278,0.0000554
