mpic++ -o allgather allgather.cpp helper.cpp 
../../simgrid-3.28/install/bin/smpicxx -o allgathersmpi allgather.cpp helper.cpp 
../../simgrid-3.28/install/bin/smpicxx -o allgathersmpi-b allgather-behavior.cpp helper.cpp 
cmb
k2,0.0000133,256,0.0000063,0.0000025,0.0000001
k4,0.0000149,256,0.0000080,0.0000024,0.0000001
k8,0.0000140,256,0.0000064,0.0000031,0.0000002
k16,0.0000364,256,0.0000064,0.0000075,0.0000005
k2,0.0000130,512,0.0000060,0.0000024,0.0000001
k4,0.0000136,512,0.0000060,0.0000030,0.0000001
k8,0.0000213,512,0.0000060,0.0000057,0.0000003
k16,0.0000692,512,0.0000061,0.0000080,0.0000009
k2,0.0000138,1024,0.0000064,0.0000029,0.0000001
k4,0.0000179,1024,0.0000065,0.0000057,0.0000001
k8,0.0000257,1024,0.0000064,0.0000078,0.0000004
k16,0.0000411,1024,0.0000066,0.0000195,0.0000016
k2,0.0000181,2048,0.0000069,0.0000067,0.0000001
k4,0.0000211,2048,0.0000070,0.0000077,0.0000002
k8,0.0000328,2048,0.0000070,0.0000190,0.0000008
k16,0.0000506,2048,0.0000072,0.0000254,0.0000045
k2,0.0000217,4096,0.0000095,0.0000077,0.0000001
k4,0.0000328,4096,0.0000096,0.0000179,0.0000006
k8,0.0000423,4096,0.0000096,0.0000241,0.0000018
k16,0.0000796,4096,0.0000098,0.0000365,0.0000101
k2,0.0000345,8192,0.0000116,0.0000179,0.0000004
k4,0.0000415,8192,0.0000118,0.0000240,0.0000012
k8,0.0000636,8192,0.0000116,0.0000371,0.0000050
k16,0.0001259,8192,0.0000119,0.0000612,0.0000205
k2,0.0000552,16384,0.0000218,0.0000240,0.0000006
k4,0.0000687,16384,0.0000218,0.0000364,0.0000039
k8,0.0001020,16384,0.0000228,0.0000626,0.0000102
k16,0.0002015,16384,0.0000218,0.0001110,0.0000499
k2,0.0000705,32768,0.0000279,0.0000363,0.0000017
k4,0.0001020,32768,0.0000279,0.0000608,0.0000049
k8,0.0001688,32768,0.0000280,0.0001101,0.0000213
k16,0.0003603,32768,0.0000280,0.0002084,0.0001049
k2,0.0001113,65536,0.0000402,0.0000608,0.0000028
k4,0.0001703,65536,0.0000402,0.0001099,0.0000099
k8,0.0003175,65536,0.0000402,0.0002088,0.0000517
k16,0.0006931,65536,0.0000403,0.0004045,0.0002125
k2,0.0001857,131072,0.0000647,0.0001098,0.0000040
k4,0.0003128,131072,0.0000646,0.0002080,0.0000219
k8,0.0006081,131072,0.0000647,0.0004045,0.0001095
k16,0.0014434,131072,0.0000648,0.0007985,0.0005050
k2,0.0003430,262144,0.0001137,0.0002079,0.0000085
k4,0.0005979,262144,0.0001137,0.0004042,0.0000507
k8,0.0012173,262144,0.0001138,0.0007979,0.0002574
k16,0.0028256,262144,0.0001139,0.0015818,0.0010279
k2,0.0006565,524288,0.0002118,0.0004041,0.0000191
k4,0.0011792,524288,0.0002118,0.0007966,0.0001229
k8,0.0024158,524288,0.0002118,0.0015816,0.0005081
k16,0.0055880,524288,0.0002119,0.0031513,0.0020321
k2,0.0012903,1048576,0.0004080,0.0007965,0.0000437
k4,0.0023293,1048576,0.0004081,0.0015827,0.0002523
k8,0.0047764,1048576,0.0004080,0.0031512,0.0010043
k16,0.0111780,1048576,0.0004082,0.0062905,0.0040121
k2,0.0025569,2097152,0.0008004,0.0015812,0.0000999
k4,0.0046048,2097152,0.0008004,0.0031508,0.0004894
k8,0.0094188,2097152,0.0008004,0.0062901,0.0020004
k16,0.0222866,2097152,0.0008005,0.0125682,0.0082313
conges
k2,0.0000130,256,0.0000000,0.0000000,0.0000000
k4,0.0000138,256,0.0000000,0.0000000,0.0000000
k8,0.0000176,256,0.0000000,0.0000000,0.0000000
k16,0.0000253,256,0.0000000,0.0000000,0.0000000
k2,0.0000124,512,0.0000000,0.0000000,0.0000000
k4,0.0000133,512,0.0000000,0.0000000,0.0000000
k8,0.0000155,512,0.0000000,0.0000000,0.0000000
k16,0.0000241,512,0.0000000,0.0000000,0.0000000
k2,0.0000135,1024,0.0000000,0.0000000,0.0000000
k4,0.0000153,1024,0.0000000,0.0000000,0.0000000
k8,0.0000194,1024,0.0000000,0.0000000,0.0000000
k16,0.0000276,1024,0.0000000,0.0000000,0.0000000
k2,0.0000147,2048,0.0000000,0.0000000,0.0000000
k4,0.0000169,2048,0.0000000,0.0000000,0.0000000
k8,0.0000228,2048,0.0000000,0.0000000,0.0000000
k16,0.0000318,2048,0.0000000,0.0000000,0.0000000
k2,0.0000215,4096,0.0000000,0.0000000,0.0000000
k4,0.0000266,4096,0.0000000,0.0000000,0.0000000
k8,0.0000361,4096,0.0000000,0.0000000,0.0000000
k16,0.0000590,4096,0.0000000,0.0000000,0.0000000
k2,0.0000276,8192,0.0000000,0.0000000,0.0000000
k4,0.0000372,8192,0.0000000,0.0000000,0.0000000
k8,0.0000535,8192,0.0000000,0.0000000,0.0000000
k16,0.0000941,8192,0.0000000,0.0000000,0.0000000
k2,0.0000500,16384,0.0000000,0.0000000,0.0000000
k4,0.0000625,16384,0.0000000,0.0000000,0.0000000
k8,0.0000881,16384,0.0000000,0.0000000,0.0000000
k16,0.0001415,16384,0.0000000,0.0000000,0.0000000
k2,0.0000683,32768,0.0000000,0.0000000,0.0000000
k4,0.0000931,32768,0.0000000,0.0000000,0.0000000
k8,0.0001437,32768,0.0000000,0.0000000,0.0000000
k16,0.0002714,32768,0.0000000,0.0000000,0.0000000
k2,0.0001051,65536,0.0000000,0.0000000,0.0000000
k4,0.0001555,65536,0.0000000,0.0000000,0.0000000
k8,0.0002531,65536,0.0000000,0.0000000,0.0000000
k16,0.0004578,65536,0.0000000,0.0000000,0.0000000
k2,0.0001786,131072,0.0000000,0.0000000,0.0000000
k4,0.0002771,131072,0.0000000,0.0000000,0.0000000
k8,0.0004736,131072,0.0000000,0.0000000,0.0000000
k16,0.0008731,131072,0.0000000,0.0000000,0.0000000
k2,0.0003258,262144,0.0000000,0.0000000,0.0000000
k4,0.0005238,262144,0.0000000,0.0000000,0.0000000
k8,0.0009161,262144,0.0000000,0.0000000,0.0000000
k16,0.0017063,262144,0.0000000,0.0000000,0.0000000
k2,0.0006201,524288,0.0000000,0.0000000,0.0000000
k4,0.0010127,524288,0.0000000,0.0000000,0.0000000
k8,0.0017992,524288,0.0000000,0.0000000,0.0000000
k16,0.0033893,524288,0.0000000,0.0000000,0.0000000
k2,0.0012086,1048576,0.0000000,0.0000000,0.0000000
k4,0.0019935,1048576,0.0000000,0.0000000,0.0000000
k8,0.0035649,1048576,0.0000000,0.0000000,0.0000000
k16,0.0067077,1048576,0.0000000,0.0000000,0.0000000
k2,0.0023857,2097152,0.0000000,0.0000000,0.0000000
k4,0.0039553,2097152,0.0000000,0.0000000,0.0000000
k8,0.0070947,2097152,0.0000000,0.0000000,0.0000000
k16,0.0134281,2097152,0.0000000,0.0000000,0.0000000
mttree
k2,0.0000149,256,0.0000000,0.0000000,0.0000000
k4,0.0000204,256,0.0000000,0.0000000,0.0000000
k8,0.0000304,256,0.0000000,0.0000000,0.0000000
k16,0.0000552,256,0.0000000,0.0000000,0.0000000
k2,0.0000140,512,0.0000000,0.0000000,0.0000000
k4,0.0000182,512,0.0000000,0.0000000,0.0000000
k8,0.0000286,512,0.0000000,0.0000000,0.0000000
k16,0.0000491,512,0.0000000,0.0000000,0.0000000
k2,0.0000154,1024,0.0000000,0.0000000,0.0000000
k4,0.0000211,1024,0.0000000,0.0000000,0.0000000
k8,0.0000315,1024,0.0000000,0.0000000,0.0000000
k16,0.0000561,1024,0.0000000,0.0000000,0.0000000
k2,0.0000180,2048,0.0000000,0.0000000,0.0000000
k4,0.0000230,2048,0.0000000,0.0000000,0.0000000
k8,0.0000381,2048,0.0000000,0.0000000,0.0000000
k16,0.0000631,2048,0.0000000,0.0000000,0.0000000
k2,0.0000250,4096,0.0000000,0.0000000,0.0000000
k4,0.0000374,4096,0.0000000,0.0000000,0.0000000
k8,0.0000620,4096,0.0000000,0.0000000,0.0000000
k16,0.0001123,4096,0.0000000,0.0000000,0.0000000
k2,0.0000312,8192,0.0000000,0.0000000,0.0000000
k4,0.0000476,8192,0.0000000,0.0000000,0.0000000
k8,0.0000794,8192,0.0000000,0.0000000,0.0000000
k16,0.0001467,8192,0.0000000,0.0000000,0.0000000
k2,0.0000616,16384,0.0000000,0.0000000,0.0000000
k4,0.0000976,16384,0.0000000,0.0000000,0.0000000
k8,0.0001695,16384,0.0000000,0.0000000,0.0000000
k16,0.0003172,16384,0.0000000,0.0000000,0.0000000
k2,0.0000800,32768,0.0000000,0.0000000,0.0000000
k4,0.0001282,32768,0.0000000,0.0000000,0.0000000
k8,0.0002260,32768,0.0000000,0.0000000,0.0000000
k16,0.0004219,32768,0.0000000,0.0000000,0.0000000
k2,0.0001168,65536,0.0000000,0.0000000,0.0000000
k4,0.0001895,65536,0.0000000,0.0000000,0.0000000
k8,0.0003363,65536,0.0000000,0.0000000,0.0000000
k16,0.0006300,65536,0.0000000,0.0000000,0.0000000
k2,0.0001904,131072,0.0000000,0.0000000,0.0000000
k4,0.0003121,131072,0.0000000,0.0000000,0.0000000
k8,0.0005558,131072,0.0000000,0.0000000,0.0000000
k16,0.0010466,131072,0.0000000,0.0000000,0.0000000
k2,0.0003375,262144,0.0000000,0.0000000,0.0000000
k4,0.0005587,262144,0.0000000,0.0000000,0.0000000
k8,0.0010000,262144,0.0000000,0.0000000,0.0000000
k16,0.0018802,262144,0.0000000,0.0000000,0.0000000
k2,0.0006318,524288,0.0000000,0.0000000,0.0000000
k4,0.0010478,524288,0.0000000,0.0000000,0.0000000
k8,0.0018818,524288,0.0000000,0.0000000,0.0000000
k16,0.0035484,524288,0.0000000,0.0000000,0.0000000
k2,0.0012203,1048576,0.0000000,0.0000000,0.0000000
k4,0.0020286,1048576,0.0000000,0.0000000,0.0000000
k8,0.0036456,1048576,0.0000000,0.0000000,0.0000000
k16,0.0068825,1048576,0.0000000,0.0000000,0.0000000
k2,0.0023973,2097152,0.0000000,0.0000000,0.0000000
k4,0.0039904,2097152,0.0000000,0.0000000,0.0000000
k8,0.0071770,2097152,0.0000000,0.0000000,0.0000000
k16,0.0135534,2097152,0.0000000,0.0000000,0.0000000


k2,0.0000129,256,0.0000063,0.0000024,0.0000000
k4,0.0000132,256,0.0000063,0.0000025,0.0000001
k8,0.0000168,256,0.0000063,0.0000037,0.0000002
k16,0.0000491,256,0.0000063,0.0000064,0.0000005
k2,0.0000130,512,0.0000060,0.0000025,0.0000001
k4,0.0000135,512,0.0000060,0.0000030,0.0000001
k8,0.0000203,512,0.0000060,0.0000057,0.0000002
k16,0.0000603,512,0.0000061,0.0000080,0.0000008
k2,0.0000140,1024,0.0000065,0.0000030,0.0000001
k4,0.0000173,1024,0.0000064,0.0000057,0.0000002
k8,0.0000229,1024,0.0000065,0.0000086,0.0000004
k16,0.0000358,1024,0.0000065,0.0000181,0.0000016
k2,0.0000172,2048,0.0000069,0.0000056,0.0000002
k4,0.0000216,2048,0.0000070,0.0000078,0.0000003
k8,0.0000329,2048,0.0000069,0.0000179,0.0000008
k16,0.0000477,2048,0.0000071,0.0000241,0.0000044
k2,0.0000221,4096,0.0000096,0.0000077,0.0000003
k4,0.0000376,4096,0.0000097,0.0000187,0.0000006
k8,0.0000432,4096,0.0000096,0.0000250,0.0000023
k16,0.0000743,4096,0.0000098,0.0000388,0.0000101
k2,0.0000344,8192,0.0000116,0.0000178,0.0000004
k4,0.0000510,8192,0.0000117,0.0000241,0.0000012
k8,0.0000604,8192,0.0000117,0.0000363,0.0000046
k16,0.0001378,8192,0.0000120,0.0000611,0.0000209
k2,0.0000509,16384,0.0000218,0.0000240,0.0000006
k4,0.0000704,16384,0.0000218,0.0000363,0.0000024
k8,0.0000991,16384,0.0000219,0.0000615,0.0000101
k16,0.0002000,16384,0.0000219,0.0001103,0.0000513
k2,0.0000701,32768,0.0000279,0.0000362,0.0000014
k4,0.0001033,32768,0.0000280,0.0000618,0.0000049
k8,0.0001713,32768,0.0000279,0.0001100,0.0000218
k16,0.0003637,32768,0.0000280,0.0002084,0.0001080
k2,0.0001093,65536,0.0000401,0.0000608,0.0000028
k4,0.0001698,65536,0.0000402,0.0001099,0.0000099
k8,0.0003179,65536,0.0000402,0.0002088,0.0000514
k16,0.0007288,65536,0.0000403,0.0004046,0.0002053
k2,0.0001858,131072,0.0000647,0.0001098,0.0000040
k4,0.0003100,131072,0.0000647,0.0002080,0.0000211
k8,0.0006065,131072,0.0000648,0.0004066,0.0001052
k16,0.0014497,131072,0.0000648,0.0007971,0.0005020
k2,0.0003467,262144,0.0001137,0.0002079,0.0000081
k4,0.0005957,262144,0.0001138,0.0004042,0.0000507
k8,0.0012149,262144,0.0001138,0.0007967,0.0002580
k16,0.0028370,262144,0.0001138,0.0015823,0.0010368
k2,0.0006576,524288,0.0002118,0.0004041,0.0000214
k4,0.0011767,524288,0.0002119,0.0007966,0.0001211
k8,0.0024109,524288,0.0002118,0.0015815,0.0005236
k16,0.0055736,524288,0.0002119,0.0031515,0.0019894
k2,0.0012942,1048576,0.0004080,0.0007965,0.0000435
k4,0.0023288,1048576,0.0004096,0.0015814,0.0002551
k8,0.0047866,1048576,0.0004080,0.0031512,0.0010096
k16,0.0111789,1048576,0.0004081,0.0062904,0.0040492
k2,0.0025549,2097152,0.0008003,0.0015812,0.0000960
k4,0.0046192,2097152,0.0008003,0.0031510,0.0004985
k8,0.0093978,2097152,0.0008003,0.0062901,0.0019845
k16,0.0222183,2097152,0.0008005,0.0125684,0.0080808
conges
k2,0.0000130,256,0.0000000,0.0000000,0.0000000
k4,0.0000145,256,0.0000000,0.0000000,0.0000000
k8,0.0000182,256,0.0000000,0.0000000,0.0000000
k16,0.0000242,256,0.0000000,0.0000000,0.0000000
k2,0.0000125,512,0.0000000,0.0000000,0.0000000
k4,0.0000133,512,0.0000000,0.0000000,0.0000000
k8,0.0000170,512,0.0000000,0.0000000,0.0000000
k16,0.0000224,512,0.0000000,0.0000000,0.0000000
k2,0.0000134,1024,0.0000000,0.0000000,0.0000000
k4,0.0000163,1024,0.0000000,0.0000000,0.0000000
k8,0.0000224,1024,0.0000000,0.0000000,0.0000000
k16,0.0000278,1024,0.0000000,0.0000000,0.0000000
k2,0.0000146,2048,0.0000000,0.0000000,0.0000000
k4,0.0000175,2048,0.0000000,0.0000000,0.0000000
k8,0.0000215,2048,0.0000000,0.0000000,0.0000000
k16,0.0000312,2048,0.0000000,0.0000000,0.0000000
k2,0.0000224,4096,0.0000000,0.0000000,0.0000000
k4,0.0000267,4096,0.0000000,0.0000000,0.0000000
k8,0.0000365,4096,0.0000000,0.0000000,0.0000000
k16,0.0000613,4096,0.0000000,0.0000000,0.0000000
k2,0.0000295,8192,0.0000000,0.0000000,0.0000000
k4,0.0000369,8192,0.0000000,0.0000000,0.0000000
k8,0.0000554,8192,0.0000000,0.0000000,0.0000000
k16,0.0000944,8192,0.0000000,0.0000000,0.0000000
k2,0.0000499,16384,0.0000000,0.0000000,0.0000000
k4,0.0000631,16384,0.0000000,0.0000000,0.0000000
k8,0.0000945,16384,0.0000000,0.0000000,0.0000000
k16,0.0001501,16384,0.0000000,0.0000000,0.0000000
k2,0.0000683,32768,0.0000000,0.0000000,0.0000000
k4,0.0000946,32768,0.0000000,0.0000000,0.0000000
k8,0.0001437,32768,0.0000000,0.0000000,0.0000000
k16,0.0002640,32768,0.0000000,0.0000000,0.0000000
k2,0.0001051,65536,0.0000000,0.0000000,0.0000000
k4,0.0001545,65536,0.0000000,0.0000000,0.0000000
k8,0.0002546,65536,0.0000000,0.0000000,0.0000000
k16,0.0004567,65536,0.0000000,0.0000000,0.0000000
k2,0.0001786,131072,0.0000000,0.0000000,0.0000000
k4,0.0002771,131072,0.0000000,0.0000000,0.0000000
k8,0.0004738,131072,0.0000000,0.0000000,0.0000000
k16,0.0008724,131072,0.0000000,0.0000000,0.0000000
k2,0.0003258,262144,0.0000000,0.0000000,0.0000000
k4,0.0005223,262144,0.0000000,0.0000000,0.0000000
k8,0.0009154,262144,0.0000000,0.0000000,0.0000000
k16,0.0017763,262144,0.0000000,0.0000000,0.0000000
k2,0.0006202,524288,0.0000000,0.0000000,0.0000000
k4,0.0010128,524288,0.0000000,0.0000000,0.0000000
k8,0.0017996,524288,0.0000000,0.0000000,0.0000000
k16,0.0034109,524288,0.0000000,0.0000000,0.0000000
k2,0.0012087,1048576,0.0000000,0.0000000,0.0000000
k4,0.0019937,1048576,0.0000000,0.0000000,0.0000000
k8,0.0035641,1048576,0.0000000,0.0000000,0.0000000
k16,0.0067561,1048576,0.0000000,0.0000000,0.0000000
k2,0.0023857,2097152,0.0000000,0.0000000,0.0000000
k4,0.0039554,2097152,0.0000000,0.0000000,0.0000000
k8,0.0070948,2097152,0.0000000,0.0000000,0.0000000
k16,0.0134363,2097152,0.0000000,0.0000000,0.0000000
mttree
k2,0.0000150,256,0.0000000,0.0000000,0.0000000
k4,0.0000208,256,0.0000000,0.0000000,0.0000000
k8,0.0000315,256,0.0000000,0.0000000,0.0000000
k16,0.0000544,256,0.0000000,0.0000000,0.0000000
k2,0.0000141,512,0.0000000,0.0000000,0.0000000
k4,0.0000190,512,0.0000000,0.0000000,0.0000000
k8,0.0000279,512,0.0000000,0.0000000,0.0000000
k16,0.0000485,512,0.0000000,0.0000000,0.0000000
k2,0.0000154,1024,0.0000000,0.0000000,0.0000000
k4,0.0000203,1024,0.0000000,0.0000000,0.0000000
k8,0.0000322,1024,0.0000000,0.0000000,0.0000000
k16,0.0000573,1024,0.0000000,0.0000000,0.0000000
k2,0.0000169,2048,0.0000000,0.0000000,0.0000000
k4,0.0000242,2048,0.0000000,0.0000000,0.0000000
k8,0.0000354,2048,0.0000000,0.0000000,0.0000000
k16,0.0000631,2048,0.0000000,0.0000000,0.0000000
k2,0.0000249,4096,0.0000000,0.0000000,0.0000000
k4,0.0000371,4096,0.0000000,0.0000000,0.0000000
k8,0.0000627,4096,0.0000000,0.0000000,0.0000000
k16,0.0001114,4096,0.0000000,0.0000000,0.0000000
k2,0.0000312,8192,0.0000000,0.0000000,0.0000000
k4,0.0000479,8192,0.0000000,0.0000000,0.0000000
k8,0.0000794,8192,0.0000000,0.0000000,0.0000000
k16,0.0001485,8192,0.0000000,0.0000000,0.0000000
k2,0.0000616,16384,0.0000000,0.0000000,0.0000000
k4,0.0000976,16384,0.0000000,0.0000000,0.0000000
k8,0.0001709,16384,0.0000000,0.0000000,0.0000000
k16,0.0003175,16384,0.0000000,0.0000000,0.0000000
k2,0.0000800,32768,0.0000000,0.0000000,0.0000000
k4,0.0001281,32768,0.0000000,0.0000000,0.0000000
k8,0.0002248,32768,0.0000000,0.0000000,0.0000000
k16,0.0004212,32768,0.0000000,0.0000000,0.0000000
k2,0.0001167,65536,0.0000000,0.0000000,0.0000000
k4,0.0001906,65536,0.0000000,0.0000000,0.0000000
k8,0.0003373,65536,0.0000000,0.0000000,0.0000000
k16,0.0006314,65536,0.0000000,0.0000000,0.0000000
k2,0.0001903,131072,0.0000000,0.0000000,0.0000000
k4,0.0003137,131072,0.0000000,0.0000000,0.0000000
k8,0.0005558,131072,0.0000000,0.0000000,0.0000000
k16,0.0010481,131072,0.0000000,0.0000000,0.0000000
k2,0.0003375,262144,0.0000000,0.0000000,0.0000000
k4,0.0005573,262144,0.0000000,0.0000000,0.0000000
k8,0.0009972,262144,0.0000000,0.0000000,0.0000000
k16,0.0018802,262144,0.0000000,0.0000000,0.0000000
k2,0.0006318,524288,0.0000000,0.0000000,0.0000000
k4,0.0010479,524288,0.0000000,0.0000000,0.0000000
k8,0.0018814,524288,0.0000000,0.0000000,0.0000000
k16,0.0035486,524288,0.0000000,0.0000000,0.0000000
k2,0.0012202,1048576,0.0000000,0.0000000,0.0000000
k4,0.0020286,1048576,0.0000000,0.0000000,0.0000000
k8,0.0036456,1048576,0.0000000,0.0000000,0.0000000
k16,0.0068817,1048576,0.0000000,0.0000000,0.0000000
k2,0.0023973,2097152,0.0000000,0.0000000,0.0000000
k4,0.0039904,2097152,0.0000000,0.0000000,0.0000000
k8,0.0071772,2097152,0.0000000,0.0000000,0.0000000
k16,0.0135521,2097152,0.0000000,0.0000000,0.0000000
